K,Rem,cdrag
0.6,2795.8743214243827,2.1418678794450376
0.6,2795.8743214243827,2.1235127720249274
0.6,2310.7320837013167,2.097986810217284
0.6,2795.7762435891173,2.1419020068364567
0.6,2795.7762435891173,2.12358222131481
0.6,2310.5920736049,2.098080309199114
0.6,2795.615759120679,2.141954971185664
0.6,2795.615759120679,2.123690804485249
0.6,2310.3710202401526,2.0982336200353573
0.6,2795.401792447265,2.142028238809727
0.6,2795.401792447265,2.123847832798869
0.6,2310.054209555748,2.098453100321394
0.6,2795.1165259787604,2.1421241765097503
0.6,2795.1165259787604,2.1240478205400195
0.6,2309.6490423347554,2.098736209255821
0.6,2794.7778053366287,2.142237786325791
0.6,2794.7778053366287,2.124287857682599
0.6,2309.162924247767,2.09907679521589
0.6,2794.367823434722,2.142376726069396
0.6,2794.367823434722,2.124579355607583
0.6,2308.5738109443946,2.0994861678667864
0.6,2793.904429385141,2.142533356049664
0.6,2793.904429385141,2.124910971423473
0.6,2307.9038553694268,2.099953154498436
0.6,2793.369827994003,2.1427153395328182
0.6,2793.369827994003,2.1252903381603647
0.6,2307.1384013481525,2.100485343442044
0.6,2792.7729628405123,2.1429162203880483
0.6,2792.7729628405123,2.1257128519788044
0.6,2306.284889216341,2.101077788285923
0.6,2792.122774835368,2.1431374744318346
0.6,2792.122774835368,2.126180284055035
0.6,2305.343405055334,2.10173694248352
0.6,2791.410392998888,2.143377655480568
0.6,2791.410392998888,2.126687175654085
0.6,2304.3213949175333,2.102456585572634
0.6,2790.62695767242,2.1436432568098467
0.6,2790.62695767242,2.127245857391954
0.6,2303.1969090656594,2.1032419070225137
0.6,2789.781420734128,2.143930470206041
0.6,2789.781420734128,2.127848801123028
0.6,2301.9847688045893,2.104089292410578
0.6,2788.882728580789,2.144235484623915
0.6,2788.882728580789,2.128492276227381
0.6,2300.692437065169,2.104998897524966
0.6,2787.9220324838725,2.1445621536693253
0.6,2787.9220324838725,2.129183981362191
0.6,2299.305358686113,2.10597466394554
0.6,2786.8904977911748,2.1449116900123264
0.6,2786.8904977911748,2.129919339769065
0.6,2297.8310176350387,2.107011707162265
0.6,2785.805969823364,2.1452817453229787
0.6,2785.805969823364,2.130700166975649
0.6,2296.2695619090305,2.1081128123541437
0.6,2784.65073344847,2.145674724463316
0.6,2784.65073344847,2.131528663523817
0.6,2294.6138241475364,2.10927937432412
0.6,2783.433747554263,2.1460894695138646
0.6,2783.433747554263,2.132401983519044
0.6,2292.871303225325,2.110512919157384
0.6,2782.155083504822,2.1465260120765524
0.6,2782.155083504822,2.1333240670739544
0.6,2291.0348596170456,2.1118136893715205
0.6,2780.823690313912,2.14698054144869
0.6,2780.823690313912,2.134283555023493
0.6,2289.126618078026,2.1131705394032547
0.6,2779.421894398468,2.1474581268801227
0.6,2779.421894398468,2.135291189763085
0.6,2287.124828100986,2.1145976132404023
0.6,2777.99395830744,2.148649045909912
0.6,2777.99395830744,2.136577533168514
0.6,2284.4719172783707,2.1179611684971835
0.6,2776.469343513694,2.149170513288104
0.6,2776.469343513694,2.137676067392726
0.6,2282.298802527873,2.119518456089868
0.6,2774.8834598216813,2.149713961774816
0.6,2774.8834598216813,2.1388240492852044
0.6,2280.0328156025234,2.1211444038965808
0.6,2773.236399857614,2.1502794330006507
0.6,2773.236399857614,2.140021642409649
0.6,2277.674200728506,2.122839335553945
0.6,2771.537107837052,2.150863112122944
0.6,2771.537107837052,2.14125745260533
0.6,2275.245020504897,2.124592071783169
0.6,2769.767982242325,2.151472758103252
0.6,2769.767982242325,2.142550914244272
0.6,2272.70916216947,2.126425979987409
0.6,2767.9379790246,2.1521019008375983
0.6,2767.9379790246,2.1438820518208
0.6,2270.1032164508147,2.1283170634891646
0.6,2766.056037485808,2.15275204416978
0.6,2766.056037485808,2.1452643524676853
0.6,2267.405653990568,2.130279834331376
0.6,2764.1045966231777,2.153425644093327
0.6,2764.1045966231777,2.1466924075964178
0.6,2264.624003536597,2.1323082036155414
0.6,2762.0926078897432,2.1541215504307565
0.6,2762.0926078897432,2.1481672728872905
0.6,2261.758539154524,2.134407742081374
0.6,2760.0290040238865,2.154835942521953
0.6,2760.0290040238865,2.149689144850251
0.6,2258.8095427057224,2.1365749919413
0.6,2757.8962674216345,2.155576621573479
0.6,2757.8962674216345,2.151262118536432
0.6,2255.7700883857947,2.13881036980926
0.6,2755.712147251865,2.156335892935733
0.6,2755.712147251865,2.1528786261910327
0.6,2252.654912881395,2.141114306753657
0.6,2753.450358819184,2.1571227881655703
0.6,2753.450358819184,2.1545497083691534
0.6,2249.442701541055,2.1434976587708565
0.6,2751.137444025874,2.1579283931440183
0.6,2751.137444025874,2.1562647646756328
0.6,2246.1553875301865,2.145916331343848
0.6,2748.7647325874,2.158756650964245
0.6,2748.7647325874,2.158031841014008
0.6,2242.7789052374037,2.148136187138244
0.6,2746.349916914756,2.159602511277069
0.6,2746.349916914756,2.1598402974977278
0.6,2239.335120463743,2.150418839636997
0.6,2743.849241430943,2.160477487349751
0.6,2743.849241430943,2.161703443160368
0.6,2235.7956702880483,2.152764213490062
0.6,2741.3067311362865,2.1613701930453675
0.6,2741.3067311362865,2.1636163149784866
0.6,2232.175256322743,2.1551732014661207
0.6,2738.704976700933,2.162285812902613
0.6,2738.704976700933,2.1655743560932352
0.6,2228.4813683355887,2.157644901232129
0.6,2736.0266293994696,2.163229557303896
0.6,2736.0266293994696,2.16758879335602
0.6,2224.692944179558,2.160181937078025
0.6,2733.2981117764502,2.1641924611889363
0.6,2733.2981117764502,2.1696568617252048
0.6,2220.8175298737965,2.1627966922473263
0.6,2730.519557338176,2.165177269954498
0.6,2730.519557338176,2.171588398008673
0.6,2217.0600390926606,2.165462758329265
0.6,2727.6736501636383,2.166186528678688
0.6,2727.6736501636383,2.173496233752905
0.6,2213.293746060751,2.168195574269544
0.6,2724.778012047773,2.167215159325536
0.6,2724.778012047773,2.175444642108894
0.6,2209.460438779148,2.1709934257415693
0.6,2721.806655350244,2.1682723319173998
0.6,2721.806655350244,2.1774435693976875
0.6,2205.540603230891,2.173859040487977
0.3,2679.355890230724,2.300661245290329
0.3,2679.355890230724,2.6926002345738738
0.3,2021.048228994758,2.994071208991476
0.324,2669.269697285865,2.402162547896864
0.324,2669.269697285865,2.860585043296812
0.324,2014.378659789718,2.7616052616316136
0.349,2652.667710516305,2.470372798634524
0.349,2652.667710516305,2.5503876699457013
0.349,2132.14966140393,2.5201850812661686
0.373,2747.352168898268,2.42828075700288
0.373,2747.352168898268,2.6677490063282656
0.373,2038.124580678786,2.3152774550360857
0.398,2785.964355925049,2.288730291012064
0.398,2785.964355925049,2.5425310891102746
0.398,2198.834422894377,2.405074123445359
0.422,2772.8092869244083,2.350266158680093
0.422,2772.8092869244083,2.387042070586584
0.422,2189.980335323998,2.382105562313889
0.447,2746.7369709661907,2.283899667746281
0.447,2746.7369709661907,2.320559989982904
0.447,2164.562039745466,2.396365621596789
0.471,2721.797762791972,2.463953626486871
0.471,2721.797762791972,2.3907718838086263
0.471,2208.4740533168742,2.482575491161147
0.496,2802.069512508172,2.4135873017161336
0.496,2802.069512508172,2.4250035061600586
0.496,2129.616515607784,2.3357975827628428
0.52,2796.8187716208818,2.210813174570652
0.52,2796.8187716208818,2.5301065195737413
0.52,2202.686101121488,2.3799030731318376
0.545,2752.8591947945265,2.2148950997047865
0.545,2752.8591947945265,2.3753457320899223
0.545,2271.5428010253013,2.3128781755301824
0.569,2781.5493448262696,2.1681058352486025
0.569,2781.5493448262696,2.2556057718206164
0.569,2327.23030200842,2.161089439876028
0.594,2781.1077557050794,2.145511192694899
0.594,2781.1077557050794,2.1546186978199584
0.594,2374.4235936125037,2.129135984477856
0.618,2831.5412952157944,2.0866015145572945
0.618,2831.5412952157944,2.074665907865463
0.618,2336.494222263977,2.1494664016113045
0.643,2778.6305445573794,2.197492217550088
0.643,2778.6305445573794,2.112601110940148
0.643,2360.190992586871,2.084789439967976
0.667,2791.550005345568,1.9768147843544028
0.667,2791.550005345568,2.0653506584102623
0.667,2454.982642340087,1.9958381546787591
0.692,2756.0720595687885,2.033942307155076
0.692,2756.0720595687885,2.259694214219493
0.692,2345.930074934338,1.8190083432754351
0.716,2731.217717786696,2.0963569115689107
0.716,2731.217717786696,1.9265438058136444
0.716,2408.9978514094487,2.087252631307223
0.741,2725.107311783535,1.9859465080847387
0.741,2725.107311783535,1.8931934954464424
0.741,2486.863917602928,1.9357682399155611
0.765,2730.1330399487224,1.9897611154526984
0.765,2730.1330399487224,1.9858647465498285
0.765,2384.867875901945,1.966171709403894
0.79,2727.637459828829,1.8845508726936384
0.79,2727.637459828829,2.1001678949088136
0.79,2427.982152776427,1.7475387070719235
0.814,2702.093241850254,1.963235675679781
0.814,2702.093241850254,1.977995327951813
0.814,2448.3605493250743,1.8534243407825388
0.3,2609.812931733048,2.348515377412963
0.3,2609.812931733048,2.782729049676229
0.3,2026.038091846313,3.041311455335212
0.324,2630.9683482019923,2.4156892881593
0.324,2630.9683482019923,2.9030349987164903
0.324,1955.9478705303063,2.832110093688848
0.349,2617.308870165792,2.4853827935872648
0.349,2617.308870165792,2.583212931979751
0.349,2075.9844110661497,2.577376084437593
0.373,2710.9438112463536,2.440698304669382
0.373,2710.9438112463536,2.7031503963171515
0.373,1985.8948630846544,2.3680846507844278
0.398,2749.0519318473443,2.3006518455550675
0.398,2749.0519318473443,2.57395181899459
0.398,2142.3941775119238,2.458510729690937
0.422,2737.532805370319,2.362900302669557
0.422,2737.532805370319,2.416979386051352
0.422,2136.860617463484,2.4319497788188142
0.447,2710.5792837642043,2.296620489041036
0.447,2710.5792837642043,2.350678344156066
0.447,2111.3624797029893,2.446672229042949
0.471,2684.5781867970027,2.478804994269977
0.471,2684.5781867970027,2.4212893500248045
0.471,2154.340115474453,2.5332630728978054
0.496,2763.169340512596,2.427507728608538
0.496,2763.169340512596,2.458311090073972
0.496,2075.739986490617,2.384130110043645
0.52,2760.311604288121,2.222763840497211
0.52,2760.311604288121,2.5609660978557334
0.52,2150.208872553035,2.427704535041914
0.545,2715.9612017209934,2.228070746993034
0.545,2715.9612017209934,2.40530605547603
0.545,2216.7640189778326,2.358606654642591
0.569,2744.600094950232,2.181170081852036
0.569,2744.600094950232,2.283570574119962
0.569,2272.0248956640144,2.2034716591358703
0.594,2744.725662908954,2.158463204328245
0.594,2744.725662908954,2.18001429301505
0.594,2320.169828259222,2.1694141812163723
0.618,2793.8743936366704,2.098766605873664
0.618,2793.8743936366704,2.0994406096225084
0.618,2282.9317382775325,2.189952819535287
0.643,2740.099559387163,2.211583798560657
0.643,2740.099559387163,2.1388237023391974
0.643,2304.3733690605104,2.124325191655393
0.667,2753.139023370636,1.989705023283344
0.667,2753.139023370636,2.0904634502168298
0.667,2397.6445803402157,2.032790523632861
0.692,2718.0363106750683,2.046659711979724
0.692,2718.0363106750683,2.2879439310091203
0.692,2291.23435055115,1.853303339137556
0.716,2693.5249764350524,2.110211366367114
0.716,2693.5249764350524,1.948662180312908
0.716,2354.119856058764,2.1265750874250577
0.741,2687.9283762015043,1.9994241516016995
0.741,2687.9283762015043,1.9151392505690945
0.741,2430.873317420169,1.9706423221451537
0.765,2692.3692238545127,2.002643012566084
0.765,2692.3692238545127,2.0099432701846363
0.765,2330.606703350064,2.0017409774522195
0.79,2690.0371047825865,1.896878504818033
0.79,2690.0371047825865,2.12524653296414
0.79,2373.9781684376558,1.77826508492194
0.814,2663.7550711628005,1.9769551970313208
0.814,2663.7550711628005,2.001761894814814
0.814,2392.7619721610085,1.8856982935101707
0.3,2907.1854718320824,2.4653134312649523
0.3,2907.1854718320824,2.5244076557905792
0.3,2335.5808665451887,2.6571154874174376
0.324,2843.026835705093,2.4796849742287583
0.324,2843.026835705093,2.7446524573757105
0.324,2329.5070107058004,2.5647911140060566
0.349,2978.3550200832024,2.294233444055506
0.349,2978.3550200832024,2.4680506212977886
0.349,2372.5505293529686,2.584346554108921
0.373,2968.7774467057598,2.351270676805333
0.373,2968.7774467057598,2.6004510027425454
0.373,2300.509573098214,2.597919294813132
0.398,3050.4501131977117,2.078521261970794
0.398,3050.4501131977117,2.35935570942126
0.398,2392.765553343488,2.4283457900061407
0.422,3064.3646171035016,2.287102915470785
0.422,3064.3646171035016,2.2008452483678704
0.422,2478.4236467863543,2.5843834182654075
0.447,2964.3096437474096,2.231504634376526
0.447,2964.3096437474096,2.514394091803584
0.447,2432.4020470907653,2.583083049226613
0.471,3028.815260657489,2.212833185849213
0.471,3028.815260657489,2.4533781979467677
0.471,2370.31697537134,2.2723552852475817
0.496,2923.8877625409805,2.369845282815808
0.496,2923.8877625409805,2.4857226320003813
0.496,2454.505424729679,2.4436017912147725
0.52,2987.879648353525,2.2394798077048743
0.52,2987.879648353525,2.504329602641042
0.52,2380.169877649353,2.3541328950946263
0.545,3020.005865757772,2.135475009597306
0.545,3020.005865757772,2.31714592355096
0.545,2520.4116966249458,2.2021046544019773
0.569,2997.696458633263,2.036283886423432
0.569,2997.696458633263,2.132485797517898
0.569,2595.707679060381,2.2492666143804274
0.594,2972.4507447044107,2.098098681334066
0.594,2972.4507447044107,2.15072331620654
0.594,2581.483274206387,2.062021336054305
0.618,2958.260118814895,2.030587040528393
0.618,2958.260118814895,2.016495517413692
0.618,2713.26432581548,2.034552209813901
0.643,2956.375744274174,1.997146037882418
0.643,2956.375744274174,2.148830985401573
0.643,2621.418085862596,2.1143945159733653
0.667,2964.538888598995,1.9369933879021903
0.667,2964.538888598995,2.144018114842325
0.667,2610.886779716289,2.119005214499567
0.692,2948.812236296425,1.86346159098044
0.692,2948.812236296425,1.9000762981373616
0.692,2657.0421555599783,2.151682123682543
0.716,2874.972545411259,2.032975537856201
0.716,2874.972545411259,1.9976776510592724
0.716,2632.998933141328,2.088927316959448
0.741,2878.3135778349447,1.9220288383037103
0.741,2878.3135778349447,1.7855271914896529
0.741,2729.459441245567,1.969065487408465
0.765,2856.5333447098506,2.025196814478821
0.765,2856.5333447098506,2.103536555905348
0.765,2479.25238251083,2.224678450726206
0.79,2833.57832938612,1.90878964124285
0.79,2833.57832938612,1.8993804640451712
0.79,2711.8401111292646,2.0280193595351843
0.814,2827.3762066535733,1.9655413769049
0.814,2827.3762066535733,1.9765590601513148
0.814,2571.220511860656,2.1361029826624653
0.3,2849.3454715235757,2.43535255807932
0.3,2849.3454715235757,2.691868283823735
0.3,2127.560534203579,2.755497289107592
0.324,2713.5539404708948,2.5203932643790856
0.324,2713.5539404708948,2.7853113671637377
0.324,2225.302189032984,2.63013591385584
0.349,2842.649636687468,2.327650338447791
0.349,2842.649636687468,2.508969233224105
0.349,2266.1837637931567,2.646221732399776
0.373,2833.4900376268806,2.384084294866182
0.373,2833.4900376268806,2.6504636714962406
0.373,2197.359835499721,2.6601184594553207
0.398,2911.405258332309,2.106152739363901
0.398,2911.405258332309,2.4025312139585684
0.398,2285.282551742236,2.484976532610314
0.422,2924.627387483211,2.3240398496283587
0.422,2924.627387483211,2.236524684461066
0.422,2367.0604715622235,2.6459288624713317
0.447,2829.080940991533,2.2689883266824844
0.447,2829.080940991533,2.559597747824113
0.447,2323.018531066853,2.647717551440592
0.471,2890.727279295525,2.245460486072868
0.471,2890.727279295525,2.5045628654573626
0.471,2263.7284384266272,2.331042640994161
0.496,2790.718010133485,2.4138907664711926
0.496,2790.718010133485,2.5381335559384866
0.496,2344.258112248202,2.499947411962554
0.52,2851.7795432900857,2.275263497423455
0.52,2851.7795432900857,2.560405327288447
0.52,2273.2504813427536,2.4116333896915974
0.545,2882.430262906915,2.173280839130865
0.545,2882.430262906915,2.366569707706018
0.545,2407.091788226056,2.2475360963594766
0.569,2861.014105868109,2.075410063951113
0.569,2861.014105868109,2.1706932851795258
0.569,2478.901593752655,2.3058537263255747
0.594,2837.0523525448907,2.1392389425228946
0.594,2837.0523525448907,2.1946608166200785
0.594,2465.424663490593,2.112873060963711
0.618,2823.487070854358,2.075592001154869
0.618,2823.487070854358,2.053550637210646
0.618,2591.1702227890223,2.0812375407562964
0.643,2821.780278304985,2.037884569607079
0.643,2821.780278304985,2.191373819630974
0.643,2503.577113075768,2.162661161383616
0.667,2829.602467807328,1.9755442075979968
0.667,2829.602467807328,2.186179392023482
0.667,2493.5124920983385,2.1713547565980726
0.692,2814.590727027304,1.902403137755642
0.692,2814.590727027304,1.938183428712133
0.692,2537.560145810124,2.2026801044982256
0.716,2744.0820882140306,2.0780636595486177
0.716,2744.0820882140306,2.0382902993283807
0.716,2514.564659465468,2.1379900079542
0.741,2747.228977999789,1.9677788635960063
0.741,2747.228977999789,1.820343738129359
0.741,2606.5667791904093,2.017342376219253
0.765,2726.484465164173,2.0649152645509705
0.765,2726.484465164173,2.148032528545849
0.765,2367.7036308819474,2.286161632611571
0.79,2704.5543444503446,1.9551755779842312
0.79,2704.5543444503446,1.9360217553416328
0.79,2589.770182319264,2.0791768575760705
0.814,2698.7476944575133,2.0082036998429085
0.814,2698.7476944575133,2.017304829764908
0.814,2455.5693372217897,2.1916859427134385
0.3,8534.893084703353,2.123308650228056
0.3,8534.893084703353,2.223830682737471
0.3,6706.130819754945,2.3545372307488126
0.324,8174.960747340116,2.276070341621946
0.324,8174.960747340116,2.386929242334465
0.324,6610.946181119483,2.116045715067744
0.349,8663.728442436863,2.0292466964050067
0.349,8663.728442436863,2.1603048404712557
0.349,6884.3659781742845,2.314175890010327
0.373,8503.829269412488,2.092836014165236
0.373,8503.829269412488,2.3457245650614325
0.373,6659.844453239944,2.425572053159355
0.398,8800.516089873861,1.8000662689824038
0.398,8800.516089873861,2.1450524566132976
0.398,6906.890007723249,2.19741942908472
0.422,8838.266008440114,1.99335404867553
0.422,8838.266008440114,1.8992074571123152
0.422,7371.245644312059,2.310971659202673
0.447,8569.096489549747,1.6915589460482736
0.447,8569.096489549747,2.200188492523222
0.447,6995.803941223411,2.171061032551121
0.471,8697.377564534056,1.8693232305513747
0.471,8697.377564534056,2.1440523721905462
0.471,6811.906175506413,1.8731624657769868
0.496,8283.218658626965,2.17729134278948
0.496,8283.218658626965,2.3704465671574098
0.496,6945.681454304099,2.249884089076314
0.52,8473.793743525286,1.923239109218356
0.52,8473.793743525286,2.2852952462823364
0.52,6722.534660199848,2.1861739638242823
0.545,8520.753438462523,1.855563925140008
0.545,8520.753438462523,2.1223789503706807
0.545,7060.822254236153,2.070796293050866
0.569,8458.833495102288,1.7434543520687062
0.569,8458.833495102288,1.9606297910669983
0.569,7246.896012851935,1.9618205701934548
0.594,8429.628396256936,1.773754453513388
0.594,8429.628396256936,1.9827857039087224
0.594,7258.087964552628,1.899079159386128
0.618,8385.077766261764,1.7083495760596168
0.618,8385.077766261764,1.8391197714045315
0.618,7635.876140008206,1.816558523128235
0.643,8338.474876137509,1.7169048972947492
0.643,8338.474876137509,1.9197666403034264
0.643,7390.489473049488,1.9024276424741329
0.667,8376.338460510347,1.6563118772642913
0.667,8376.338460510347,1.9467754699162525
0.667,7384.130430919237,1.92845139213136
0.692,8302.205705915616,1.6216183182711368
0.692,8302.205705915616,1.7020476459080631
0.692,7508.688801059829,1.987941104126259
0.716,8082.746459506743,1.7712530655272565
0.716,8082.746459506743,1.7377810519208778
0.716,7536.312829908886,1.867875681165006
0.741,8095.767088147944,1.6769450078943782
0.741,8095.767088147944,1.5812310238857668
0.741,7693.173186255228,1.793175266151875
0.765,8044.94545585651,1.7727290060062606
0.765,8044.94545585651,1.8431393294482636
0.765,7046.284345731196,2.0128879472755443
0.79,7992.56221689336,1.6661986020865518
0.79,7992.56221689336,1.7136448970753038
0.79,7576.221333976639,1.725006145645072
0.814,7973.545307777414,1.7137665269955389
0.814,7973.545307777414,1.721096051562079
0.814,7284.676726785651,1.8543475122572848
0.6,2670.47369701924,2.0794894390987158
0.6,2670.47369701924,2.3915625162702505
0.6,2154.930730549653,2.0860862749448903
0.6,2666.3955554410545,2.188789321317303
0.6,2666.3955554410545,2.172824417218808
0.6,2153.8349099514357,2.3641803467985243
0.6,2682.7791655223127,2.176582396411441
0.6,2682.7791655223127,2.234833594941935
0.6,2227.8907346499263,2.182047772450276
0.6,2708.997066070533,2.140117370450732
0.6,2708.997066070533,2.3467621992619216
0.6,2204.60930719053,2.101713915535261
0.6,2706.160752874681,2.1927903689481285
0.6,2706.160752874681,2.157286013064612
0.6,2221.251881781791,2.0964054567330503
0.6,2699.3159951458874,2.1117055514103704
0.6,2699.3159951458874,2.149366950667846
0.6,2277.9015576112256,2.1899561686589104
0.6,2688.30249431276,2.142876597793096
0.6,2688.30249431276,2.1905471967808725
0.6,2347.0802647436203,2.220085564506224
0.6,2735.236519849956,2.073876699717723
0.6,2735.236519849956,2.1599467803977688
0.6,2287.309863904852,2.176186107043159
0.6,2729.3226358485176,2.153311170866333
0.6,2729.3226358485176,2.008400464392312
0.6,2381.322232478572,2.267080536826612
0.6,2751.428901806815,2.155217708227584
0.6,2751.428901806815,2.4027662508063994
0.6,2239.761788149813,2.2862930000920616
0.6,2756.6747728535365,2.1841847566270585
0.6,2756.6747728535365,2.13253898745566
0.6,2292.069572291084,2.2560457392176603
0.6,2733.988968527855,2.2063753475408707
0.6,2733.988968527855,2.090443482487006
0.6,2336.1178453141365,2.3253900661198488
0.6,2733.961038147803,2.1428455947971043
0.6,2733.961038147803,2.0973056780140205
0.6,2394.5221907492064,2.084837377537417
0.6,2797.406511349999,2.1237535323032226
0.6,2797.406511349999,2.171489012443972
0.6,2384.563656228684,2.12262930908664
0.6,2813.6476884043213,2.094208526023165
0.6,2813.6476884043213,2.088933741434421
0.6,2365.11389931019,2.233862591380617
0.6,2842.024553508089,2.028023266993869
0.6,2842.024553508089,2.038096632190438
0.6,2368.86204800641,2.1557866519804367
0.6,2839.358639668877,2.0124445050319517
0.6,2839.358639668877,2.18237384850655
0.6,2481.871801626168,1.9263046687602448
0.6,2830.171335540372,2.086151130380893
0.6,2830.171335540372,2.227390768127385
0.6,2480.2512674250456,2.092167943506826
0.6,2840.4987792328247,2.265005670145724
0.6,2840.4987792328247,2.106775948031603
0.6,2420.7045530360315,1.999878975959504
0.6,2828.9344313049714,2.1811640377701784
0.6,2828.9344313049714,1.9614281052711355
0.6,2492.4982582949765,2.0911924390782373
0.6,2849.1898576825606,2.212639471145621
0.6,2849.1898576825606,2.051025156670323
0.6,2434.879380955049,2.069424997681287
0.6,2881.419725916872,2.1389062907834746
0.6,2881.419725916872,2.10751491869246
0.6,2522.4694920532274,2.356496194577091
0.6,2887.631925927093,2.172018299293324
0.6,2887.631925927093,2.130318517296665
0.6,2442.733354247965,2.316411161614549
0.6,2957.9169694918583,2.1351077853431097
0.6,2957.9169694918583,2.151954721794098
0.6,2391.907394518189,2.1439424773321094
0.6,2908.519665461008,2.139362391991772
0.6,2908.519665461008,2.2174620139590058
0.6,2409.6777148607453,2.099779244497377
0.6,2940.854578861114,2.0570706636499896
0.6,2940.854578861114,2.299051981953189
0.6,2498.1772025499267,1.9432331728104435
0.6,2890.794420456143,2.2370930549405017
0.6,2890.794420456143,2.117728146885744
0.6,2510.215992646404,2.0040666071934043
0.6,2920.411014502988,2.1555390589243144
0.6,2920.411014502988,2.1880122229625507
0.6,2484.8592010886987,2.121781508018729
0.6,2954.605121753022,2.197749913191655
0.6,2954.605121753022,2.2294783568641505
0.6,2425.661370319696,2.243407010473891
0.6,2949.237971356205,2.068072974996849
0.6,2949.237971356205,2.1241384931427447
0.6,2646.151676418666,2.045460324763016
0.6,2904.927319866308,2.128733279237195
0.6,2904.927319866308,2.1995096558651026
0.6,2606.2807185869224,2.2971959948822374
0.6,2943.9246754764904,2.142660575731776
0.6,2943.9246754764904,2.2803923801844674
0.6,2532.8635317737144,1.7997960699253384
0.6,2975.2905452331343,2.0660052410262773
0.6,2975.2905452331343,2.0360482895237246
0.6,2627.615242605689,1.9021425090350736
0.6,2993.291715175485,2.050050688207893
0.6,2993.291715175485,2.1119912235546923
0.6,2575.1676205582016,2.1162154879704405
0.6,2971.101808644069,2.161833502587458
0.6,2971.101808644069,2.204035089180077
0.6,2456.2305169875112,2.229166059163133
0.6,2967.1847426816057,2.141636106903041
0.6,2967.1847426816057,2.222378001562044
0.6,2587.288899107138,2.0440352687924195
0.6,2991.584282807322,2.205411127627642
0.6,2991.584282807322,2.1860466132928
0.6,2502.121496280324,2.241775279290416
0.6,2982.0874821045363,2.20805732076984
0.6,2982.0874821045363,2.3032137244422834
0.6,2524.6016771822497,2.362922833553902
0.6,3022.692218633181,2.115921704444584
0.6,3022.692218633181,2.200485582904108
0.6,2607.717861101756,2.0499491050762035
0.6,3000.343816756701,2.193052195687827
0.6,3000.343816756701,2.1267155506505246
0.6,2603.20498108164,2.0080716354716177
0.6,3067.440625327411,2.020083541852532
0.6,3067.440625327411,2.090053094730131
0.6,2627.9666384071807,2.078539369724942
0.6,3014.1204292037887,2.149444203344109
0.6,3014.1204292037887,1.879960158122552
0.6,2693.6395375805005,2.113417135455914
0.6,3036.908731720937,2.220556288757106
0.6,3036.908731720937,1.9743595410497925
0.6,2669.500527035983,2.129038256996896
0.6,2996.642330475827,2.1889875662764027
0.6,2996.642330475827,1.958204912704405
0.6,2768.6048950576387,2.070650128238026
0.6,3073.071404881965,2.051094262336571
0.6,3073.071404881965,1.9771870283012365
0.6,2740.1094391562638,2.1112402451481063
0.6,3023.771456789301,2.2526917190923657
0.6,3023.771456789301,1.9081124652913388
0.6,2735.3775898354656,2.164179923790225
0.6,3104.846132905326,2.0578195295791675
0.6,3104.846132905326,2.183247974354291
0.6,2599.22201487638,2.0978060554216165
0.6,3032.398695195867,2.1606010032980163
0.6,3032.398695195867,2.01047971824078
0.6,2725.8403270590466,2.0592569500650115
0.6,3056.3251281821867,2.134643755194689
0.6,3056.3251281821867,2.0726581986407027
0.6,2795.116355303079,2.3641680819789976
0.6,3084.633843224516,2.177866984463256
0.6,3084.633843224516,2.3545733975692564
0.6,2538.9080073968103,1.9752891573091456
0.6,2622.366039146519,2.079532472251189
0.6,2622.366039146519,2.427936616232468
0.6,2091.475578038911,2.1785783733519684
0.6,2630.017490499597,2.201641251392009
0.6,2630.017490499597,2.201355154086039
0.6,2101.340658632317,2.4123771193147032
0.6,2647.0668460625234,2.1867734450986287
0.6,2647.0668460625234,2.2593345143582733
0.6,2174.2257019804683,2.22596471143505
0.6,2674.622069811609,2.15303392131595
0.6,2674.622069811609,2.375918376948853
0.6,2147.103524284614,2.143360018195422
0.6,2669.318177550824,2.147976516316124
0.6,2669.318177550824,2.3260055478579638
0.6,2178.799120352057,2.1449715161001484
0.6,2662.5825416662683,2.124953203866843
0.6,2662.5825416662683,2.1761876880199567
0.6,2223.382428000459,2.237987230416771
0.6,2651.991311288574,2.156471972142046
0.6,2651.991311288574,2.215491068692218
0.6,2291.289830284172,2.2527576519223538
0.6,2698.783287007664,2.085551564546767
0.6,2698.783287007664,2.19166142033214
0.6,2233.898701389868,2.2146480326597646
0.6,2693.053511650403,2.167728506109107
0.6,2693.053511650403,2.043171877392008
0.6,2317.504643131941,2.3093475491228777
0.6,2715.129062889107,2.173176815996856
0.6,2715.129062889107,2.430250094816784
0.6,2183.818382972489,2.3315288662922864
0.6,2721.970247480508,2.197526018120592
0.6,2721.970247480508,2.170520478057477
0.6,2226.7711979050277,2.299566663309883
0.6,2697.236441118055,2.237592450522432
0.6,2697.236441118055,2.1277985256532514
0.6,2280.3416636262923,2.3638717968487404
0.6,2697.0947989151914,2.156811169507729
0.6,2697.0947989151914,2.122675914378255
0.6,2337.931436382992,2.116874806067516
0.6,2759.589713015422,2.140065862108941
0.6,2759.589713015422,2.1946246921039125
0.6,2330.166446403207,2.151304356030125
0.6,2776.116359331255,2.1069598482949705
0.6,2776.116359331255,2.114240579191656
0.6,2311.038528191855,2.267237502993148
0.6,2806.182230079221,2.025776741128435
0.6,2806.182230079221,2.0692902705555034
0.6,2317.2636866189705,2.1779257720918537
0.6,2802.9168782965016,2.024437917872378
0.6,2802.9168782965016,2.206420023978191
0.6,2425.9522439514653,1.9621547272669757
0.6,2793.327968694706,2.0990068357395013
0.6,2793.327968694706,2.25221187653328
0.6,2424.4631083118343,2.130058215488721
0.6,2803.274069349884,2.275565488724045
0.6,2803.274069349884,2.15449881694806
0.6,2352.866218533854,2.0363607484766018
0.6,2791.2821011346878,2.1954492266642616
0.6,2791.2821011346878,1.983262639934095
0.6,2435.57468080621,2.1326744085837466
0.6,2811.0015375854323,2.227223298424963
0.6,2811.0015375854323,2.0778840888457992
0.6,2383.570174307081,2.1089976527035272
0.6,2844.1630424638483,2.149682494788163
0.6,2844.1630424638483,2.127731080417423
0.6,2466.1067751891583,2.3994783670827946
0.6,2849.8244587559734,2.183430836228837
0.6,2849.8244587559734,2.1528497353026768
0.6,2391.477509243187,2.357876260858713
0.6,2919.736425841721,2.1479923548445936
0.6,2919.736425841721,2.171983087237773
0.6,2338.260562562747,2.186705886404533
0.6,2866.219343567816,2.194570083337964
0.6,2866.219343567816,2.293729997344416
0.6,2358.394546169727,2.130765902444835
0.6,2902.592907351392,2.0702012329330097
0.6,2902.592907351392,2.324746740224024
0.6,2443.057790969755,1.9775854095416985
0.6,2853.8411716828864,2.250796565080596
0.6,2853.8411716828864,2.142090969069762
0.6,2455.721065650668,2.040368803254989
0.6,2882.897393205252,2.168269417698081
0.6,2882.897393205252,2.2130048331490744
0.6,2430.0100355091085,2.16061717731177
0.6,2917.2616034846787,2.2105743526311143
0.6,2917.2616034846787,2.2588005068325026
0.6,2372.6171692522703,2.3001491961522067
0.6,2914.4886186662093,2.0781484992679933
0.6,2914.4886186662093,2.1467727452935583
0.6,2590.0977912714425,2.083045097075648
0.6,2869.997603614443,2.138910006643445
0.6,2869.997603614443,2.2238692655069814
0.6,2550.1825442825484,2.341918006073372
0.6,2907.0436129161258,2.154682668412435
0.6,2907.0436129161258,2.3064538298892487
0.6,2478.615629403423,1.8310931032765791
0.6,2937.643044033057,2.078787976281283
0.6,2937.643044033057,2.079179886543702
0.6,2561.063660381739,1.942406440272416
0.6,2955.928010321172,2.063084074567306
0.6,2955.928010321172,2.136251188020573
0.6,2520.447471248567,2.1527885120777226
0.6,2934.087820521854,2.1739321481615552
0.6,2934.087820521854,2.229113546477295
0.6,2403.6452428244515,2.270237289580933
0.6,2926.7407332158723,2.150885294154165
0.6,2926.7407332158723,2.246409333146056
0.6,2531.2688049800686,2.086398917315242
0.6,2954.7534447456933,2.2182202236587054
0.6,2954.7534447456933,2.2131935123284454
0.6,2447.513013503876,2.282136208038033
0.6,2943.354752030969,2.2198374872760143
0.6,2943.354752030969,2.329588037158362
0.6,2479.7238921742514,2.4237964709525786
0.6,2985.1590379363424,2.121774916038564
0.6,2985.1590379363424,2.236202553525165
0.6,2549.253058257062,2.081017936611847
0.6,2960.1552753352844,2.215302067620089
0.6,2960.1552753352844,2.164235454758792
0.6,2564.727610562553,2.0664124516117
0.6,3029.464845540544,2.030950335874687
0.6,3029.464845540544,2.1132630488542627
0.6,2569.082781800379,2.1149005006635857
0.6,2976.8797514928137,2.1590553721467725
0.6,2976.8797514928137,1.898007613776722
0.6,2639.167021257084,2.1514955504711497
0.6,2999.188706256516,2.234269513314349
0.6,2999.188706256516,1.994732304737966
0.6,2611.587591747937,2.162313807827473
0.6,2960.2286650792407,2.2008923159192104
0.6,2960.2286650792407,1.981343430158809
0.6,2707.0615813816853,2.103877728080922
0.6,3035.2516902790785,2.0637283329669627
0.6,3035.2516902790785,1.998766629494222
0.6,2682.6172950583905,2.1490373224489856
0.6,2979.608760816401,2.277259792017487
0.6,2979.608760816401,1.9119148827236008
0.6,2688.744739191994,2.209874671093319
0.6,3067.605743290778,2.068308864189676
0.6,3067.605743290778,2.203569759192736
0.6,2543.125402899738,2.1579522962340616
0.6,2996.390578283739,2.170466852922364
0.6,2996.390578283739,2.0216536998452703
0.6,2669.751450355008,2.094760819614551
0.6,3024.2037583258348,2.118223761528634
0.6,3024.2037583258348,2.0787262248641927
0.6,2750.113896527418,2.41251187337755
0.6,3048.8628288655004,2.220984398831588
0.6,3048.8628288655004,2.3648896843126583
0.6,2464.4619420091976,2.003992046567681
0.6,2854.424095998956,2.041438662623011
0.6,2854.424095998956,2.015827362266706
0.6,2435.9881310952933,2.0472241059819054
0.6,2848.871962426012,2.042972985579867
0.6,2848.871962426012,2.0175946388004444
0.6,2431.249256233209,2.049088916914789
0.6,2843.3294485849565,2.0445106266818125
0.6,2843.3294485849565,2.0193657398960743
0.6,2426.518587516885,2.050957766361235
0.6,2837.7965294964333,2.0460515967042903
0.6,2837.7965294964333,2.0211406779821424
0.6,2421.79610364931,2.0528306674544288
0.6,2832.273180267497,2.047595906469448
0.6,2832.273180267497,2.022919465541104
0.6,2417.081783407108,2.0547076333845617
0.6,2826.74137274372,2.049148630064729
0.6,2826.74137274372,2.0247079471066662
0.6,2412.360239299394,2.056594831301667
0.6,2821.237119970658,2.050699662973125
0.6,2821.237119970658,2.0264944839586816
0.6,2407.6622094367835,2.0584799800982627
0.6,2815.742362812713,2.05225406840934
0.6,2815.742362812713,2.0282849080987693
0.6,2402.9722798995067,2.060369233691288
0.6,2810.257076719141,2.0538118573850586
0.6,2810.257076719141,2.0300792322281507
0.6,2398.29042975578,2.062262605502272
0.6,2804.7812372237595,2.055373040959956
0.6,2804.7812372237595,2.03187746910344
0.6,2393.616638145882,2.064160109011317
0.6,2799.314819944583,2.0569376302419617
0.6,2799.314819944583,2.033679631536946
0.6,2388.950884281837,2.066061757757425
0.6,2793.857800583464,2.05850563638752
0.6,2793.857800583464,2.0354857323969795
0.6,2384.2931474471043,2.0679675653388165
0.6,2788.410154925726,2.060077070601858
0.6,2788.410154925726,2.037295784608156
0.6,2379.64340699628,2.0698775454132523
0.6,2782.9541019310386,2.061657096435334
0.6,2782.9541019310386,2.0391157358234366
0.6,2374.986486241784,2.0717979740213748
0.6,2777.525161804388,2.063235431894519
0.6,2777.525161804388,2.0409337427568905
0.6,2370.3527028697586,2.0737163540430967
0.6,2772.1055231561927,2.064817229370718
0.6,2772.1055231561927,2.042755740199153
0.6,2365.7268543025125,2.075638947937004
0.6,2766.695162102384,2.0664025002671345
0.6,2766.695162102384,2.044581741303356
0.6,2361.108920176361,2.077565769602512
0.6,2761.294054840595,2.067991256037108
0.6,2761.294054840595,2.0464117592805
0.6,2356.498880197244,2.0794968330002344
0.6,2755.902177649813,2.0695835081843885
0.6,2755.902177649813,2.048245807399772
0.6,2351.8967141404205,2.0814321521523187
0.6,2750.519506890032,2.071179268263415
0.6,2750.519506890032,2.05008389898887
0.6,2347.3024018501847,2.0833717411427863
0.6,2745.146019001901,2.0727785478795924
0.6,2745.146019001901,2.0519260474343217
0.6,2342.7159232395584,2.0853156141178726
0.6,2739.764175010715,2.074386602434985
0.6,2739.764175010715,2.053778306263733
0.6,2338.122308119944,2.0872701589205667
0.6,2734.4090123266883,2.0759929677443267
0.6,2734.4090123266883,2.055628622186408
0.6,2333.5514623181007,2.089222656670666
0.6,2729.062962240724,2.077602887754187
0.6,2729.062962240724,2.057483035525696
0.6,2328.988390279563,2.091179481267782
0.6,2723.726001512957,2.079216374276845
0.6,2723.726001512957,2.059341559906919
0.6,2324.433072189603,2.09314064711068
0.6,2718.3981069824727,2.0808334391769776
0.6,2718.3981069824727,2.061204209015877
0.6,2319.8854883007725,2.095106168662085
0.6,2713.079255566985,2.082454094371944
0.6,2713.079255566985,2.063070996599184
0.6,2315.3456189326257,2.097076060449035
0.6,2707.769424262495,2.084078351832084
0.6,2707.769424262495,2.064941936464608
0.6,2310.813444471432,2.0990503370632423
0.6,2702.4685901429607,2.0857062235810067
0.6,2702.4685901429607,2.066817042481411
0.6,2306.288945369892,2.10102901316145
0.6,2697.159451387471,2.0873430593471425
0.6,2697.159451387471,2.068702476906354
0.6,2301.757353750508,2.103018591405563
0.6,2691.8765723861466,2.088978207869501
0.6,2691.8765723861466,2.0705859708105256
0.6,2297.248171914713,2.1050061252021
0.6,2686.602622182073,2.090617007113999
0.6,2686.602622182073,2.0724736728922952
0.6,2292.7466071293416,2.1068699611320056
0.6,2681.4004523630783,2.092210409452993
0.6,2681.4004523630783,2.0741493777354845
0.6,2288.4911788226827,2.1085979752141983
0.6,2676.484473898749,2.0936591570875733
0.6,2676.484473898749,2.0758232887678467
0.6,2284.295152161535,2.110365313312437
0.6,2671.5767831079684,2.095120850915708
0.6,2671.5767831079684,2.07750670414442
0.6,2280.106195644673,2.1121414121463
0.6,2666.6773590505454,2.096585449149792
0.6,2666.6773590505454,2.079193466604403
0.6,2275.924291417756,2.1139210446565277
0.6,2661.7861808567764,2.0980529604550755
0.6,2661.7861808567764,2.0808835861400845
0.6,2271.749421686508,2.1157042213993766
0.6,2656.887283824832,2.0995282036674565
0.6,2656.887283824832,2.0825826125844498
0.6,2267.567959765325,2.1174967978044297
0.6,2652.012561807362,2.1010015768402592
0.6,2652.012561807362,2.084279487460943
0.6,2263.407128725517,2.119287106519212
0.6,2647.146023396987,2.1024778893164475
0.6,2647.146023396987,2.0859797496627945
0.6,2259.2532790989644,2.12108099142374
0.6,2642.287648003223,2.1039571499004417
0.6,2642.287648003223,2.087683409342879
0.6,2255.1063933293376,2.122878463244027
0.6,2637.437415104604,2.105439367431861
0.6,2637.437415104604,2.0893904766946827
0.6,2250.966453919129,2.124679532749027
0.6,2632.5953042483934,2.106924550785698
0.6,2632.5953042483934,2.0911009619525145
0.6,2246.833443429397,2.1264842107508426
0.6,2627.7612950502976,2.108412708872501
0.6,2627.7612950502976,2.0928148753917064
0.6,2242.707344479524,2.128292508104947
0.6,2622.9353671941744,2.109903850638544
0.6,2622.9353671941744,2.0945322273288176
0.6,2238.588139746979,2.1301044357103973
0.6,2618.1017689617925,2.111402872774073
0.6,2618.1017689617925,2.0962586573190234
0.6,2234.462384242115,2.13192594372255
0.6,2613.291969356886,2.11290001870548
0.6,2613.291969356886,2.09798292868946
0.6,2230.3569385970645,2.1337451766565985
0.6,2608.49019048601,2.1144001754007875
0.6,2608.49019048601,2.0997106697911416
0.6,2226.258335491863,2.135568072839001
0.6,2603.6964123030343,2.1159033519511152
0.6,2603.6964123030343,2.101441891107765
0.6,2222.166557834079,2.137394643345508
0.6,2598.9106148285755,2.117409557484223
0.6,2598.9106148285755,2.103176603165307
0.6,2218.0815885881616,2.1392248992965635
0.6,2816.709792827017,2.0537437710759003
0.6,2816.709792827017,2.0401825828637694
0.6,2380.323456813904,2.0846771254211074
0.6,2811.222860330316,2.055303319093613
0.6,2811.222860330316,2.0419990791060125
0.6,2375.6804785179847,2.086618586898985
0.6,2805.745378836308,2.056866264829872
0.6,2805.745378836308,2.0438195577062905
0.6,2371.0454583093738,2.088564332508211
0.6,2800.27732394759,2.058432619400475
0.6,2800.27732394759,2.0456440317749345
0.6,2366.4183757452893,2.0905143764448315
0.6,2794.8186713506675,2.0600023939697607
0.6,2794.8186713506675,2.0474725144798875
0.6,2361.7992104529094,2.092468732967687
0.6,2789.3516040761183,2.06158074658343
0.6,2789.3516040761183,2.049311014231708
0.6,2357.1728855482884,2.094433824433944
0.6,2783.911713984956,2.0631574061070213
0.6,2783.911713984956,2.0511475671537283
0.6,2352.5695196670576,2.096396863369569
0.6,2778.48115366641,2.0647375194532653
0.6,2778.48115366641,2.0529881686084264
0.6,2347.974010290045,2.098364258095496
0.6,2773.059899139275,2.066321097983497
0.6,2773.059899139275,2.0548328319975693
0.6,2343.3863373215117,2.1003360231254318
0.6,2767.647926504464,2.0679081531089367
0.6,2767.647926504464,2.056681570782141
0.6,2338.806480734192,2.102312173037636
0.6,2762.245211944659,2.0694986962909625
0.6,2762.245211944659,2.058534398482668
0.6,2334.234420569007,2.1042927224752805
0.6,2756.8517317239566,2.0710927390413905
0.6,2756.8517317239566,2.060391328679553
0.6,2329.67013693478,2.106277686146809
0.6,2751.467462187524,2.0726902929227493
0.6,2751.467462187524,2.062252375013404
0.6,2325.1136100079348,2.1082670788263043
0.6,2746.074829167344,2.0742966076127987
0.6,2746.074829167344,2.064123653317536
0.6,2320.5499673673203,2.110267438460716
0.6,2740.708940265536,2.075901230217391
0.6,2740.708940265536,2.0659929866534363
0.6,2316.008919841121,2.112095169718926
0.6,2735.352191490085,2.077509398985956
0.6,2735.352191490085,2.067866477457983
0.6,2311.475569890351,2.113828736009472
0.6,2730.004559507255,2.0791211256868585
0.6,2730.004559507255,2.0697441396161693
0.6,2306.9498979592254,2.1155657450424674
0.6,2724.666021062668,2.0807364221405944
0.6,2724.666021062668,2.071625987074888
0.6,2302.43188455815,2.1173062070836783
0.6,2719.336552980966,2.082355300220079
0.6,2719.336552980966,2.0735120338432766
0.6,2297.921510263436,2.1190501324397246
0.6,2714.0161321654778,2.0839777718509382
0.6,2714.0161321654778,2.075402293993064
0.6,2293.418755717021,2.1207975314582863
0.6,2708.7047355978807,2.085603849011801
0.6,2708.7047355978807,2.07710831254909
0.6,2289.1312900703024,2.122548414528306
0.6,2703.3850269798213,2.087238875477924
0.6,2703.3850269798213,2.078747581102336
0.6,2284.920451151361,2.124308531080219
0.6,2698.0916394687138,2.088872211729635
0.6,2698.0916394687138,2.0803847604538985
0.6,2280.730412481316,2.126066425057378
0.6,2692.8072075429905,2.0905091898079746
0.6,2692.8072075429905,2.0820251946261035
0.6,2276.54742853438,2.127827834536897
0.6,2687.531708494682,2.092149821906731
0.6,2687.531708494682,2.083668893334807
0.6,2272.3714815085978,2.1295927700749826
0.6,2682.265119692526,2.09379412027419
0.6,2682.265119692526,2.085315866334572
0.6,2268.202553661858,2.131361242270146
0.6,2677.3449178117176,2.095177951159724
0.6,2677.3449178117176,2.0869661234188643
0.6,2264.0406273116428,2.133133261763416
0.6,2672.43578978868,2.0965623522031005
0.6,2672.43578978868,2.088619674420245
0.6,2259.885684834782,2.134908839238556
0.6,2667.5349322629786,2.097963706954567
0.6,2667.5349322629786,2.090285305201163
0.6,2255.737708667196,2.136695467359992
0.6,2662.626348938288,2.0994375376291368
0.6,2662.626348938288,2.0919999484567584
0.6,2251.5831599067387,2.138525837318777
0.6,2657.741996687186,2.100909496573212
0.6,2657.741996687186,2.093712433685233
0.6,2247.449086523572,2.140353925413051
0.6,2652.8658524284,2.102384388509692
0.6,2652.8658524284,2.0954283507494176
0.6,2243.32192705282,2.142185698879137
0.6,2647.997895489411,2.103862222213643
0.6,2647.997895489411,2.097147709975803
0.6,2239.2016641645137,2.144021168872683
0.6,2643.1381052670613,2.105343006495168
0.6,2643.1381052670613,2.0988705217323536
0.6,2235.088280586551,2.145860346594405
0.6,2638.2864612272665,2.106826750199588
0.6,2638.2864612272665,2.1005967964287127
0.6,2230.98175910446,2.147703243290315
0.6,2633.442942904724,2.108313462207614
0.6,2633.442942904724,2.1023265445164125
0.6,2226.882082561153,2.149549870251955
0.6,2628.607529902624,2.109803151435524
0.6,2628.607529902624,2.104059776489088
0.6,2222.789233856696,2.151400238816624
0.6,2623.7644395423813,2.1113007097646657
0.6,2623.7644395423813,2.105802184199203
0.6,2218.6898540295133,2.1532604257532317
0.6,2618.9452025854853,2.112796390127223
0.6,2618.9452025854853,2.1075424270638337
0.6,2214.61063210456,2.155118324040841
0.6,2614.1340101008423,2.1142950747032474
0.6,2614.1340101008423,2.1092861855838576
0.6,2210.538187003935,2.156979998257824
0.6,2609.330841962992,2.115796772553203
0.6,2609.330841962992,2.1110334704235867
0.6,2206.4725018541126,2.158845459926997
0.6,2604.535678113556,2.117301492774024
0.6,2604.535678113556,2.112784292290511
0.6,2202.413559837541,2.160714720618106
0.6,2599.748498560948,2.1188092444992987
0.6,2599.748498560948,2.114538661935513
0.6,2198.3958467149328,2.1625877919480714
0.6,2594.969283380105,2.120320036899457
0.6,2594.969283380105,2.11629659015309
0.6,2194.451990484049,2.1644646855812244
0.6,2590.198012712204,2.121833879181952
0.6,2590.198012712204,2.1180580877815767
0.6,2190.514294370802,2.166345413229552
0.6,2585.4191132439587,2.123355742810657
0.6,2585.4191132439587,2.119828939813085
0.6,2186.569905808813,2.1682361517070103
0.6,2580.6636980901185,2.124875722671961
0.6,2580.6636980901185,2.121597620708819
0.6,2182.6445067249256,2.170124595339374
0.6,2575.916168203323,2.1263987802925084
0.6,2575.916168203323,2.123369903831637
0.6,2178.725224582309,2.172016908450068
0.6,2571.249982492392,2.127924925029858
0.6,2571.249982492392,2.1251458001976014
0.6,2174.8120450940696,2.1739131029443066
0.6,2566.6369400826707,2.1294541662795448
0.6,2566.6369400826707,2.1269253208677394
0.6,2170.904954017772,2.1758131907761937
0.6,733.3448088300539,2.1496542625215835
0.6,733.3448088300539,2.214750928564841
0.6,623.6814738889916,2.337986917583921
0.6,957.6619227100332,2.1046277675531537
0.6,957.6619227100332,2.17308625204558
0.6,816.4951365024893,2.283412522429336
0.6,1181.7698779049394,2.0811288244202824
0.6,1181.7698779049394,2.148544713221309
0.6,1007.9216387593408,2.250044503256571
0.6,1404.515056257586,2.070222774939729
0.6,1404.515056257586,2.1325823266174795
0.6,1198.6968089067764,2.22454890825622
0.6,1626.685084693445,2.066143554387353
0.6,1626.685084693445,2.118200260972912
0.6,1388.8095640889296,2.20490842563394
0.6,1848.4554574115527,2.06335529168211
0.6,1848.4554574115527,2.107444236813592
0.6,1578.7227797097655,2.19268143276859
0.6,2070.497680490186,2.06201282823576
0.6,2070.497680490186,2.100805723231796
0.6,1768.0891048697424,2.1830313985011105
0.6,2292.483241636008,2.0602937941365163
0.6,2292.483241636008,2.096030839456776
0.6,1957.8367152385413,2.1775086543029576
0.6,2515.459718584344,2.057996354436173
0.6,2515.459718584344,2.0916596687600606
0.6,2145.3604118131225,2.169269517842632
0.6,2739.085238384858,2.0538286037906976
0.6,2739.085238384858,2.088558681880242
0.6,2333.73917373943,2.1615336555516405
0.6,2962.794661730041,2.04651489909039
0.6,2962.794661730041,2.0827475231137504
0.6,2522.043610973598,2.1574535504988623
0.6,3187.327169136021,2.0359259351528345
0.6,3187.327169136021,2.0778633545388385
0.6,2711.105429979972,2.153256266897052
0.6,3411.892257875494,2.0213675142848704
0.6,3411.892257875494,2.074258069657742
0.6,2901.0390258511297,2.148447337822997
0.6,3636.411888005893,2.007665426841004
0.6,3636.411888005893,2.0693416211875286
0.6,3091.662678882723,2.1438251467976253
0.6,3860.9846838984136,1.9941214620487635
0.6,3860.9846838984136,2.065889963083388
0.6,3280.521758362623,2.1376651923432264
0.6,4085.7982241637146,1.9803919579490517
0.6,4085.7982241637146,2.058390400513387
0.6,3469.719283932124,2.131011680192747
0.6,4310.492826018992,1.9663798686109493
0.6,4310.492826018992,2.055481557134644
0.6,3657.756732298012,2.123946458606435
0.6,4533.609656824765,1.954167061846628
0.6,4533.609656824765,2.048838091138537
0.6,3844.343148474631,2.115993992020133
0.6,4758.780586472303,1.9386458398590216
0.6,4758.780586472303,2.041370839109118
0.6,4031.661781869628,2.1109850120640297
0.6,4984.062468909854,1.9250029894807144
0.6,4984.062468909854,2.0308946859028114
0.6,4217.512952003585,2.106140788270157
0.6,5207.762729702773,1.9121490370450924
0.6,5207.762729702773,2.021942483182396
0.6,4401.36488351217,2.0989117439213967
0.6,5431.34184375192,1.896503501962941
0.6,5431.34184375192,2.018093996909398
0.6,4584.700437479453,2.094651359569395
0.6,5654.600320563564,1.8836941678089587
0.6,5654.600320563564,2.0077643191719305
0.6,4766.73699701737,2.085521725501026
0.6,5878.782351976148,1.8690023023581628
0.6,5878.782351976148,1.9991215887541087
0.6,4950.379317935191,2.079430764049824
0.6,6101.1029406942025,1.856338619869206
0.6,6101.1029406942025,1.9858425416116523
0.6,5135.072802950886,2.070356623470268
0.6,6323.688146991303,1.843199483027856
0.6,6323.688146991303,1.974509230430752
0.6,5318.589363276544,2.0640440986430284
0.6,6546.125179492564,1.8307069078115876
0.6,6546.125179492564,1.9641827315340872
0.6,5504.984457219159,2.0549698884124057
0.6,6768.754678444113,1.8192794222758015
0.6,6768.754678444113,1.9545697858185511
0.6,5690.20886138297,2.046587403349626
0.6,6992.681824354058,1.803269148472613
0.6,6992.681824354058,1.9513762950784832
0.6,5874.969541622576,2.0409284611044334
0.6,7214.172689662606,1.793432536046215
0.6,7214.172689662606,1.9399675890172623
0.6,6065.344849198799,2.0305567182851134
0.6,7434.462467372737,1.7792133310822025
0.6,7434.462467372737,1.9389097269260056
0.6,6253.782418208789,2.028052684183946
0.6,7656.459600532085,1.7711212216791008
0.6,7656.459600532085,1.925776321692576
0.6,6443.169489431271,2.01593690279242
0.6,7877.106159862277,1.7621981328764031
0.6,7877.106159862277,1.9212564823932816
0.6,6625.604777847685,2.008402185972466
0.6,8097.522595870439,1.7519836907229178
0.6,8097.522595870439,1.9154436818944236
0.6,6812.091925601108,1.997294222363848
0.6,8317.467389947231,1.7425859284693248
0.6,8317.467389947231,1.915117161181286
0.6,6993.868039252331,1.990899660081396
0.6,8541.244727592886,1.7333564347878914
0.6,8541.244727592886,1.9081331259902232
0.6,7187.0836028631575,1.985453645162617
0.6,8762.316311301054,1.728465472167938
0.6,8762.316311301054,1.9026662804162209
0.6,7371.270975335582,1.9785501586314167
0.6,8984.110908643206,1.7215840814310086
0.6,8984.110908643206,1.8965479966625207
0.6,7553.8727519382865,1.972856101790576
0.6,9206.177101026098,1.7133916571901462
0.6,9206.177101026098,1.891126911687308
0.6,7742.892436766941,1.9683417760732036
0.6,9428.484828607045,1.705687195702478
0.6,9428.484828607045,1.8870091891675835
0.6,7932.107933540876,1.9632160599365227
0.6,9649.444681606565,1.698726639256544
0.6,9649.444681606565,1.8820787904806464
0.6,8122.685814500941,1.9576558395561967
0.6,9871.655232707912,1.691851127055063
0.6,9871.655232707912,1.8768898314469955
0.6,8309.84275885989,1.952462015054841
0.6,10114.699481503343,1.6847956738577017
0.6,10114.699481503343,1.866897035220178
0.6,8508.066589186641,1.947699844948257
0.6,10346.42033444179,1.6773530541203745
0.6,10346.42033444179,1.8581680191331085
0.6,8703.267154387699,1.9440230198719588
0.6,10570.081505769307,1.672669926102013
0.6,10570.081505769307,1.8519671333851613
0.6,8892.838764666496,1.939336986213536
0.6,10791.850831728569,1.666880856387703
0.6,10791.850831728569,1.8556115547846552
0.6,9069.786269096126,1.9311983875740133
0.6,11015.413445782237,1.6637305753749143
0.6,11015.413445782237,1.8489758691565927
0.6,9251.95061273318,1.9271302731166475
0.6,703.9541294916086,2.191293027234681
0.6,703.9541294916086,2.3035287839819567
0.6,577.9682824925019,2.485029251352821
0.6,926.7620976870148,2.1372861837955197
0.6,926.7620976870148,2.24130580561589
0.6,768.9807109968135,2.3940791542993574
0.6,1149.8087026168243,2.107857031639379
0.6,1149.8087026168243,2.2045985830233814
0.6,958.9408923330278,2.3394473343279696
0.6,1371.6061062901413,2.093069015195125
0.6,1371.6061062901413,2.180590740946012
0.6,1148.3499783719526,2.3000148590026166
0.6,1592.9079008999483,2.0862247524357462
0.6,1592.9079008999483,2.160411733368117
0.6,1337.197454308205,2.2704710053067494
0.6,1813.893305166572,2.08132802257724
0.6,1813.893305166572,2.1450567018454376
0.6,1526.089925145278,2.2509582461245343
0.6,2035.237053552588,2.07830163194507
0.6,2035.237053552588,2.134543845745429
0.6,1714.7791151603235,2.2356557572298086
0.6,2256.592903114255,2.075205115583711
0.6,2256.592903114255,2.12664225345851
0.6,1903.89237622314,2.2256742830094893
0.6,2479.0325646851006,2.0717118964280674
0.6,2479.0325646851006,2.1197102729008024
0.6,2090.931582331209,2.2136678236777927
0.6,2702.102914617431,2.066203228978591
0.6,2702.102914617431,2.1137209558499284
0.6,2278.7625517382,2.204417969480039
0.6,2925.29836213897,2.0579404016627394
0.6,2925.29836213897,2.106121332148388
0.6,2467.1307184966413,2.19669808728464
0.6,3148.98080997768,2.047642401781133
0.6,3148.98080997768,2.099338691720229
0.6,2655.417481282185,2.188373740134654
0.6,3373.551473638887,2.031994374812019
0.6,3373.551473638887,2.0949544979314023
0.6,2844.9733859984867,2.181519652544117
0.6,3598.008071887261,2.0172084435284936
0.6,3598.008071887261,2.0889025096437277
0.6,3035.4876548482007,2.174841517048179
0.6,3822.5618244236407,2.002884262196073
0.6,3822.5618244236407,2.0838898052889823
0.6,3224.47652960554,2.167612519402847
0.6,4047.394350798212,1.9884584332071995
0.6,4047.394350798212,2.077290555836127
0.6,3413.613226511031,2.157427970552868
0.6,4272.520715960434,1.9747318017736264
0.6,4272.520715960434,2.071390792390964
0.6,3600.5461868776965,2.1497711382688984
0.6,4495.612420132765,1.9614850651816564
0.6,4495.612420132765,2.062354446085162
0.6,3788.217896829343,2.132874713074895
0.6,4720.707654441996,1.9453330134616431
0.6,4720.707654441996,2.0547805533569083
0.6,3975.590408201081,2.1354726483667896
0.6,4945.896828754331,1.9310456784293972
0.6,4945.896828754331,2.046570371353212
0.6,4160.852311299562,2.1288522581584446
0.6,5169.635598466616,1.91757379703294
0.6,5169.635598466616,2.038142274166164
0.6,4344.331123897524,2.122569711832452
0.6,5393.332928176811,1.9018720087181744
0.6,5393.332928176811,2.0292971542700995
0.6,4530.387232705255,2.113064006836461
0.6,5616.95908595075,1.887737686782104
0.6,5616.95908595075,2.0202227768552787
0.6,4713.14586863965,2.105808938794068
0.6,5840.931111293613,1.8733597538244688
0.6,5840.931111293613,2.010798924721732
0.6,4896.345877378154,2.097226097008392
0.6,6063.170365444536,1.8599909009845703
0.6,6063.170365444536,2.001433625995725
0.6,5078.914300621616,2.088908030070371
0.6,6285.923795959766,1.846716775504504
0.6,6285.923795959766,1.9894112158211936
0.6,5261.401447809881,2.081958029313114
0.6,6508.084349095472,1.834262300383796
0.6,6508.084349095472,1.9790632004935411
0.6,5447.203234100339,2.0730856864663942
0.6,6731.02535444922,1.8222385387490587
0.6,6731.02535444922,1.9692169638771797
0.6,5633.048189021667,2.0641794954826227
0.6,6954.52937644034,1.8085394089099107
0.6,6954.52937644034,1.962443532923192
0.6,5818.153611240619,2.055574975519829
0.6,7176.0581022034485,1.7967680131961246
0.6,7176.0581022034485,1.9540727863140412
0.6,6007.019909365127,2.048371723404026
0.6,7397.393122096448,1.7849786978754103
0.6,7397.393122096448,1.9440184296375496
0.6,6199.765415127949,2.0395787387196607
0.6,7618.459345126601,1.7734123813062448
0.6,7618.459345126601,1.9382803615206887
0.6,6385.405276171422,2.0309208542739885
0.6,7839.604505459326,1.7641442414833637
0.6,7839.604505459326,1.933457872283252
0.6,6567.898697728816,2.0232901303726285
0.6,8060.315051275089,1.7545066195821388
0.6,8060.315051275089,1.9261713178956577
0.6,6754.615758435645,2.0121322400053137
0.6,8280.8005506027,1.7467476734702192
0.6,8280.8005506027,1.920734911203333
0.6,6940.931440954863,2.003146177507363
0.6,8503.861082354531,1.7365399664717878
0.6,8503.861082354531,1.9156594877015691
0.6,7132.344460219109,1.9975049243715624
0.6,8724.995205566722,1.7315522298763957
0.6,8724.995205566722,1.9099790729647803
0.6,7316.577183872578,1.990248702537748
0.6,8946.758677467284,1.7245768129820085
0.6,8946.758677467284,1.9036540640881017
0.6,7499.212627007665,1.9842234356520057
0.6,9168.867087123052,1.7162920785080196
0.6,9168.867087123052,1.8980315816672315
0.6,7688.288050180846,1.9793908300699663
0.6,9391.20279874677,1.7085009111940657
0.6,9391.20279874677,1.8937242782738348
0.6,7877.552210643767,1.97396424652984
0.6,9612.117052051944,1.7014648975920363
0.6,9612.117052051944,1.888615895510172
0.6,8068.132823217402,1.9681065721622912
0.6,9834.31524543962,1.6945118630110312
0.6,9834.31524543962,1.88325448747957
0.6,8255.324018991882,1.9626442693133408
0.6,10077.340494269134,1.6873724620019075
0.6,10077.340494269134,1.873047101529463
0.6,8453.569551078845,1.957628538697546
0.6,10309.12649964301,1.6798521362852492
0.6,10309.12649964301,1.8641313946446605
0.6,8648.844896842158,1.9537023951511707
0.6,10532.788043592504,1.6751052358239569
0.6,10532.788043592504,1.8577738914638784
0.6,8838.444192840405,1.9487827639665845
0.6,10754.529818596706,1.6692534350211303
0.6,10754.529818596706,1.8613174105072552
0.6,9015.46039612861,1.940397894123832
0.6,10978.089891981035,1.6660456780582953
0.6,10978.089891981035,1.854543960028362
0.6,9197.678536306934,1.936119650649847
