K,Rem,cdrag
1.2,2455.7623473939875,1.644649723386172
1.2,2455.7623473939875,1.6931623656547006
1.2,2348.545341512677,1.6242806974361097
1.2,2455.6605377285537,1.6446847454679632
1.2,2455.6605377285537,1.6932172866601745
1.2,2348.4030403187144,1.624349075498965
1.2,2455.503914731185,1.6447384353523822
1.2,2455.503914731185,1.6933009360723146
1.2,2348.1858583967723,1.6244602325895026
1.2,2455.3003179843377,1.6448084893854498
1.2,2455.3003179843377,1.6934138238401562
1.2,2347.8938140400232,1.6246115279730096
1.2,2455.0184393338745,1.6449054012955548
1.2,2455.0184393338745,1.6935670550610171
1.2,2347.4969845050314,1.6248112041896103
1.2,2454.689616917764,1.6450186905086757
1.2,2454.689616917764,1.6937495570284302
1.2,2347.025358279351,1.625053977305762
1.2,2454.290384680436,1.6451559195265062
1.2,2454.290384680436,1.6939663975086932
1.2,2346.4640072353677,1.6253394023341634
1.2,2453.8285990876548,1.6453147921615052
1.2,2453.8285990876548,1.6942181055009364
1.2,2345.812988064662,1.625667767196899
1.2,2453.31211599863,1.6454930121299056
1.2,2453.31211599863,1.6945052147953887
1.2,2345.072366492097,1.6260451783540923
1.2,2452.7331426699784,1.6456922745518086
1.2,2452.7331426699784,1.6948237313820815
1.2,2344.2496949269776,1.6264654059720882
1.2,2452.0917180651963,1.6459132254059456
1.2,2452.0917180651963,1.695174194121329
1.2,2343.3450494313875,1.626925851032695
1.2,2451.387885336424,1.646156512891286
1.2,2451.387885336424,1.695563208216836
1.2,2342.343568902403,1.627435557385398
1.2,2450.621691817187,1.6464208996181549
1.2,2450.621691817187,1.695983759654042
1.2,2341.260301232028,1.6279883082040585
1.2,2449.801003927542,1.6467040940617923
1.2,2449.801003927542,1.6964363997346612
1.2,2340.095346408681,1.6285873500511534
1.2,2448.9180574509937,1.6470090619498616
1.2,2448.9180574509937,1.6969211820519194
1.2,2338.848811892603,1.6292269519743157
1.2,2447.965101906899,1.647338775305207
1.2,2447.965101906899,1.6974472779130618
1.2,2337.49843625682,1.629915969697759
1.2,2446.9656301043,1.6476850549286302
1.2,2446.9656301043,1.69800310937522
1.2,2336.0741967909694,1.6306460058260108
1.2,2445.9040842586587,1.648052560191961
1.2,2445.9040842586587,1.6985907737541883
1.2,2334.568762052382,1.6314225356361391
1.2,2444.7727347260475,1.6484449023904166
1.2,2444.7727347260475,1.699213887589536
1.2,2332.974824391825,1.6322430085643331
1.2,2443.587261806795,1.6488562169729832
1.2,2443.587261806795,1.6998725318809689
1.2,2331.2925436386536,1.6331104895425146
1.2,2442.339940922427,1.649289487926767
1.2,2442.339940922427,1.7005637429524767
1.2,2329.529524745858,1.6340251295830597
1.2,2441.030855567752,1.6497447527515472
1.2,2441.030855567752,1.701293707366355
1.2,2327.6710668636024,1.6349841501461495
1.2,2439.660093311586,1.650222050882569
1.2,2439.660093311586,1.7020533637848556
1.2,2325.7396487969822,1.635987708311112
1.2,2438.2355282856693,1.650718465307103
1.2,2438.2355282856693,1.70284891023774
1.2,2323.7205906439744,1.6370389142159458
1.2,2436.741686974141,1.651239954188238
1.2,2436.741686974141,1.7036804507945005
1.2,2321.614093852714,1.6381320532421195
1.2,2435.194229583893,1.6517806439269265
1.2,2435.194229583893,1.7045480943911415
1.2,2319.420368349827,1.6392761542865626
1.2,2433.593246326595,1.6523405754598777
1.2,2433.593246326595,1.7054458202160698
1.2,2317.1544361358983,1.6404655153240006
1.2,2431.923300702961,1.6529257245319922
1.2,2431.923300702961,1.706379867908823
1.2,2314.8016939404115,1.6417003331417557
1.2,2430.1922779037936,1.653533179771643
1.2,2430.1922779037936,1.7073565090781406
1.2,2312.347598470606,1.6429867466602308
1.2,2428.4080480832963,1.654160022875368
1.2,2428.4080480832963,1.7083605037169405
1.2,2309.829340897276,1.644316081995765
1.2,2426.56296497062,1.6548092752614527
1.2,2426.56296497062,1.7094011967297975
1.2,2307.2249848527536,1.6456945000159269
1.2,2424.649406522554,1.6554833368879869
1.2,2424.649406522554,1.7104782195364017
1.2,2304.5347878601874,1.6471190185572322
1.2,2422.690732755876,1.6561746036701142
1.2,2422.690732755876,1.7115896372508677
1.2,2301.766374468295,1.648590366761602
1.2,2420.671573748116,1.656888450898988
1.2,2420.671573748116,1.7127350792414997
1.2,2298.919994485795,1.6501085465798395
1.2,2418.5920631426497,1.6576249412500166
1.2,2418.5920631426497,1.7139208823618135
1.2,2295.981218596421,1.651679811307468
1.2,2416.4523384241656,1.6583841394760075
1.2,2416.4523384241656,1.715141011739422
1.2,2292.965029004086,1.653298451320106
1.2,2414.244825384813,1.6591684679256502
1.2,2414.244825384813,1.7164013242494864
1.2,2289.8570447624256,1.6549705160279278
1.2,2411.985106443608,1.6599732872375577
1.2,2411.985106443608,1.717693680990406
1.2,2286.6795470810234,1.656684750485464
1.2,2409.673311580046,1.66079802510581
1.2,2409.673311580046,1.7190239538948957
1.2,2283.41817773045,1.6584502337612852
1.2,2407.301877431954,1.661645744604734
1.2,2407.301877431954,1.7203891994392837
1.2,2280.0805536912203,1.6602642568772812
1.2,2404.8632704680545,1.6625188875715364
1.2,2404.8632704680545,1.72179220450308
1.2,2276.659683102273,1.661967376970917
1.2,2402.3807183946265,1.6634097946831592
1.2,2402.3807183946265,1.7232310448891426
1.2,2273.163178104462,1.663660767750535
1.2,2399.831316286048,1.664326917986761
1.2,2399.831316286048,1.72471166735615
1.2,2269.5768096911443,1.665400175025445
1.2,2397.2229204019686,1.6652666992434135
1.2,2397.2229204019686,1.7262243458096866
1.2,2265.92273338278,1.6671829245479417
1.2,2394.56336196816,1.66622747947772
1.2,2394.56336196816,1.727779724387778
1.2,2262.179494146248,1.6690152153062363
1.2,2391.837486046137,1.6672140998866405
1.2,2391.837486046137,1.7293738542091015
1.2,2258.3547226108994,1.6708914264366292
1.2,2389.068429361146,1.6682188626266643
1.2,2389.068429361146,1.7308939358395654
1.2,2254.6066529023474,1.672809617998388
1.2,2386.2257754750044,1.6692526713988458
1.2,2386.2257754750044,1.732365530124183
1.2,2250.8846701680777,1.6747750368877847
1.2,2383.3402746350466,1.6703047909697992
1.2,2383.3402746350466,1.733866849452084
1.2,2247.100941367089,1.6767830263185814
1.2,2553.414076833865,1.6511623306387837
1.2,2553.414076833865,1.6954303621227094
1.2,2495.2445784726174,1.6523490501601834
1.2,2553.3163615662525,1.6511960595731416
1.2,2553.3163615662525,1.6954806816731227
1.2,2495.109302939098,1.6524146056188758
1.2,2553.161652459878,1.6512497672979665
1.2,2553.161652459878,1.6955638467838554
1.2,2494.886510254955,1.6525205525928446
1.2,2552.949958637167,1.6513231298915392
1.2,2552.949958637167,1.695676614004201
1.2,2494.584176771601,1.6526664499635852
1.2,2552.6568696268246,1.6514246696509889
1.2,2552.6568696268246,1.6958278526626378
1.2,2494.1784641086483,1.652857765062848
1.2,2552.3231098911174,1.6515403098301324
1.2,2552.3231098911174,1.6960089505843523
1.2,2493.6932762339848,1.6530924928076447
1.2,2551.916137816256,1.6516815253754529
1.2,2551.916137816256,1.696222730332912
1.2,2493.120702368501,1.6533643075568325
1.2,2551.452259330008,1.6518424303120125
1.2,2551.452259330008,1.6964692171176488
1.2,2492.460795519069,1.6536791556893953
1.2,2550.923365667113,1.652025987159514
1.2,2550.923365667113,1.6967514711316265
1.2,2491.705669106982,1.6540400434923563
1.2,2550.337626860257,1.6522292604519389
1.2,2550.337626860257,1.6970634642324036
1.2,2490.871289897778,1.654444075960689
1.2,2549.695077398632,1.652452593625746
1.2,2549.695077398632,1.697408489637536
1.2,2489.949785301255,1.6548888172446634
1.2,2548.979493803292,1.652701252915203
1.2,2548.979493803292,1.697789170475353
1.2,2488.9333006199035,1.655376379370346
1.2,2548.1990586525367,1.6529726366372075
1.2,2548.1990586525367,1.698205782102844
1.2,2487.8219383103306,1.655907298649675
1.2,2547.3619504935277,1.6532638131264652
1.2,2547.3619504935277,1.6986492643693978
1.2,2486.6396105139734,1.6564786964379592
1.2,2546.468218538642,1.6535751326834471
1.2,2546.468218538642,1.6991290057468809
1.2,2485.3626167934785,1.6570940839859734
1.2,2545.509794399564,1.653909247732814
1.2,2545.509794399564,1.6996448419134744
1.2,2483.991085641825,1.657756072053956
1.2,2544.4867424295053,1.6542658584699563
1.2,2544.4867424295053,1.7001905258966596
1.2,2482.5409988037222,1.658458373126758
1.2,2543.407246273809,1.6546426926869586
1.2,2543.407246273809,1.700769615429098
1.2,2481.004559962536,1.659202010846005
1.2,2542.263257458444,1.655042411740875
1.2,2542.263257458444,1.7013850006254183
1.2,2479.373997397233,1.6599925939311193
1.2,2541.054852674295,1.655464721301131
1.2,2541.054852674295,1.702030434071058
1.2,2477.6652912183304,1.660820859475372
1.2,2539.7821128811506,1.6559103154326635
1.2,2539.7821128811506,1.7027155973499708
1.2,2475.8548742588555,1.6616997768167496
1.2,2538.461325529111,1.656372971144446
1.2,2538.461325529111,1.7034281391278667
1.2,2473.9745346743694,1.662620089018062
1.2,2537.068264983855,1.6568616227400743
1.2,2537.068264983855,1.7041773028826064
1.2,2472.0007358639737,1.6635819365453222
1.2,2535.6192224146425,1.6573703778272413
1.2,2535.6192224146425,1.704960125520948
1.2,2469.941561797949,1.6645884604818657
1.2,2534.106193518041,1.657902246879908
1.2,2534.106193518041,1.7057767007787965
1.2,2467.797200833191,1.6656398260548098
1.2,2532.5454484290976,1.658451657490643
1.2,2532.5454484290976,1.7066273540929118
1.2,2465.5678488990784,1.666736667264162
1.2,2530.9128249475275,1.659026914737065
1.2,2530.9128249475275,1.7075117326783968
1.2,2463.2537094529976,1.667875236905308
1.2,2529.21652086868,1.65962542599247
1.2,2529.21652086868,1.7084301703120244
1.2,2460.854993434248,1.669059181627019
1.2,2527.456649177612,1.6602472433450717
1.2,2527.456649177612,1.709388931413758
1.2,2458.356210528101,1.6702947271422146
1.2,2525.649457531917,1.6608867850571325
1.2,2525.649457531917,1.7103760586096248
1.2,2455.78901819064,1.6715704896077284
1.2,2523.778915613099,1.661549733818709
1.2,2523.778915613099,1.7114006745077135
1.2,2453.1300872065003,1.6728892156607291
1.2,2521.837093029357,1.662238805165554
1.2,2521.837093029357,1.7124595979894972
1.2,2450.387512970552,1.6742567061186628
1.2,2519.8482820805343,1.6629457557681404
1.2,2519.8482820805343,1.7135503219828505
1.2,2447.569368013916,1.6756650266466897
1.2,2517.7964945410704,1.6636762881545342
1.2,2517.7964945410704,1.7146789312726949
1.2,2444.6602511994406,1.6771230390423348
1.2,2515.689903780775,1.6644274704112978
1.2,2515.689903780775,1.715842475261033
1.2,2441.6682572091463,1.6786279586180122
1.2,2513.504537287536,1.6652080257152913
1.2,2513.504537287536,1.7170408670254425
1.2,2438.5936556604297,1.6801765225192764
1.2,2511.272676527578,1.6660066943803422
1.2,2511.272676527578,1.7182778201611648
1.2,2435.4289326646644,1.6817790758719804
1.2,2508.978393919077,1.6668292079148013
1.2,2508.978393919077,1.7195501571297662
1.2,2432.182180276681,1.6834232079675235
1.2,2506.6298529612445,1.6676726309261536
1.2,2506.6298529612445,1.720854915515406
1.2,2428.8614618099477,1.6851153004410593
1.2,2504.219183188698,1.6685400396318244
1.2,2504.219183188698,1.7221953652712532
1.2,2425.459283998384,1.6868525654951276
1.2,2501.7545418256914,1.6694288280785872
1.2,2501.7545418256914,1.7235750303331476
1.2,2421.9681976493007,1.6886388304151243
1.2,2499.2200869882904,1.670344437331126
1.2,2499.2200869882904,1.7249936370849632
1.2,2418.388543077096,1.6902891092458792
1.2,2496.631974886038,1.6712812478516266
1.2,2496.631974886038,1.7264421890536144
1.2,2414.7438678249537,1.6919488498310324
1.2,2493.998330599185,1.67223664005855
1.2,2493.998330599185,1.727927354150804
1.2,2411.018989428979,1.6936522615546012
1.2,2491.2794346891974,1.6732251552153925
1.2,2491.2794346891974,1.729461457995675
1.2,2407.1833891230176,1.6954069307884858
1.2,2488.523303631885,1.6742293863220057
1.2,2488.523303631885,1.731023128481057
1.2,2403.291442969885,1.6972003136092513
1.2,2485.698232146215,1.675260868031281
1.2,2485.698232146215,1.732621533908782
1.2,2399.3203261927606,1.6990317105619743
1.2,2482.828265957226,1.6763112502498698
1.2,2482.828265957226,1.73415150420685
1.2,2395.4165686106744,1.7009106256972375
1.2,2479.897668165958,1.6773863586629878
1.2,2479.897668165958,1.7356304631682904
1.2,2391.555358887096,1.7028313397521917
1.2,2435.0570947934502,1.6932258783239131
1.2,2435.0570947934502,1.739457806627491
1.2,2379.5847948958367,1.693468440195092
1.2,2434.969435046344,1.6932574010126775
1.2,2434.969435046344,1.7395048272445286
1.2,2379.463440040668,1.693529650122648
1.2,2434.8306463631934,1.6933075880990875
1.2,2434.8306463631934,1.7395825327703895
1.2,2379.263573823557,1.693628561969888
1.2,2434.640736758893,1.693376144486412
1.2,2434.640736758893,1.7396878987077466
1.2,2378.9923514297698,1.6937647732401069
1.2,2434.3778074150127,1.6934710323474953
1.2,2434.3778074150127,1.7398292122153298
1.2,2378.628386969124,1.6939433927937255
1.2,2434.0783918078864,1.6935790960140984
1.2,2434.0783918078864,1.7399984183511412
1.2,2378.1931239570577,1.6941625267984164
1.2,2433.713296504673,1.693711053406303
1.2,2433.713296504673,1.7401981566304068
1.2,2377.6794648204886,1.6944162817363138
1.2,2433.29714907929,1.6938614094640052
1.2,2433.29714907929,1.7404284484910084
1.2,2377.087456132276,1.6947102011875623
1.2,2432.8226745783086,1.6940329283296651
1.2,2432.8226745783086,1.740692149055591
1.2,2376.4100215831786,1.6950470850593602
1.2,2432.2972017860047,1.694222868870299
1.2,2432.2972017860047,1.740983626515415
1.2,2375.6614839021745,1.695424227983776
1.2,2431.7134650892376,1.6944342980025415
1.2,2431.7134650892376,1.741308780097696
1.2,2374.827653452405,1.6958393423975051
1.2,2431.0787971053915,1.6946638788142827
1.2,2431.0787971053915,1.7416615689229844
1.2,2373.9228588002675,1.6962944129989743
1.2,2430.378649893408,1.694917439333354
1.2,2430.378649893408,1.742050737924442
1.2,2372.9258131117444,1.6967899231222203
1.2,2429.6276556371545,1.695189486427768
1.2,2429.6276556371545,1.742464991705601
1.2,2371.865092712224,1.6973231812655325
1.2,2428.825857578596,1.6954803376129322
1.2,2428.825857578596,1.7429130859176296
1.2,2370.7194329229387,1.697897443990735
1.2,2427.9660162445334,1.6957924736885528
1.2,2427.9660162445334,1.7433948672586987
1.2,2369.4889466549434,1.6985151473752684
1.2,2427.0481881823457,1.6961256200692811
1.2,2427.0481881823457,1.7439045042760184
1.2,2368.1879698129133,1.6991704302386024
1.2,2426.0797141427174,1.6964776388897556
1.2,2426.0797141427174,1.7444453021766002
1.2,2366.809505415346,1.6998642175318617
1.2,2425.053372153925,1.696851018538561
1.2,2425.053372153925,1.7450199578524974
1.2,2365.3465780971305,1.700601738085889
1.2,2423.969229608216,1.697245489079902
1.2,2423.969229608216,1.745622639452234
1.2,2363.813522338813,1.7013743570251088
1.2,2422.8273576506376,1.6976616799520965
1.2,2422.8273576506376,1.7462623652928184
1.2,2362.1891905901334,1.70219413122588
1.2,2421.642367631533,1.6980937898677335
1.2,2421.642367631533,1.7469276072762978
1.2,2360.502100607864,1.7030524308124628
1.2,2420.3925231549792,1.6985501509351262
1.2,2420.3925231549792,1.7476269840847634
1.2,2358.731131713606,1.7039493748315822
1.2,2419.0924388435865,1.699025262614962
1.2,2419.0924388435865,1.748357723023084
1.2,2356.883533705065,1.7048878773337732
1.2,2417.734931550419,1.6995219297659934
1.2,2417.734931550419,1.7491199036218237
1.2,2354.95947214421,1.705868078284153
1.2,2416.334597419192,1.7000349435652895
1.2,2416.334597419192,1.7499138159212384
1.2,2352.9591192556823,1.7068905434936
1.2,2414.869755806515,1.7005720617691389
1.2,2414.869755806515,1.7507391326790611
1.2,2350.882653888496,1.707951787813798
1.2,2413.347759918922,1.701130854336966
1.2,2413.347759918922,1.7515961509713784
1.2,2348.730261476326,1.709055182190568
1.2,2411.76870906446,1.7017113654764466
1.2,2411.76870906446,1.7524907031298935
1.2,2346.4880380511545,1.710206506660152
1.2,2410.1471796460432,1.7023083784047146
1.2,2410.1471796460432,1.7534116229975794
1.2,2344.184386569579,1.7113951335966198
1.2,2408.4687863023946,1.7029271955528682
1.2,2408.4687863023946,1.7543674126247952
1.2,2341.79836868672,1.7126236137802224
1.2,2406.7264108640225,1.7035703512786635
1.2,2406.7264108640225,1.7553551002034002
1.2,2339.3372443183657,1.7138973383488276
1.2,2404.941848346461,1.7042301401678734
1.2,2404.941848346461,1.7563723275636884
1.2,2336.808253295807,1.7152088834915664
1.2,2403.1007503949227,1.7049118814670354
1.2,2403.1007503949227,1.7574247605215203
1.2,2334.1975700960334,1.7165664863180172
1.2,2401.210448778104,1.7056128369516692
1.2,2401.210448778104,1.7585096366610062
1.2,2331.51245404927,1.7179675340057634
1.2,2399.249429598517,1.7063411393281958
1.2,2399.249429598517,1.759626867976602
1.2,2328.7531422648863,1.7194089798769503
1.2,2397.24665773336,1.7070862732819931
1.2,2397.24665773336,1.7607798913617256
1.2,2325.912886166218,1.72090040334892
1.2,2395.187838150075,1.707853582606756
1.2,2395.187838150075,1.76196573779328
1.2,2322.998942823233,1.7224302487922096
1.2,2393.080293963744,1.708640326072298
1.2,2393.080293963744,1.763181634648021
1.2,2320.018544055083,1.7240044272642134
1.2,2390.916959719453,1.7094493641741486
1.2,2390.916959719453,1.7644306144120556
1.2,2316.964959468262,1.7256203227302531
1.2,2388.705153029204,1.7102782553596885
1.2,2388.705153029204,1.765715938856847
1.2,2313.831497439062,1.727281457603607
1.2,2386.4306542159784,1.7111320767280451
1.2,2386.4306542159784,1.7670373473074694
1.2,2310.6184573438413,1.728990110850516
1.2,2384.1079593742857,1.712005579227014
1.2,2384.1079593742857,1.7683864439490884
1.2,2307.3469696956918,1.7307383615933871
1.2,2381.7443578800976,1.7128963096866765
1.2,2381.7443578800976,1.7697694164532178
1.2,2304.003401402351,1.7325326371006335
1.2,2379.304199641962,1.7138178179389405
1.2,2379.304199641962,1.7711977281118405
1.2,2300.568376180262,1.734381031635229
1.2,2376.8305753766685,1.7147538716710442
1.2,2376.8305753766685,1.7726514623191545
1.2,2297.162544274498,1.7362702703316777
1.2,2374.2950268179447,1.7157152191234968
1.2,2374.2950268179447,1.7741391448328363
1.2,2293.687062166401,1.738199759207253
1.2,2371.719132329968,1.7166940640120028
1.2,2371.719132329968,1.7756613644825567
1.2,2290.1422137423774,1.7401793417875409
1.2,2369.088764590496,1.7176958297629656
1.2,2369.088764590496,1.7772180851104111
1.2,2286.528287970826,1.7422030956082708
1.2,7131.105904891073,1.5227713754967784
1.2,7131.105904891073,1.5877888759752274
1.2,6908.01524021868,1.5595474588886382
1.2,7131.020332953521,1.522780862531776
1.2,7131.020332953521,1.5878067817468886
1.2,6907.870174757378,1.559569937454699
1.2,7130.870584327974,1.5227969525783145
1.2,7130.870584327974,1.5878321205794963
1.2,6907.662943228595,1.5596044318515063
1.2,7130.635270883798,1.5228225305741716
1.2,7130.635270883798,1.587870207230402
1.2,6907.352106621368,1.55964873725858
1.2,7130.357182354719,1.5228526484576408
1.2,7130.357182354719,1.5879184632349803
1.2,6906.958398659419,1.5597104590003712
1.2,7130.014933197798,1.5228897814573032
1.2,7130.014933197798,1.5879768904761953
1.2,6906.481832333914,1.5597819969251732
1.2,7129.608531882978,1.5229339306634215
1.2,7129.608531882978,1.588048071975214
1.2,6905.901705315812,1.559870959001349
1.2,7129.13798846711,1.5229846872684836
1.2,7129.13798846711,1.5881266954435067
1.2,6905.259473932269,1.5599694171543592
1.2,7128.603314593318,1.523042872963167
1.2,7128.603314593318,1.5882208145518744
1.2,6904.49301136147,1.5600856383789894
1.2,7128.004523490301,1.5231076692271803
1.2,7128.004523490301,1.5883223823565569
1.2,6903.664490888915,1.560213902313324
1.2,7127.3630127514325,1.5231774226075911
1.2,7127.3630127514325,1.588434291345455
1.2,6902.753223606111,1.5603523345088333
1.2,7126.636031215226,1.5232562658990183
1.2,7126.636031215226,1.5885588207686103
1.2,6901.738532951713,1.560507895828981
1.2,7125.844981464516,1.5233421361779758
1.2,7125.844981464516,1.58869354761148
1.2,6900.641164274343,1.5606758494673398
1.2,7125.011259375218,1.5234325594897915
1.2,7125.011259375218,1.5888384771389985
1.2,6899.461153739049,1.5608562036320737
1.2,7124.113504780839,1.5235300143808963
1.2,7124.113504780839,1.5889910311762767
1.2,6898.219237101104,1.5610489671401742
1.2,7123.130368673331,1.523636980875276
1.2,7123.130368673331,1.5891615516988575
1.2,6896.832672203732,1.5612592287018474
1.2,7122.0832517250665,1.5237505753227187
1.2,7122.0832517250665,1.5893395565627124
1.2,6895.384294998176,1.5614790533355387
1.2,7121.014910410703,1.5238666658019189
1.2,7121.014910410703,1.589525358687897
1.2,6893.874141226329,1.561714188391755
1.2,7119.839904524485,1.5239943460949188
1.2,7119.839904524485,1.5897238282373365
1.2,6892.260886968362,1.5619614491599432
1.2,7118.643717362271,1.5241245280265965
1.2,7118.643717362271,1.5899326957883728
1.2,6890.565274443776,1.5622215044384182
1.2,7117.340937228203,1.5242663090223674
1.2,7117.340937228203,1.5901568370016486
1.2,6888.746017558137,1.5624987976431657
1.2,7115.995672197622,1.524412667165964
1.2,7115.995672197622,1.590388653675529
1.2,6886.865202975849,1.562788586822625
1.2,7114.586596665406,1.5245660855745065
1.2,7114.586596665406,1.590630741826209
1.2,6884.902216665714,1.5630908861994828
1.2,7113.135089081137,1.5247240879484396
1.2,7113.135089081137,1.59088311094919
1.2,6882.857123116501,1.5634057106188608
1.2,7111.598494206957,1.5248916400958263
1.2,7111.598494206957,1.59114836185566
1.2,6880.709340652863,1.5637356233686404
1.2,7109.998197664068,1.5250658559736965
1.2,7109.998197664068,1.591421169872675
1.2,6878.500242832662,1.5640777661588028
1.2,7108.334238909852,1.525247562081098
1.2,7108.334238909852,1.59170962936328
1.2,6876.1679746696445,1.564435363534053
1.2,7106.627984763323,1.525433459111313
1.2,7106.627984763323,1.5920056679648646
1.2,6873.774540112718,1.5648077789176695
1.2,7104.858142210173,1.5256268560905826
1.2,7104.858142210173,1.5923147920899057
1.2,6871.278751948349,1.5651931395987946
1.2,7103.003438936855,1.525829421585528
1.2,7103.003438936855,1.5926341128727908
1.2,6868.701328307462,1.5655882525818496
1.2,7101.106557122147,1.5260366039515916
1.2,7101.106557122147,1.592961200140166
1.2,6866.062962172525,1.565998573017188
1.2,7099.124917249896,1.5262533791297834
1.2,7099.124917249896,1.5933038574940843
1.2,6863.301914794053,1.5664241252464877
1.2,7097.1011836435455,1.5264747822861255
1.2,7097.1011836435455,1.593656906879399
1.2,6860.459508294691,1.5668649345333951
1.2,7095.014095436366,1.5267033052071064
1.2,7095.014095436366,1.5940177618820175
1.2,6857.556420850313,1.5673159077273808
1.2,7092.863703945709,1.5269385434161156
1.2,7092.863703945709,1.5943914819523706
1.2,6854.551569205368,1.5677844166671877
1.2,7090.65006202376,1.5271813262980056
1.2,7090.65006202376,1.5947757913900171
1.2,6851.465644745568,1.5682634646096263
1.2,7088.373224054276,1.5274308384905892
1.2,7088.373224054276,1.595173000770742
1.2,6848.278188264017,1.5687601045118154
1.2,7086.033245949281,1.5276874986315654
1.2,7086.033245949281,1.5955780731299112
1.2,6845.03043172016,1.569267002132032
1.2,7083.651447905134,1.5279492341856544
1.2,7083.651447905134,1.5959963887078743
1.2,6841.681370546209,1.5697896433906728
1.2,7081.185356599815,1.5282202124440287
1.2,7081.185356599815,1.5964250509556714
1.2,6838.251673693613,1.570324829857363
1.2,7078.656301858393,1.5284983621165655
1.2,7078.656301858393,1.5968668410646938
1.2,6834.720929989773,1.5708729181456549
1.2,7076.085587690997,1.52878119698141
1.2,7076.085587690997,1.5973165585272613
1.2,6831.130308957241,1.57143650891624
1.2,7073.4307862832,1.5290733016470068
1.2,7073.4307862832,1.5977766747886084
1.2,6827.459394887077,1.5720127301559916
1.2,7070.734439123466,1.529370518436096
1.2,7070.734439123466,1.5982501317592652
1.2,6823.687814386095,1.5726048488324202
1.2,7067.932930648876,1.5296795218854768
1.2,7067.932930648876,1.598739259424375
1.2,6819.795238815082,1.5732148185085286
1.2,7065.132434907754,1.5299886585543367
1.2,7065.132434907754,1.5992339263307422
1.2,6815.863742427632,1.5738355994855435
1.2,7062.226930196211,1.5303096022031055
1.2,7062.226930196211,1.5997416903473614
1.2,6811.832007380868,1.5744691383960006
1.2,7059.280123036648,1.5306352786817088
1.2,7059.280123036648,1.6002574897446389
1.2,6807.7410950413705,1.5751157978760033
1.2,7056.292061195866,1.5309661068050582
1.2,7056.292061195866,1.600786740288839
1.2,6803.55022901261,1.5757785295642144
0.839,2700.7370707525465,1.912821098505597
0.839,2700.7370707525465,1.9126763599219907
0.839,2474.1811513405946,1.832742168710264
0.863,2707.3404221545666,1.850803574598891
0.863,2707.3404221545666,1.9079436488725705
0.863,2454.7882604518977,1.7977567602740747
0.888,2674.1188082758317,1.803054047697648
0.888,2674.1188082758317,1.7926134518579548
0.888,2476.3211512776,1.787437293214818
0.912,2689.0209100930365,1.6206411996699683
0.912,2689.0209100930365,1.9168480629582856
0.912,2504.9259021846347,1.6779523438496875
0.937,2660.328293245139,1.6623945771939752
0.937,2660.328293245139,1.899497358123665
0.937,2470.7499628717246,1.7388974715862109
0.961,2626.504646418413,1.8335469290585376
0.961,2626.504646418413,1.700127524124724
0.961,2373.7244764854995,1.7792077336867795
0.986,2599.55895155806,1.7504758934069091
0.986,2599.55895155806,1.7879683237636554
0.986,2429.554874237941,1.7083333132196408
1.01,2599.143564859626,1.7273332992283352
1.01,2599.143564859626,1.7938104313982186
1.01,2432.595261185189,1.760532192637024
1.035,2562.5176597367954,1.7569369403558703
1.035,2562.5176597367954,1.7707447897239093
1.035,2415.240655494297,1.760120719810787
1.059,2554.8697431535693,1.7447161849819608
1.059,2554.8697431535693,1.7018932707148196
1.059,2413.228795320349,1.7564288362680889
1.084,2549.55033986861,1.7069437948201147
1.084,2549.55033986861,1.7040138312817117
1.084,2399.15791936669,1.67413374645774
1.108,2517.024270330276,1.685788820991398
1.108,2517.024270330276,1.7534537605179972
1.108,2377.486994049488,1.698065840315954
1.133,2506.573251777449,1.6698362838878034
1.133,2506.573251777449,1.6613048245277984
1.133,2381.5147468265013,1.6863469112853855
1.157,2488.3606919632466,1.71264023362852
1.157,2488.3606919632466,1.704781610703188
1.157,2369.2202938461064,1.6345705742158023
1.182,2472.504823762937,1.629311953929373
1.182,2472.504823762937,1.6428614231704577
1.182,2349.16297236566,1.612806780823984
1.206,2466.929991928113,1.6227880576317324
1.206,2466.929991928113,1.6434149955864454
1.206,2360.179108498128,1.63803786569767
1.231,2424.3070193980293,1.6618081443853554
1.231,2424.3070193980293,1.644618416999111
1.231,2330.7571789294816,1.6318761395229304
1.255,2415.1186934266143,1.6741428273789438
1.255,2415.1186934266143,1.6921548535480502
1.255,2290.134851540679,1.7488591509367812
1.28,2393.901500220421,1.6877331681866097
1.28,2393.901500220421,1.6056898570942892
1.28,2294.873504458921,1.6784913919783655
1.304,2375.092167041321,1.6791034799308748
1.304,2375.092167041321,1.6065973926568462
1.304,2284.7162445568783,1.6613317220689812
1.329,2363.814804603171,1.5902436460882958
1.329,2363.814804603171,1.6635048440224969
1.329,2273.580196979813,1.662259966494971
1.353,2343.495836971624,1.640098162337512
1.353,2343.495836971624,1.6261855718538205
1.353,2285.788181307581,1.6377942779420531
1.378,2326.525498643171,1.6853800401411163
1.378,2326.525498643171,1.612755969194972
1.378,2247.6196984421576,1.543213397152615
1.402,2315.346269348431,1.6687072632510156
1.402,2315.346269348431,1.5231781696633198
1.402,2274.1412088060315,1.6081101040894212
1.427,2287.2234411383183,1.6741797127166185
1.427,2287.2234411383183,1.6212709320943637
1.427,2227.3449108023347,1.5582438377236745
1.451,2282.7003941985763,1.6544602115242366
1.451,2282.7003941985763,1.6278105149468696
1.451,2178.8049639377987,1.6398592010279425
1.476,2263.627360503104,1.6280712609740522
1.476,2263.627360503104,1.6575478734590885
1.476,2162.325731545556,1.595528252145442
1.5,2246.1361113611847,1.636756953463392
1.5,2246.1361113611847,1.6034157562853033
1.5,2179.6484578365025,1.5939314494282977
0.839,2663.269206600749,1.9260135536050715
0.839,2663.269206600749,1.934347952922661
0.839,2419.0721561066,1.8656835511248944
0.863,2669.1325350493767,1.863474285893437
0.863,2669.1325350493767,1.929731400706926
0.863,2400.1112152919627,1.8298000709611653
0.888,2636.3460562354376,1.81581424201044
0.888,2636.3460562354376,1.8131812048620903
0.888,2421.52870451672,1.818145164815716
0.912,2651.215619114949,1.6319904651546873
0.912,2651.215619114949,1.938085586783345
0.912,2450.511957048566,1.7066050637874737
0.937,2621.6440419126343,1.674473509841556
0.937,2621.6440419126343,1.9216188252100237
0.937,2415.106707254901,1.769549217841385
0.961,2588.3949728859284,1.8464004498697493
0.961,2588.3949728859284,1.721236720542553
0.961,2321.0981577953594,1.8087920258127872
0.986,2562.20056867558,1.7632389137973845
0.986,2562.20056867558,1.8092094399507583
0.986,2375.6831753837296,1.7375762889526691
1.01,2561.7583921494197,1.7399405202181917
1.01,2561.7583921494197,1.814343336158299
1.01,2379.288047186609,1.790488473162366
1.035,2525.07006224222,1.7701468100178956
1.035,2525.07006224222,1.7916956368082293
1.035,2361.2177774475413,1.790249958246601
1.059,2517.445400007736,1.7578830538125172
1.059,2517.445400007736,1.721883210752259
1.059,2359.51519493186,1.786231483529035
1.084,2512.227986307438,1.71968771982568
1.084,2512.227986307438,1.7242680588224475
1.084,2346.3806784330377,1.702008949871184
1.108,2479.702452271425,1.6986225525117713
1.108,2479.702452271425,1.7746656243612196
1.108,2324.4201580590866,1.7266794190662589
1.133,2469.3748329146424,1.6826789736203502
1.133,2469.3748329146424,1.6811057882868978
1.133,2328.112115611444,1.715183123127792
1.157,2451.299333522211,1.7259133805007878
1.157,2451.299333522211,1.7248322438280068
1.157,2316.9829855351068,1.6621202701362052
1.182,2435.422708090485,1.6419095829322878
1.182,2435.422708090485,1.662810685321238
1.182,2297.6031749948625,1.6391197319335753
1.206,2429.8926588398645,1.6355028753252114
1.206,2429.8926588398645,1.6627794807303125
1.206,2308.251948219582,1.6655650680529632
1.231,2387.375323919608,1.6751860532763596
1.231,2387.375323919608,1.6648302347265929
1.231,2279.0615662185373,1.6582464497921705
1.255,2377.574422466904,1.687561295108834
1.255,2377.574422466904,1.7132039997689443
1.255,2238.3012899781047,1.7780217749513576
1.28,2357.1994082682286,1.7013290921408326
1.28,2357.1994082682286,1.6252356924886375
1.28,2243.916331350765,1.7063662426135988
1.304,2338.513977363809,1.692780653793195
1.304,2338.513977363809,1.6259369826094392
1.304,2234.070397166189,1.6890596520173056
1.329,2327.0159886613646,1.6032862335555813
1.329,2327.0159886613646,1.6835824865837377
1.329,2222.690332251544,1.6902098432928323
1.353,2307.5075267382954,1.6537611230795528
1.353,2307.5075267382954,1.645060400470325
1.353,2235.2974040333856,1.6655725314758076
1.378,2290.409710257146,1.6993062473969074
1.378,2290.409710257146,1.6320320291123067
1.378,2198.1479021534788,1.568694755644298
1.402,2279.440447205433,1.682939844056166
1.402,2279.440447205433,1.541324283469308
1.402,2223.637298090684,1.635038085204903
1.427,2251.2427133060137,1.6884256755198297
1.427,2251.2427133060137,1.6410685764186237
1.427,2177.7408415820764,1.5843437567444638
1.451,2246.991938890372,1.6678765700296985
1.451,2246.991938890372,1.6477744026246914
1.451,2130.5068963231724,1.6672614063070694
1.476,2228.0320690594062,1.6413332738675823
1.476,2228.0320690594062,1.6780590890229992
1.476,2114.352357728,1.622197547461017
1.5,2210.808801826229,1.6505448944206185
1.5,2210.808801826229,1.6227976933448047
1.5,2131.358966750822,1.6206776293819536
0.839,2828.850093213142,1.8809349141442329
0.839,2828.850093213142,1.9340548701376816
0.839,2592.901483511672,1.9001309249349807
0.863,2769.15223897227,1.9864863820330445
0.863,2769.15223897227,1.731768223799715
0.863,2576.562667585717,1.9013594116503665
0.888,2776.363272931266,1.8839763693029508
0.888,2776.363272931266,1.694695696359684
0.888,2603.7240499117643,1.8662335303878057
0.912,2751.0590386415365,1.7048715758444652
0.912,2751.0590386415365,1.8194730153880443
0.912,2604.791264395933,1.9424983159784688
0.937,2711.5946732054654,1.858744456373892
0.937,2711.5946732054654,1.9181415066193688
0.937,2513.432538934338,1.8734829254227587
0.961,2704.278226065136,1.8837897422859773
0.961,2704.278226065136,1.8472564745886717
0.961,2498.409449633052,1.926497931982431
0.986,2688.9113849403843,1.8143680544644505
0.986,2688.9113849403843,1.8298399848225777
0.986,2508.7281724179784,1.898788421674204
1.01,2655.9935060294765,1.7828746302039422
1.01,2655.9935060294765,1.8097079506673013
1.01,2535.9326053394943,1.7944508120693283
1.035,2637.350535604317,1.8301452359577863
1.035,2637.350535604317,1.7800591034183255
1.035,2511.452590791284,1.7928958573557778
1.059,2621.292168300154,1.730942595144935
1.059,2621.292168300154,1.8037489066437893
1.059,2479.655577228064,1.810567779592547
1.084,2613.2169274911125,1.7502905837887694
1.084,2613.2169274911125,1.728286120806062
1.084,2484.3410425938114,1.7960186496919976
1.108,2596.1428914164294,1.7587219859159868
1.108,2596.1428914164294,1.791603263134974
1.108,2438.705305808018,1.7614106811423116
1.133,2560.804841439344,1.7175711860896166
1.133,2560.804841439344,1.761975659238028
1.133,2432.444731700992,1.7665081819223805
1.157,2530.4345831571623,1.7028523192326306
1.157,2530.4345831571623,1.6561009603558752
1.157,2460.9848895128366,1.798871716350575
1.182,2540.908501349406,1.6746614107942928
1.182,2540.908501349406,1.7063271617299594
1.182,2410.2917696472405,1.7611580007149232
1.206,2499.697227069647,1.71505659713364
1.206,2499.697227069647,1.7375628103426903
1.206,2395.4007824886417,1.7299348007033295
1.231,2487.2599658557424,1.6382075768111573
1.231,2487.2599658557424,1.7163804916541632
1.231,2385.044839279886,1.665793726834634
1.255,2455.0600083023896,1.6414225555482989
1.255,2455.0600083023896,1.7006092690609416
1.255,2418.021567710019,1.8229596546497504
1.28,2444.438858416804,1.6331493509093862
1.28,2444.438858416804,1.6504306306384542
1.28,2347.2620065964657,1.7434767524644486
1.304,2422.7946641069943,1.6354650631259569
1.304,2422.7946641069943,1.6873433523921326
1.304,2360.8485157952564,1.639317944086926
1.329,2406.0885124532288,1.6859918911224503
1.329,2406.0885124532288,1.628905255666384
1.329,2335.2927507199943,1.6326935084356715
1.353,2379.958879047392,1.7150079388390076
1.353,2379.958879047392,1.6365805620404348
1.353,2321.867110575673,1.6522477516016365
1.378,2365.89649693466,1.630565931343088
1.378,2365.89649693466,1.665596521200016
1.378,2337.3893709416293,1.6844046200864615
1.402,2363.253132155728,1.5812733720790848
1.402,2363.253132155728,1.6676097551705076
1.402,2298.498641276558,1.559250888138176
1.427,2345.447803184665,1.6899545988682014
1.427,2345.447803184665,1.585729879581651
1.427,2281.9011576754874,1.5185113464687074
1.451,2330.6130501292164,1.6564443931900574
1.451,2330.6130501292164,1.6515559408344231
1.451,2265.020916547363,1.5214230744768242
1.476,2298.465339514566,1.6380049423440604
1.476,2298.465339514566,1.6366944332137536
1.476,2266.1330561161794,1.5322958910144415
1.5,2265.414373164206,1.7367532218637896
1.5,2265.414373164206,1.614703018205398
1.5,2216.686133250203,1.506641292185073
0.839,2700.0723898822644,1.922169018985752
0.839,2700.0723898822644,1.9770445204592213
0.839,2476.102444570105,1.9461233949903067
0.863,2643.1305884158214,2.03198071210765
0.863,2643.1305884158214,1.770479280575586
0.863,2460.551743258206,1.9501300776460733
0.888,2650.065683204091,1.9275636200697093
0.888,2650.065683204091,1.7330174119299089
0.888,2486.549565140772,1.9094810261801496
0.912,2625.910535970065,1.7447259007549845
0.912,2625.910535970065,1.8589589993148
0.912,2487.5419158575373,1.9918427106342995
0.937,2588.315756289433,1.900463128511504
0.937,2588.315756289433,1.9647233774385044
0.937,2400.3676625366625,1.9161784269825788
0.961,2581.333423861676,1.925876070592984
0.961,2581.333423861676,1.8880479344627024
0.961,2386.070042282521,1.977499854114992
0.986,2566.6681548073816,1.8556053179102447
0.986,2566.6681548073816,1.8694627964367851
0.986,2395.917862679692,1.9498534070951976
1.01,2535.246787782189,1.8255645492747248
1.01,2535.246787782189,1.850805705712375
1.01,2421.8261798730327,1.8411716061126764
1.035,2517.516921361471,1.873776894108116
1.035,2517.516921361471,1.8225206769823648
1.035,2398.5308679738573,1.8355838945877136
1.059,2502.1867624494453,1.771288745487796
1.059,2502.1867624494453,1.847547569438822
1.059,2368.125832846629,1.8564049924410035
1.084,2494.495640331966,1.791625811223812
1.084,2494.495640331966,1.7685475960885804
1.084,2372.614547223363,1.8413467117121387
1.108,2478.197770926422,1.7990648220299543
1.108,2478.197770926422,1.8356208533899976
1.108,2329.0329494455464,1.8052096083395703
1.133,2444.4885711388724,1.757939395492926
1.133,2444.4885711388724,1.8053849021815689
1.133,2323.072281949782,1.8106833730602376
1.157,2415.46817389385,1.7452383188956353
1.157,2415.46817389385,1.6949710393511797
1.157,2350.251252547319,1.8443315182699087
1.182,2425.5270893002366,1.7137327517583607
1.182,2425.5270893002366,1.747024843548094
1.182,2301.935374566602,1.806542325278013
1.206,2386.210058032631,1.7561865504187348
1.206,2386.210058032631,1.782043276702257
1.206,2287.717791802438,1.7697696912286096
1.231,2374.293329623843,1.677400159603931
1.231,2374.293329623843,1.760713788373399
1.231,2277.761532539485,1.7046592595766237
1.255,2343.6195938436385,1.6834484218023404
1.255,2343.6195938436385,1.738532751808674
1.255,2309.310996113056,1.870421434234584
1.28,2333.490845679456,1.6722651034469245
1.28,2333.490845679456,1.690864144379002
1.28,2241.708046224679,1.7897750837919073
1.304,2312.827263570448,1.6761708212495663
1.304,2312.827263570448,1.727719652598701
1.304,2254.686191629741,1.6830518733677402
1.329,2296.8758604164896,1.7275840261808268
1.329,2296.8758604164896,1.6695472553954998
1.329,2230.261130509266,1.675413142645785
1.353,2271.921805487814,1.7578933422351892
1.353,2271.921805487814,1.6762093187028535
1.353,2217.41709731584,1.6972970845107596
1.378,2258.5034045893453,1.672579957597894
1.378,2258.5034045893453,1.7049867584074516
1.378,2232.2423738156817,1.7287233931955848
1.402,2255.9964564462625,1.6203096055119015
1.402,2255.9964564462625,1.7072771874789592
1.402,2195.1117116039227,1.6029425022966477
1.427,2238.986782231732,1.7318449461241667
1.427,2238.986782231732,1.6258257298116572
1.427,2179.22635102986,1.5579617465726112
1.451,2224.8637620924624,1.6973135615526411
1.451,2224.8637620924624,1.693878348908315
1.451,2163.141906061838,1.5609818537127178
1.476,2194.1759841313547,1.6799623622597724
1.476,2194.1759841313547,1.677034290100405
1.476,2164.240730819256,1.5721206821579794
1.5,2162.6084891808864,1.7804673771951762
1.5,2162.6084891808864,1.6560568063493109
1.5,2116.993834755988,1.5471349045869027
0.839,7947.781668321602,1.6537858464508863
0.839,7947.781668321602,1.7066696388789189
0.839,7369.720935243036,1.6027901035729166
0.863,7803.024731822893,1.769464666012084
0.863,7803.024731822893,1.5240361291350706
0.863,7276.963906474242,1.6016159263251375
0.888,7807.964688705028,1.693498173159195
0.888,7807.964688705028,1.5030712021508792
0.888,7341.614681649294,1.5609812823276987
0.912,7745.418064219927,1.5013490665516902
0.912,7745.418064219927,1.508440041587357
0.912,7472.225419195763,1.6286648326656907
0.937,7647.167436106145,1.6608367578543577
0.937,7647.167436106145,1.617523771137691
0.937,7179.261473915532,1.5695649490431882
0.961,7638.225570652393,1.6891705957582452
0.961,7638.225570652393,1.5603929351487256
0.961,7112.81016886591,1.6741276740678508
0.986,7564.592543267568,1.6511618941913813
0.986,7564.592543267568,1.652861674951349
0.986,7103.912904869386,1.6691310335606553
1.01,7494.317928766846,1.609467314392869
1.01,7494.317928766846,1.6533529992505145
1.01,7159.29630312287,1.6045524361231935
1.035,7440.704488508703,1.676346959930744
1.035,7440.704488508703,1.5368144588394628
1.035,7159.029415886359,1.6375036002984424
1.059,7394.221975006468,1.6037371565835887
1.059,7394.221975006468,1.5752012111470342
1.059,7026.392315426082,1.6700335942065816
1.084,7365.711381093282,1.6390678876591005
1.084,7365.711381093282,1.505643417738746
1.084,7030.806178665882,1.6694238607941658
1.108,7317.98239108714,1.6375977773169723
1.108,7317.98239108714,1.6213270003461064
1.108,6900.677231699953,1.631856576273713
1.133,7221.002035987378,1.5878996576916595
1.133,7221.002035987378,1.5813466899551327
1.133,6862.299698926509,1.6483313464049747
1.157,7132.5605988044645,1.5735134435568838
1.157,7132.5605988044645,1.5206600508606885
1.157,6950.187314559569,1.687979700878346
1.182,7163.595883547228,1.5440851242320983
1.182,7163.595883547228,1.5376350015269546
1.182,6808.785035460542,1.632639473084915
1.206,7057.056351409875,1.5856963832938955
1.206,7057.056351409875,1.5953389730402274
1.206,6765.0839154094565,1.6167442909236072
1.231,7018.595013704121,1.5264559711484578
1.231,7018.595013704121,1.5933979521005068
1.231,6735.425076758217,1.5685317653492326
1.255,6921.30425172441,1.5357770623307374
1.255,6921.30425172441,1.5884074513983195
1.255,6821.557353027829,1.6851441860382894
1.28,6890.1807913993935,1.559758225856711
1.28,6890.1807913993935,1.5403768158523374
1.28,6615.649834785155,1.6408571080347476
1.304,6821.088670400336,1.586263096740866
1.304,6821.088670400336,1.572342096328733
1.304,6671.461473456462,1.5251105666715734
1.329,6800.056313766236,1.5918361024194372
1.329,6800.056313766236,1.5280839690008945
1.329,6598.684085933174,1.5050985824843337
1.353,6737.061230970875,1.597388922824855
1.353,6737.061230970875,1.5494738747604513
1.353,6539.782781794693,1.5099263369007798
1.378,6696.737949135927,1.5109250712099858
1.378,6696.737949135927,1.5688643824459738
1.378,6612.562410911231,1.5440192038926648
1.402,6673.229174304372,1.4946186491683813
1.402,6673.229174304372,1.5766642421284252
1.402,6541.532504599553,1.3486830551196318
1.427,6643.156316969174,1.5730344175099351
1.427,6643.156316969174,1.4707663599583074
1.427,6472.533664060971,1.340023176123541
1.451,6597.673699399851,1.5471547235207035
1.451,6597.673699399851,1.5330235468461075
1.451,6453.642913436897,1.3339616049024872
1.476,6502.893638830835,1.5289606754419958
1.476,6502.893638830835,1.5288696696845712
1.476,6452.212174857774,1.336025773161183
1.5,6416.111120601743,1.6137515262794453
1.5,6416.111120601743,1.4840115541883026
1.5,6328.033662342158,1.3244511052903174
1.2,2360.7372281101507,1.6142251702730377
1.2,2360.7372281101507,1.7169684150442757
1.2,2216.709310525005,1.7430950783816932
1.2,2367.355308765012,1.6485669796064435
1.2,2367.355308765012,1.7331944268090866
1.2,2203.3714305744543,1.735592845376707
1.2,2370.268815422329,1.6144464540026895
1.2,2370.268815422329,1.711794733533795
1.2,2260.271996286512,1.6935430954606774
1.2,2373.0675798020698,1.652733721378003
1.2,2373.0675798020698,1.6632890395992612
1.2,2261.205989924305,1.6990813444171635
1.2,2378.1540714279827,1.6596027717194146
1.2,2378.1540714279827,1.674046114071082
1.2,2258.528572478355,1.7190759837219252
1.2,2389.13836955877,1.6702445712886482
1.2,2389.13836955877,1.7040924042762062
1.2,2286.936463770956,1.6581806654536562
1.2,2395.8314516578725,1.6552991010960267
1.2,2395.8314516578725,1.7148204773190456
1.2,2236.2976440903312,1.7136111542206809
1.2,2387.227987019908,1.656145065888931
1.2,2387.227987019908,1.6980030029310291
1.2,2274.4749381824718,1.7309469137498643
1.2,2390.4683895594626,1.6711881878854509
1.2,2390.4683895594626,1.7240433634563328
1.2,2259.947020944745,1.6696425899911966
1.2,2397.393217048924,1.6638991597386463
1.2,2397.393217048924,1.6958733651260884
1.2,2286.620802771888,1.7607503424984894
1.2,2405.388551889979,1.6846267126976826
1.2,2405.388551889979,1.7102603418259976
1.2,2278.087820226493,1.7110260995831614
1.2,2410.68411785788,1.72756172607118
1.2,2410.68411785788,1.69756600829194
1.2,2257.3997456843736,1.704289073310583
1.2,2421.0174111201663,1.7014531517622682
1.2,2421.0174111201663,1.728973947537859
1.2,2264.4265291282168,1.6328400744957798
1.2,2439.659741913204,1.6193771585150192
1.2,2439.659741913204,1.7003678072996062
1.2,2311.197188139822,1.6430869469742495
1.2,2426.4201177636114,1.6746639117673652
1.2,2426.4201177636114,1.731824253334758
1.2,2293.8746701911123,1.695425557632818
1.2,2440.231248262341,1.6912872185642516
1.2,2440.231248262341,1.6977086215827786
1.2,2303.0682595973058,1.671099491828476
1.2,2432.4255045671985,1.7010171087517971
1.2,2432.4255045671985,1.7319015526226618
1.2,2284.4444917266314,1.628768691873366
1.2,2441.235582605666,1.646355754131921
1.2,2441.235582605666,1.6883865422892956
1.2,2334.713238818584,1.642190520170568
1.2,2439.803178047938,1.6644354926567204
1.2,2439.803178047938,1.696197948351201
1.2,2351.513278478364,1.6632380175605
1.2,2453.8874202191923,1.6843207706266503
1.2,2453.8874202191923,1.7434770204549963
1.2,2319.0665262576736,1.618710366542849
1.2,2449.6993713190755,1.6871461595894242
1.2,2449.6993713190755,1.7386048028146184
1.2,2351.240774371935,1.7347333475305535
1.2,2445.1881663315708,1.6983729102285492
1.2,2445.1881663315708,1.766651965274277
1.2,2329.6773732885104,1.6695290326275949
1.2,2455.3335864643336,1.6744420336507695
1.2,2455.3335864643336,1.6708927187960083
1.2,2370.584159000656,1.8199173382354064
1.2,2464.5294947064604,1.6720764252107974
1.2,2464.5294947064604,1.6462337434014347
1.2,2384.052647920869,1.750171996664323
1.2,2466.455521505532,1.6938652327009156
1.2,2466.455521505532,1.686233858229926
1.2,2376.83660337792,1.7262550674438644
1.2,2457.337546495053,1.6238869914585223
1.2,2457.337546495053,1.826205600103504
1.2,2338.4207046843594,1.7437640615726344
1.2,2475.7025718015034,1.680376768248348
1.2,2475.7025718015034,1.706043458357197
1.2,2362.6511914151515,1.71564203299971
1.2,2475.382963444798,1.6760955684299148
1.2,2475.382963444798,1.7351563613050207
1.2,2368.6504861010503,1.7730928035386522
1.2,2484.4595027360665,1.7207896920301449
1.2,2484.4595027360665,1.6971773227745512
1.2,2379.20766291004,1.720623653365869
1.2,2472.5449906923286,1.6817954427876918
1.2,2472.5449906923286,1.6185154868327478
1.2,2421.3399452700824,1.731061251440987
1.2,2476.045575731083,1.6895031744333284
1.2,2476.045575731083,1.7000302379030332
1.2,2389.197597734408,1.663150092575345
1.2,2490.9435960801893,1.6512159222356215
1.2,2490.9435960801893,1.7337716307178548
1.2,2400.6400962997755,1.674781108460253
1.2,2490.2593010080377,1.6621166997418255
1.2,2490.2593010080377,1.690435524063086
1.2,2391.9113689761725,1.700402315713632
1.2,2500.427862809857,1.7131165958068764
1.2,2500.427862809857,1.6853802263875943
1.2,2380.440417963485,1.7689227253541642
1.2,2512.3165084311563,1.64415038586703
1.2,2512.3165084311563,1.7168193516799244
1.2,2407.1064124717327,1.7400691388641532
1.2,2503.09896399682,1.6263815293903257
1.2,2503.09896399682,1.7285561485670395
1.2,2390.990402760744,1.7104687061154886
1.2,2514.6119348277684,1.652024524252835
1.2,2514.6119348277684,1.6578514962950683
1.2,2420.5714044631354,1.7560572842414122
1.2,2504.323611863344,1.6946935449040748
1.2,2504.323611863344,1.6681378879086446
1.2,2404.9619301418634,1.7552275192646265
1.2,2503.4253802594512,1.662583931306994
1.2,2503.4253802594512,1.6513458977454882
1.2,2392.92209485191,1.769794196356779
1.2,2517.895309795733,1.6626504262463075
1.2,2517.895309795733,1.7111380076651157
1.2,2411.0228560894134,1.8032188173143109
1.2,2509.984497341583,1.71085384251027
1.2,2509.984497341583,1.814726249573006
1.2,2384.291748820067,1.7359983831520127
1.2,2521.3400234914625,1.6795297068655288
1.2,2521.3400234914625,1.6412763141336566
1.2,2432.2133722368817,1.7155217869439408
1.2,2527.782194429516,1.650724553314754
1.2,2527.782194429516,1.6646737418728628
1.2,2483.5848070465727,1.692091410479611
1.2,2534.163945524497,1.6647302655948486
1.2,2534.163945524497,1.676773342067832
1.2,2479.058175866213,1.8465269765591208
1.2,2530.7872657911234,1.600303008469133
1.2,2530.7872657911234,1.7353068330628478
1.2,2441.355107666585,1.8934654867169591
1.2,2531.751332959167,1.6216559927228484
1.2,2531.751332959167,1.6951710423692068
1.2,2491.310442264058,1.69434133996627
1.2,2535.348763115453,1.6430945424536252
1.2,2535.348763115453,1.700950550802167
1.2,2468.5182880797583,1.7691815894251577
1.2,2532.2935905975005,1.6626353931944629
1.2,2532.2935905975005,1.7324710830490406
1.2,2462.7769269855216,1.7739313310239742
1.2,2534.535803989539,1.673485863579473
1.2,2534.535803989539,1.6806230809046392
1.2,2479.1146707065536,1.7287811688703965
1.2,2534.5818210530665,1.68826826053189
1.2,2534.5818210530665,1.681124358911671
1.2,2499.6240655019933,1.654731927915361
1.2,2253.985072365231,1.648852778366181
1.2,2253.985072365231,1.7536317906095502
1.2,2117.3572574565296,1.7870482637378966
1.2,2259.966653315115,1.6850138897616982
1.2,2259.966653315115,1.7699689612170164
1.2,2104.500465521875,1.779736353370189
1.2,2262.388475746601,1.649552702429933
1.2,2262.388475746601,1.7535834017696958
1.2,2160.583030899319,1.723249501772128
1.2,2265.364229919784,1.691492787765804
1.2,2265.364229919784,1.6996958660626778
1.2,2158.745121358332,1.7404588314160343
1.2,2270.072891218073,1.6980270001889992
1.2,2270.072891218073,1.708677962557401
1.2,2157.6993218607668,1.7598135354983748
1.2,2279.56914417022,1.7128469309300536
1.2,2279.56914417022,1.7465027747821606
1.2,2182.341576773598,1.6914636266530092
1.2,2287.2262232373,1.6922745525476144
1.2,2287.2262232373,1.753404587860112
1.2,2135.8092406337205,1.756541079694879
1.2,2278.888782839583,1.6953126017458051
1.2,2278.888782839583,1.7367269355936723
1.2,2172.327758038434,1.770899884619615
1.2,2281.92680396914,1.7086952947764829
1.2,2281.92680396914,1.7787137314876025
1.2,2158.8707896159626,1.6890425746070152
1.2,2288.632144275699,1.7032895510091262
1.2,2288.632144275699,1.732257168441438
1.2,2183.607695212498,1.806890109145336
1.2,2295.955969995904,1.7244470464403825
1.2,2295.955969995904,1.7487198331982488
1.2,2175.5970348162323,1.7529757997144004
1.2,2301.291538304079,1.76670918447595
1.2,2301.291538304079,1.73589351668689
1.2,2156.049364749116,1.7482484375550484
1.2,2311.1568109435566,1.7398044652186675
1.2,2311.1568109435566,1.7709925003159706
1.2,2163.1205414164747,1.6698643537198226
1.2,2328.8990982677583,1.6566762261527737
1.2,2328.8990982677583,1.7391307126128317
1.2,2207.352665957621,1.6840603546632051
1.2,2316.316550306207,1.7133070943149666
1.2,2316.316550306207,1.7704728548137088
1.2,2190.883769075241,1.7382399578264136
1.2,2329.473763808088,1.7302878568217113
1.2,2329.473763808088,1.734604544414269
1.2,2199.6399172666465,1.714438535531284
1.2,2321.93176299393,1.7400119610177982
1.2,2321.93176299393,1.7719660003108757
1.2,2183.0544968789177,1.6716464754281086
1.2,2330.3717084030704,1.6854559705626082
1.2,2330.3717084030704,1.727628480151228
1.2,2229.770324903473,1.6833519104992631
1.2,2329.048069099053,1.7048718000211132
1.2,2329.048069099053,1.7342409918378696
1.2,2245.9021225815386,1.7043725178005156
1.2,2342.523576004293,1.723322716359875
1.2,2342.523576004293,1.784996192925579
1.2,2214.9090344985498,1.6588781014708234
1.2,2338.5009432473844,1.7277076150285382
1.2,2338.5009432473844,1.778358489917938
1.2,2245.5663346208635,1.777267533581727
1.2,2334.205706068098,1.7386284535914638
1.2,2334.205706068098,1.8081763415134555
1.2,2225.095408746024,1.7110965447362472
1.2,2343.477745703973,1.7169811828405577
1.2,2343.477745703973,1.708636715760334
1.2,2261.882907128628,1.869289950039059
1.2,2352.6366996927354,1.71307605949542
1.2,2352.6366996927354,1.6843699991710983
1.2,2276.898239295899,1.7917558657481305
1.2,2354.464464065743,1.7347984570165496
1.2,2354.464464065743,1.7175222303964162
1.2,2269.644801926315,1.771869977314145
1.2,2346.747895500142,1.6705733451611886
1.2,2346.747895500142,1.83881941214277
1.2,2235.2837049685845,1.7884856808901268
1.2,2363.318354236659,1.720183622841987
1.2,2363.318354236659,1.746956815057697
1.2,2256.465225802629,1.757526026001571
1.2,2362.99740705194,1.7160713636865794
1.2,2362.99740705194,1.7774081499791765
1.2,2262.1765718269216,1.815577956233357
1.2,2371.6332329409256,1.7621611035447888
1.2,2371.6332329409256,1.7351579100134662
1.2,2272.43198458925,1.7655729756379253
1.2,2360.3136846972534,1.723700749896668
1.2,2360.3136846972534,1.6567878190738208
1.2,2312.806392359746,1.772834155105244
1.2,2363.6208784794158,1.7307108996546048
1.2,2363.6208784794158,1.7403794002604145
1.2,2281.7394058083514,1.70601296862968
1.2,2377.606982372399,1.686938427810782
1.2,2377.606982372399,1.7753138051889177
1.2,2295.2775337222947,1.7170117798954996
1.2,2377.9805154286164,1.704044247157018
1.2,2377.9805154286164,1.7261170289679213
1.2,2283.350491156358,1.7383688577424905
1.2,2386.896089311289,1.7535394131961912
1.2,2386.896089311289,1.7265754863119709
1.2,2273.426011806125,1.812693354532356
1.2,2398.2343637179665,1.6834203297528605
1.2,2398.2343637179665,1.7570787054618904
1.2,2298.864412433078,1.7865759090842732
1.2,2389.4502441445893,1.6634163131283968
1.2,2389.4502441445893,1.7732895929644616
1.2,2283.2463660238327,1.7537182360753032
1.2,2400.4286052217885,1.6918587763614206
1.2,2400.4286052217885,1.6962260703960217
1.2,2311.51249047737,1.8023406330758336
1.2,2390.562530989016,1.7360818194493135
1.2,2390.562530989016,1.7073499645680184
1.2,2296.788014341353,1.798665298647943
1.2,2389.726830425417,1.7021055347426142
1.2,2389.726830425417,1.6924165814787004
1.2,2285.3003115692127,1.8135933168046088
1.2,2403.542799434571,1.7024522885235291
1.2,2403.542799434571,1.7523487850229795
1.2,2302.757938518449,1.8487057696505265
1.2,2395.996677178849,1.7521170300119733
1.2,2395.996677178849,1.85964444330532
1.2,2277.3527861583293,1.7802553162845196
1.2,2406.9501569443078,1.7207433684532552
1.2,2406.9501569443078,1.683600269509639
1.2,2322.299599119852,1.7584634388384135
1.2,2412.9621733664994,1.6927919049603717
1.2,2412.9621733664994,1.7034253803161774
1.2,2371.8566665301614,1.7352553535230626
1.2,2419.0660925897905,1.706713362576302
1.2,2419.0660925897905,1.715206739959682
1.2,2367.564243553704,1.8939949866972428
1.2,2415.9513906411453,1.638187971752186
1.2,2415.9513906411453,1.7762588406998654
1.2,2332.756209227444,1.9401910696533116
1.2,2416.841935311015,1.6632425846273284
1.2,2416.841935311015,1.7339981980004886
1.2,2379.372607454132,1.7428394697397316
1.2,2420.6990287477947,1.688360161305157
1.2,2420.6990287477947,1.736627512513085
1.2,2363.0040700652958,1.7811357949234758
1.2,2417.260313202483,1.70394678107737
1.2,2417.260313202483,1.7741490255408896
1.2,2351.972626237817,1.8206607448044363
1.2,2421.181066868307,1.7145461830496496
1.2,2421.181066868307,1.7228809244726442
1.2,2365.497059616321,1.7767627980714409
1.2,2419.44150015725,1.7317251984535929
1.2,2419.44150015725,1.7223177289391969
1.2,2387.1445815875604,1.6966552939614306
1.2,6694.559781012756,1.4926772666878316
1.2,6694.559781012756,1.5668322455605015
1.2,6327.061103328397,1.5824816674474795
1.2,6698.503434591133,1.553168445210919
1.2,6698.503434591133,1.5789445960549149
1.2,6293.382699270736,1.5959216812325667
1.2,6707.297168761086,1.51034725754259
1.2,6707.297168761086,1.5542598759292054
1.2,6431.551433123673,1.542480746178594
1.2,6725.578244584792,1.5439435813415257
1.2,6725.578244584792,1.5251510141540914
1.2,6399.411587035001,1.5533236325163065
1.2,6742.395744043513,1.541780409019659
1.2,6742.395744043513,1.5176025701215532
1.2,6402.94721700869,1.568032531762365
1.2,6763.082847529787,1.5526485352366737
1.2,6763.082847529787,1.569574514911066
1.2,6454.446094609006,1.5074491988179528
1.2,6781.643152295435,1.5323313375260137
1.2,6781.643152295435,1.5715139589747136
1.2,6366.428137849949,1.5560620152275464
1.2,6740.753696398968,1.5619727929637577
1.2,6740.753696398968,1.5722831840254312
1.2,6449.025840534736,1.594660530061421
1.2,6745.197903262901,1.6018897148086657
1.2,6745.197903262901,1.609812094753842
1.2,6443.129821790317,1.5109928545555191
1.2,6757.990837253971,1.5923535925932588
1.2,6757.990837253971,1.5697611819759685
1.2,6523.358967524107,1.6072133984117214
1.2,6780.6756923701,1.6104629742908136
1.2,6780.6756923701,1.5701278768901428
1.2,6528.231939765106,1.57076860196952
1.2,6796.926331922868,1.6279348653423202
1.2,6796.926331922868,1.5563852449332871
1.2,6447.992076597535,1.5595661169171864
1.2,6834.5361214796585,1.5954074359690102
1.2,6834.5361214796585,1.6207277251176628
1.2,6458.078713315897,1.4761364710603582
1.2,6889.012767781615,1.518261833541015
1.2,6889.012767781615,1.589583866837606
1.2,6584.283525472432,1.4966900375308478
1.2,6860.8281922489605,1.553468436008192
1.2,6860.8281922489605,1.6183125787776107
1.2,6532.875005360582,1.5380490673555944
1.2,6900.868481724694,1.5721013320595114
1.2,6900.868481724694,1.5899794406541243
1.2,6537.814822042041,1.5013041697919876
1.2,6888.356327135419,1.5614846728547649
1.2,6888.356327135419,1.6253255101485993
1.2,6489.578688131788,1.450905728105896
1.2,6913.3265285847565,1.5168957053959928
1.2,6913.3265285847565,1.5768026868796952
1.2,6637.135400931512,1.4554830223844395
1.2,6911.868566150319,1.5369791879815484
1.2,6911.868566150319,1.5923539629635086
1.2,6672.8747307086505,1.4437051520701312
1.2,6944.638472414229,1.5687813202499412
1.2,6944.638472414229,1.5965837386930195
1.2,6584.679544624226,1.4722821921942313
1.2,6927.226439894174,1.566831541970276
1.2,6927.226439894174,1.6170310043890153
1.2,6685.67395609447,1.5456197732044028
1.2,6913.068033670516,1.5815544483008572
1.2,6913.068033670516,1.6381370448039951
1.2,6644.385808146858,1.4823103326246916
1.2,6929.222498389365,1.5661790524498984
1.2,6929.222498389365,1.5473429798431744
1.2,6766.399033912157,1.6743904958454665
1.2,6943.218565927183,1.577235638753217
1.2,6943.218565927183,1.521645963848927
1.2,6783.512092485448,1.5967591802209675
1.2,6947.658361802775,1.6001946904766386
1.2,6947.658361802775,1.5442877471842544
1.2,6763.353687244727,1.5978266481812955
1.2,6935.440436057354,1.59253647730611
1.2,6935.440436057354,1.5892337526598992
1.2,6737.789408490116,1.5225341617197774
1.2,6975.907898591511,1.594501469149484
1.2,6975.907898591511,1.583211168136827
1.2,6691.225311896428,1.5465683692359358
1.2,6976.233810017858,1.6041804553749284
1.2,6976.233810017858,1.5938498875843066
1.2,6719.753599152969,1.60185863102535
1.2,7014.666565055479,1.6341983403831513
1.2,7014.666565055479,1.5590849277977517
1.2,6696.709166355006,1.5635968408684373
1.2,6993.606409225751,1.5862584903773391
1.2,6993.606409225751,1.4859253729350457
1.2,6845.725175900062,1.63582352442547
1.2,6992.056197832822,1.6079116536682596
1.2,6992.056197832822,1.555648627034066
1.2,6747.600351941925,1.5438738468817137
1.2,7026.874107835827,1.5573566263242538
1.2,7026.874107835827,1.5831111630014811
1.2,6804.583509291068,1.5028158252273018
1.2,7019.409324152348,1.5735472891173712
1.2,7019.409324152348,1.526610630826742
1.2,6767.45714112082,1.5367800915600829
1.2,7051.444803952582,1.6056553520672612
1.2,7051.444803952582,1.529765858314842
1.2,6733.365248304369,1.66727011306
1.2,7090.495599348752,1.531184101146222
1.2,7090.495599348752,1.571919051503042
1.2,6800.635614107868,1.6343466138220282
1.2,7065.416177346896,1.4989274602204858
1.2,7065.416177346896,1.561664365784055
1.2,6786.139424485285,1.5546164495973316
1.2,7091.322459752929,1.5297647963772003
1.2,7091.322459752929,1.522239672633846
1.2,6828.265527244732,1.57844058543606
1.2,7067.699866730541,1.563614617749014
1.2,7067.699866730541,1.5590410408497213
1.2,6773.911261523115,1.6416368215780863
1.2,7059.032197448275,1.5364529278038372
1.2,7059.032197448275,1.5831491909855864
1.2,6740.690145925061,1.534980561192147
1.2,7100.5096727150685,1.5349545757243408
1.2,7100.5096727150685,1.5924312672383931
1.2,6790.697549287032,1.5942492016045853
1.2,7074.401787089921,1.5824202532182252
1.2,7074.401787089921,1.6517726156355952
1.2,6751.610613306026,1.6298645424319786
1.2,7092.152914496303,1.5679811945186024
1.2,7092.152914496303,1.4959891307235516
1.2,6878.323782313055,1.5563311999232343
1.2,7113.404929064886,1.5487031045817004
1.2,7113.404929064886,1.5506147513130015
1.2,6982.170859099036,1.5510550148054938
1.2,7119.568242389679,1.5378929001400576
1.2,7119.568242389679,1.549518544976081
1.2,7013.378940394794,1.6794517469901624
1.2,7118.501422377167,1.521163916202213
1.2,7118.501422377167,1.5909994070005002
1.2,6961.880069244367,1.7085462892682075
1.2,7121.376810968753,1.5210571146195049
1.2,7121.376810968753,1.5637153684772405
1.2,7074.094808708665,1.5290845860774704
1.2,7125.755945552147,1.5695489621066283
1.2,7125.755945552147,1.5415334098849407
1.2,7032.842301602625,1.6238274318889474
1.2,7129.807094843472,1.5636903126685044
1.2,7129.807094843472,1.5902287442902336
1.2,6991.288018059874,1.619163246872434
1.2,7139.438796437915,1.5733782213625025
1.2,7139.438796437915,1.5568821727110196
1.2,7009.78485577386,1.5676900042434776
1.2,7140.362387455938,1.5763382010425586
1.2,7140.362387455938,1.5584579544914667
1.2,7051.540473681404,1.5422207622364197
1.2,2476.1185082840457,1.6501888148786144
1.2,2476.1185082840457,1.6852017908265038
1.2,2346.428096463633,1.6829878604455315
1.2,2471.2938444625943,1.6517905315123715
1.2,2471.2938444625943,1.686830317798524
1.2,2341.8517160496635,1.6847892288085098
1.2,2466.4774830402,1.653395741927016
1.2,2466.4774830402,1.688462413286721
1.2,2337.283182584711,1.6865945626078005
1.2,2461.669402604828,1.6550044575663616
1.2,2461.669402604828,1.690098089033249
1.2,2332.722475903756,1.6884038749517822
1.2,2456.8695818180136,1.656616689924257
1.2,2456.8695818180136,1.6917373568318332
1.2,2328.169575910815,1.690217179006673
1.2,2452.0623541306986,1.6582377366049768
1.2,2452.0623541306986,1.6933856033107844
1.2,2323.6096220101103,1.6920404334950387
1.2,2447.2790157371896,1.6598570486702438
1.2,2447.2790157371896,1.6950321026382569
1.2,2319.072300728638,1.6938617738566275
1.2,2442.5038733461856,1.6614799122766926
1.2,2442.5038733461856,1.696682229750385
1.2,2314.542726193594,1.6956871458217164
1.2,2437.736905910581,1.6631063391212262
1.2,2437.736905910581,1.698335996650213
1.2,2310.020878582414,1.69751656279129
1.2,2432.978092455269,1.664736340952171
1.2,2432.978092455269,1.6999934153937948
1.2,2305.506738140108,1.6993500382257918
1.2,2428.227412076844,1.6663699295695549
1.2,2428.227412076844,1.7016544980904895
1.2,2301.000285178969,1.7011875856454532
1.2,2423.4848439432844,1.668007116825397
1.2,2423.4848439432844,1.7033192569032525
1.2,2296.5015000782905,1.703029218630628
1.2,2418.7503672936564,1.669647914623989
1.2,2418.7503672936564,1.7049877040489336
1.2,2292.0103632840733,1.7048749508221253
1.2,2414.008528875112,1.6712977147963255
1.2,2414.008528875112,1.7066653224136838
1.2,2287.512215806758,1.706730847924418
1.2,2409.2901994674,1.6729457815010722
1.2,2409.2901994674,1.7083411952468528
1.2,2283.0363420644712,1.7085848332029776
1.2,2404.579899617259,1.6745974948175044
1.2,2404.579899617259,1.7100207934304088
1.2,2278.568058300973,1.7104429590216783
1.2,2399.877608845308,1.6762528668620953
1.2,2399.877608845308,1.711704129399972
1.2,2274.107345226522,1.7122071464409636
1.2,2395.1833067417488,1.6779119098050583
1.2,2395.1833067417488,1.713391215646572
1.2,2269.654183616681,1.7138554275121511
1.2,2390.496972966073,1.6795746358706405
1.2,2390.496972966073,1.7150820647169571
1.2,2265.20855431205,1.7155069813552206
1.2,2385.8185872467657,1.6812410573374277
1.2,2385.8185872467657,1.7167766892139074
1.2,2260.770438217991,1.7171618177273205
1.2,2381.148129381017,1.6829111865386444
1.2,2381.148129381017,1.7184169720563482
1.2,2256.41614262645,1.718819946424419
1.2,2376.470355083798,1.6845905120703892
1.2,2376.470355083798,1.7199052359120643
1.2,2252.2657569246912,1.7204868122182284
1.2,2371.8157183339176,1.686268106178603
1.2,2371.8157183339176,1.7213916017059034
1.2,2248.135875486463,1.722151565949375
1.2,2367.1689491732377,1.6879494453927422
1.2,2367.1689491732377,1.7228809211785676
1.2,2244.012950107028,1.7238196416607774
1.2,2362.5579692119704,1.689614559269213
1.2,2362.5579692119704,1.7243732031430574
1.2,2239.896963226786,1.7254910493057778
1.2,2358.2266027272035,1.691088404921027
1.2,2358.2266027272035,1.7258684564474691
1.2,2235.7878973451934,1.72716579887752
1.2,2353.902538902669,1.6925673461823685
1.2,2353.902538902669,1.727369077567138
1.2,2231.6857350205087,1.7288444424699336
1.2,2349.5857592855523,1.6940699758852769
1.2,2349.5857592855523,1.7288955209621013
1.2,2227.5904588695485,1.730531631983259
1.2,2345.2762454851604,1.695575594031649
1.2,2345.2762454851604,1.7304250128219965
1.2,2223.502051567444,1.732222205126866
1.2,2340.959931339812,1.6970891445850451
1.2,2340.959931339812,1.7319625756421413
1.2,2219.407168643131,1.7339217135042055
1.2,2336.6649178429807,1.698600776265354
1.2,2336.6649178429807,1.7334982019295713
1.2,2215.332469602556,1.735619095657296
1.2,2332.377115301497,1.7001154232975784
1.2,2332.377115301497,1.735036904245875
1.2,2211.2645877277027,1.7373198921641675
1.2,2328.09650557074,1.7016330947131089
1.2,2328.09650557074,1.736578691842757
1.2,2207.203505924708,1.7390241133373632
1.2,2323.823070566912,1.70315379957944
1.2,2323.823070566912,1.7381235740090588
1.2,2203.149207156807,1.7407317695309938
1.2,2319.5567922667856,1.70467754700035
1.2,2319.5567922667856,1.7396715600709494
1.2,2199.1016744441004,1.7424428711409543
1.2,2315.29765270745,1.7062043461160814
1.2,2315.29765270745,1.7412226593921096
1.2,2195.0608908633167,1.7441574286051318
1.2,2311.045633986057,1.7077342061035268
1.2,2311.045633986057,1.7427768813739213
1.2,2191.0268395475746,1.7458754524036166
1.2,2306.7868576106043,1.7092721507947992
1.2,2306.7868576106043,1.7443393299929832
1.2,2186.98635344831,1.7476025845893135
1.2,2302.549050220757,1.7108081702822524
1.2,2302.549050220757,1.7458998359341766
1.2,2182.9657381501675,1.7493275840807474
1.2,2298.318310260372,1.7123472784242393
1.2,2298.318310260372,1.747463492999445
1.2,2178.951804797946,1.7510560816368714
1.2,2294.0946200645512,1.7138894845462156
1.2,2294.0946200645512,1.7490303107430163
1.2,2174.944536748173,1.7527880879088853
1.2,2289.8779620272253,1.7154347980112163
1.2,2289.8779620272253,1.7506002987577811
1.2,2170.943917412606,1.7545236135912738
1.2,2285.6683186009004,1.716983228220044
1.2,2285.6683186009004,1.7521734666754882
1.2,2166.949930258002,1.75626266942203
1.2,2281.4656722964137,1.7185347846114631
1.2,2281.4656722964137,1.7537498241669456
1.2,2163.051897449375,1.7580052661828742
1.2,2277.270005682696,1.7200894766623864
1.2,2277.270005682696,1.7553293809422137
1.2,2159.1709498803198,1.759751414699476
1.2,2273.0676242049403,1.7216524100258146
1.2,2273.0676242049403,1.7569173244594494
1.2,2155.283408438844,1.7615068497041924
1.2,2268.885887578477,1.7232134123053329
1.2,2268.885887578477,1.758503319625657
1.2,2151.414584910069,1.763260146082421
1.2,2264.786436748231,1.7247775789373507
1.2,2264.786436748231,1.7600925434755723
1.2,2147.5517922647764,1.7650170269952583
1.2,2260.7231206020697,1.726344919553454
1.2,2260.7231206020697,1.7616850058784128
1.2,2143.695016412159,1.7667775034465778
1.2,2256.666149285877,1.7279154438243594
1.2,2256.666149285877,1.7632807167436584
1.2,2139.8442433052724,1.768541586485342
1.2,2572.747139595315,1.6447898115606086
1.2,2572.747139595315,1.6972681677303678
1.2,2493.8899570630097,1.661950479884756
1.2,2567.7346018682,1.6464784952774394
1.2,2567.7346018682,1.6990554800630298
1.2,2489.026751871462,1.6636366547582484
1.2,2562.7306924826084,1.648170861043631
1.2,2562.7306924826084,1.7008467059223484
1.2,2484.17189032242,1.6653265381590476
1.2,2557.7353891790794,1.64986692091498
1.2,2557.7353891790794,1.7026418581760885
1.2,2479.325350961915,1.667020142335274
1.2,2552.748669774652,1.65156668699997
1.2,2552.748669774652,1.7044409497484896
1.2,2474.4871124094666,1.6687174795890438
1.2,2547.75425768505,1.6532757445117303
1.2,2547.75425768505,1.7062498924141796
1.2,2469.641382727406,1.6704241275240774
1.2,2542.784667705999,1.654982971773205
1.2,2542.784667705999,1.70805691460413
1.2,2464.8197088950906,1.6721289803576975
1.2,2537.823595461275,1.656693941932976
1.2,2537.823595461275,1.7098679152703118
1.2,2460.0062720981573,1.6738376035429965
1.2,2532.871019070905,1.658408667313358
1.2,2532.871019070905,1.7116829075661726
1.2,2455.2010512471948,1.6755500096012497
1.2,2527.9269167297866,1.6601271602908156
1.2,2527.9269167297866,1.7135019047032092
1.2,2450.4040253247235,1.677266211109239
1.2,2522.991266707372,1.66184943329626
1.2,2522.991266707372,1.715324919951287
1.2,2445.615173384888,1.6789862206995576
1.2,2518.0640473473486,1.663575498815349
1.2,2518.0640473473486,1.7171519666389594
1.2,2440.8344745531545,1.6807100510609243
1.2,2513.145237067331,1.665305369388789
1.2,2513.145237067331,1.7189830581537957
1.2,2436.061908026012,1.6824377149384917
1.2,2508.21878095198,1.6670447295326396
1.2,2508.21878095198,1.7208242118318464
1.2,2431.281896231305,1.6841748899836455
1.2,2503.3167516841554,1.6687822605967435
1.2,2503.3167516841554,1.7226634467300976
1.2,2426.5255585924447,1.685910271989219
1.2,2498.4150777203126,1.670526313111239
1.2,2498.4150777203126,1.7245065385603504
1.2,2421.77729120355,1.6876490633171264
1.2,2493.537705969443,1.6722688646433794
1.2,2493.537705969443,1.7263541863287548
1.2,2417.037073542401,1.689392665381792
1.2,2488.660647015696,1.674017963210782
1.2,2488.660647015696,1.728205718344073
1.2,2412.3048851563053,1.691003132707826
1.2,2483.7918691134078,1.6757709432921182
1.2,2483.7918691134078,1.7300613768147854
1.2,2407.5807056618,1.6925385076236423
1.2,2478.9313511891246,1.677527817822238
1.2,2478.9313511891246,1.7319211755510484
1.2,2402.864514744357,1.694076931687581
1.2,2474.07907224084,1.6792885997935296
1.2,2474.07907224084,1.7337851284247097
1.2,2398.156292158096,1.6956184139917652
1.2,2469.2191945225018,1.681059075699048
1.2,2469.2191945225018,1.7355300118282968
1.2,2393.619053917209,1.6971680162508942
1.2,2464.3833575585136,1.6828277246380463
1.2,2464.3833575585136,1.7371810972917396
1.2,2389.230423263192,1.698715652525951
1.2,2459.5556969223085,1.6846003203869353
1.2,2459.5556969223085,1.7388354615368355
1.2,2384.849188739773,1.7002663745655815
1.2,2454.736191894869,1.686376876171665
1.2,2454.736191894869,1.740493114339965
1.2,2380.4753316657207,1.7018201916078526
1.2,2450.1542464401978,1.687999331613173
1.2,2450.1542464401978,1.7421540655164147
1.2,2376.1088334226606,1.7033771129277435
1.2,2445.661860403836,1.6895685800149869
1.2,2445.661860403836,1.7438183249205728
1.2,2371.749675454816,1.7049371478373314
1.2,2441.1770443974287,1.691150542681079
1.2,2441.1770443974287,1.7454923434830396
1.2,2367.3978392687445,1.7065133478936143
1.2,2436.6997793029227,1.6927380424197338
1.2,2436.6997793029227,1.7471713082417315
1.2,2363.053306433072,1.7080959569073646
1.2,2432.2154514216045,1.6943339048360484
1.2,2432.2154514216045,1.748859130411601
1.2,2358.701896488052,1.709686927918184
1.2,2427.7532555745684,1.6959277428981512
1.2,2427.7532555745684,1.7505448244970023
1.2,2354.3719390234105,1.711275905881117
1.2,2423.298553608392,1.697524759165545
1.2,2423.298553608392,1.7522338929053642
1.2,2350.0492299253674,1.71286807751934
1.2,2418.851326660902,1.6991249631540044
1.2,2418.851326660902,1.7539263457786192
1.2,2345.733751008448,1.714463452470956
1.2,2414.4115559331785,1.7007283644173314
1.2,2414.4115559331785,1.7556221932993823
1.2,2341.425484147965,1.7160620404128886
1.2,2409.979222689283,1.7023349725475423
1.2,2409.979222689283,1.7573214456911597
1.2,2337.124411279761,1.7176638510610789
1.2,2405.554308255996,1.7039447971750623
1.2,2405.554308255996,1.7590241132185496
1.2,2332.830514399951,1.7192688941706822
1.2,2401.136794022558,1.7055578479689149
1.2,2401.136794022558,1.7607302061874517
1.2,2328.5437755646813,1.7208771795362638
1.2,2396.71226132311,1.7071794219348069
1.2,2396.71226132311,1.7624453272843037
1.2,2324.250202958815,1.722493988796311
1.2,2392.309515938008,1.7087989648463904
1.2,2392.309515938008,1.764158313499271
1.2,2319.9777498663643,1.724108798892437
1.2,2387.914115232508,1.710421763196963
1.2,2387.914115232508,1.7658747563574977
1.2,2315.712401286588,1.7257268808991724
1.2,2383.526040843286,1.7120478268120238
1.2,2383.526040843286,1.7675946663323177
1.2,2311.4541395134406,1.7273482447708677
1.2,2379.145274468182,1.7136771655566527
1.2,2379.145274468182,1.769318053939417
1.2,2307.2029468996625,1.7289729005022918
1.2,2374.771797865949,1.7153097893357083
1.2,2374.771797865949,1.7710449297370523
1.2,2302.9588058565373,1.730600858128841
1.2,2370.405592855998,1.716945708094029
1.2,2370.405592855998,1.7727753043262606
1.2,2298.7438357100714,1.7322321277267438
1.2,2366.0466413181425,1.7185849318166362
1.2,2366.0466413181425,1.774509188351082
1.2,2294.620082978265,1.7338667194132684
1.2,2361.6807157393123,1.7202328437478651
1.2,2361.6807157393123,1.7762522760724748
1.2,2290.489327290624,1.7355100015133251
1.2,2357.336240582344,1.7218787183985942
1.2,2357.336240582344,1.7779932226301134
1.2,2286.378463984269,1.737151278833909
1.2,2353.038391287247,1.7235279282448996
1.2,2353.038391287247,1.7797377108509598
1.2,2282.274012276307,1.7387959088768017
1.2,2348.817088603064,1.7251804834347086
1.2,2348.817088603064,1.7814857515533955
1.2,2278.175957178442,1.7404439019256772
1.2,2344.602379277016,1.7268363941571594
1.2,2344.602379277016,1.7832373555999097
1.2,2274.0842837490577,1.7420952683063085
1.2,7609.739476628782,1.4770902891391666
1.2,7609.739476628782,1.531836682816621
1.2,7353.874004276163,1.511032274828377
1.2,7594.930235267226,1.4785548195164595
1.2,7594.930235267226,1.5334463922029635
1.2,7339.558226625492,1.512561648735609
1.2,7580.146599831096,1.4800225252845527
1.2,7580.146599831096,1.5350595971935246
1.2,7325.267171014274,1.514094348548526
1.2,7565.388503966848,1.4814934167819642
1.2,7565.388503966848,1.53667630918713
1.2,7311.0007734587025,1.5156303851281296
1.2,7550.655881550006,1.4829675043921418
1.2,7550.655881550006,1.5382965396322192
1.2,7296.758970195572,1.517169769382765
1.2,7535.900645469815,1.484449631570394
1.2,7535.900645469815,1.5399256122330065
1.2,7282.495276151002,1.5187175594297186
1.2,7521.218855194856,1.4859301532677305
1.2,7521.218855194856,1.541552925718705
1.2,7268.302550916185,1.520263682980078
1.2,7506.562341144882,1.487413902534657
1.2,7506.562341144882,1.543183792339595
1.2,7254.134229792507,1.5218131872533374
1.2,7491.931038102568,1.4889008899369494
1.2,7491.931038102568,1.5448182237454584
1.2,7239.99024989046,1.523366083349965
1.2,7477.324881074758,1.4903911260865492
1.2,7477.324881074758,1.5464562316370654
1.2,7225.870548536434,1.524922382419079
1.2,7462.743805291508,1.491884621641821
1.2,7462.743805291508,1.548097827766449
1.2,7211.77506327179,1.5264820956587148
1.2,7448.18774620512,1.4933813873078008
1.2,7448.18774620512,1.5497430239371848
1.2,7197.703731851958,1.5280452343160946
1.2,7433.656639489193,1.494881433836457
1.2,7433.656639489193,1.551391832004678
1.2,7183.656492245506,1.529611809687896
1.2,7419.103055825042,1.49638969030482
1.2,7419.103055825042,1.5530496699342795
1.2,7169.587494476342,1.5311869695810163
1.2,7404.621742772245,1.4978963418140876
1.2,7404.621742772245,1.554705749471485
1.2,7155.588331477636,1.5327604637950354
1.2,7390.165190221356,1.4994063067617809
1.2,7390.165190221356,1.5563654768248287
1.2,7141.613075267451,1.5343374289504674
1.2,7375.733334722457,1.500919596090336
1.2,7375.733334722457,1.5580288640600668
1.2,7127.661664658527,1.5359178765447208
1.2,7361.326113042227,1.5024362207904276
1.2,7361.326113042227,1.559695923296225
1.2,7113.73403867223,1.537501818126038
1.2,7346.943462163041,1.5039561919012283
1.2,7346.943462163041,1.5613666667058963
1.2,7099.830136537672,1.5390892652937822
1.2,7332.585319282026,1.505479520510683
1.2,7332.585319282026,1.5630411065155363
1.2,7085.949897690798,1.5406802296987143
1.2,7318.251621810167,1.507006217755774
1.2,7318.251621810167,1.5647192550057574
1.2,7072.093261773557,1.542274723043281
1.2,7303.895584809555,1.508541300627566
1.2,7303.895584809555,1.56640662693072
1.2,7058.215000974865,1.543877985232625
1.2,7289.610670618096,1.5100747798527543
1.2,7289.610670618096,1.5680922420631374
1.2,7044.405467305424,1.5454795834008723
1.2,7275.3500151406515,1.511611661458448
1.2,7275.3500151406515,1.569781603086715
1.2,7030.61935652362,1.5470847459679284
1.2,7261.113556635238,1.5131519567806826
1.2,7261.113556635238,1.571474722501913
1.2,7016.856609087241,1.5486934848460436
1.2,7246.901233569219,1.5146956772059066
1.2,7246.901233569219,1.5731716128648727
1.2,7003.117165655716,1.5503058120006097
1.2,7232.712984618413,1.5162428341712677
1.2,7232.712984618413,1.5748722867877285
1.2,6989.400967089268,1.551921739450452
1.2,7218.548748666226,1.5177934391648886
1.2,7218.548748666226,1.5765767569389215
1.2,6975.707954448057,1.5534790537201617
1.2,7204.40846480275,1.5193475037261577
1.2,7204.40846480275,1.578285036043512
1.2,6962.038068991331,1.554904372966056
1.2,7190.245979421856,1.5209101351351153
1.2,7190.245979421856,1.5798015964754455
1.2,6949.231362361702,1.5563371936986523
1.2,7176.670446609245,1.5223614981860842
1.2,7176.670446609245,1.5813158949313573
1.2,6936.48936719026,1.5577681900390037
1.2,7163.512268942131,1.5237444819894834
1.2,7163.512268942131,1.5828379859637889
1.2,6923.768838512738,1.559212375031491
1.2,7150.376267032369,1.5251335841257403
1.2,7150.376267032369,1.5843643954942226
1.2,6911.069722127745,1.5606622278593
1.2,7137.262384867234,1.52652544747615
1.2,7137.262384867234,1.5858938435066603
1.2,6898.391964016216,1.562114970562852
1.2,7124.170566622498,1.5279200802818858
1.2,7124.170566622498,1.587426339082778
1.2,6885.735510340642,1.5635706117910046
1.2,7111.100756661618,1.529317490816951
1.2,7111.100756661618,1.5889618913404788
1.2,6873.100307444298,1.565029160227162
1.2,7098.052899534945,1.5307176873883412
1.2,7098.052899534945,1.5905005094340758
1.2,6860.486301850501,1.5664906245894474
1.2,7084.984407320606,1.5321252678639985
1.2,7084.984407320606,1.5920472458183512
1.2,6847.852321723131,1.5679598040200955
1.2,7071.980361547711,1.5335310707348917
1.2,7071.980361547711,1.5935920332876587
1.2,6835.280619858306,1.569427136129696
1.2,7058.99810319459,1.5349396847902248
1.2,7058.99810319459,1.595139914306419
1.2,6822.729955765919,1.5708974105587492
1.2,7046.037577551996,1.5363511184707288
1.2,7046.037577551996,1.5966908981765329
1.2,6810.200276682484,1.5723706361661194
1.2,7033.098730093704,1.5377653802509577
1.2,7033.098730093704,1.5982449942372317
1.2,6797.6915300208175,1.573846821846273
1.2,7020.18150647574,1.5391824786394608
1.2,7020.18150647574,1.599802211865264
1.2,6785.203663369285,1.5753259765294527
1.2,7007.285852535618,1.5406024221789532
1.2,7007.285852535618,1.601362560475085
1.2,6772.736624491095,1.576808109181861
1.2,6994.411714291595,1.5420252194464887
1.2,6994.411714291595,1.6029260495190465
1.2,6760.290361323543,1.57829322880584
1.2,6981.517070855914,1.543455542773719
1.2,6981.517070855914,1.604497813396954
1.2,6747.824249556032,1.579786212484403
1.2,6968.685872651976,1.5448840827632306
1.2,6968.685872651976,1.6060676221594623
1.2,6735.419449785753,1.5812773430394742
1.2,6955.876029101415,1.546315502448127
1.2,6955.876029101415,1.607640599973785
1.2,6723.035270407224,1.582771487821642
1.2,6943.087486938505,1.5477498105446632
1.2,6943.087486938505,1.6092167564459028
1.2,6710.671660047493,1.584268655979761
1.2,6930.32019307453,1.5491870158043048
1.2,6930.32019307453,1.6107961012206606
1.2,6698.328567504123,1.585768856699748
1.2,616.9326515267077,1.7840840473901425
1.2,616.9326515267077,1.8034770956122224
1.2,574.1853249032223,1.8515662886653772
1.2,811.1474528500435,1.7395507030988746
1.2,811.1474528500435,1.764029200868506
1.2,760.0267345648842,1.799168389164077
1.2,1005.5091044665028,1.7167455980792667
1.2,1005.5091044665028,1.739818289803113
1.2,946.3671334667774,1.767815089226676
1.2,1199.965604912316,1.7084832192163093
1.2,1199.965604912316,1.724951734760404
1.2,1132.5231104717566,1.7483123534600378
1.2,1394.6780731228855,1.7047183888946358
1.2,1394.6780731228855,1.7168042228698108
1.2,1318.335694733008,1.7368591335514707
1.2,1589.618138360539,1.6988260263277328
1.2,1589.618138360539,1.7114160576530073
1.2,1503.669078952266,1.7290403065112152
1.2,1784.4266715891188,1.6927528298944996
1.2,1784.4266715891188,1.7089687162691645
1.2,1688.0704297678462,1.7236659426930612
1.2,1978.8521750783727,1.6881794165690367
1.2,1978.8521750783727,1.708086169940519
1.2,1873.0024203788817,1.7179507886325134
1.2,2173.628599277051,1.6809738319163383
1.2,2173.628599277051,1.704670956053574
1.2,2058.7391739354644,1.7144685412870586
1.2,2368.7676393760285,1.672433583439486
1.2,2368.7676393760285,1.7072309574154243
1.2,2244.232687937168,1.7068181974336565
1.2,2563.932384313016,1.6702710378022156
1.2,2563.932384313016,1.690425626624499
1.2,2431.041110049696,1.7019081592633387
1.2,2759.558567376223,1.6605266050154803
1.2,2759.558567376223,1.6952488263193075
1.2,2615.7677803979013,1.6954303132725956
1.2,2954.7673414613773,1.656050793459927
1.2,2954.7673414613773,1.688048179209738
1.2,2802.410604463991,1.686845041622732
1.2,3150.274510014722,1.6499139506793283
1.2,3150.274510014722,1.6843777163015292
1.2,2988.684479313455,1.680407857742764
1.2,3345.865158884248,1.6450434222228392
1.2,3345.865158884248,1.676279799260346
1.2,3175.2924899660406,1.6719281740681216
1.2,3541.332382385901,1.6408164849640474
1.2,3541.332382385901,1.6687581089197323
1.2,3361.8638625822387,1.662328228284862
1.2,3736.378144036138,1.6360417985667497
1.2,3736.378144036138,1.6592458789031226
1.2,3550.205240895086,1.6512692633161083
1.2,3931.208822443693,1.631073439451897
1.2,3931.208822443693,1.650709958924211
1.2,3736.449866828687,1.6443680745175042
1.2,4125.321234693898,1.6268748618091955
1.2,4125.321234693898,1.6379181349636078
1.2,3925.087639191233,1.6363197893004522
1.2,4319.824730488307,1.620391559923666
1.2,4319.824730488307,1.6285513026132952
1.2,4112.6261021269165,1.6289327650038428
1.2,4514.203526586747,1.615088812073229
1.2,4514.203526586747,1.6194205732928455
1.2,4300.293531102329,1.6216052756728148
1.2,4707.3719342635695,1.6113504632373252
1.2,4707.3719342635695,1.611757200455204
1.2,4488.111728666039,1.6117991110982657
1.2,4900.741922934791,1.606138397755484
1.2,4900.741922934791,1.6039450798071018
1.2,4674.904614118701,1.605121377972741
1.2,5093.217436693235,1.6013947560310262
1.2,5093.217436693235,1.5957343331752178
1.2,4861.119770621372,1.5984964209445265
1.2,5284.577005078653,1.5972698644486771
1.2,5284.577005078653,1.588318101899875
1.2,5047.417098179971,1.5886898850996
1.2,5477.103686739718,1.592435433312775
1.2,5477.103686739718,1.580417836234441
1.2,5233.006802583787,1.5823655483833925
1.2,5669.935334413261,1.5871527005494686
1.2,5669.935334413261,1.573003592994337
1.2,5418.842071235582,1.5753254406297104
1.2,5861.163611625532,1.582967694899179
1.2,5861.163611625532,1.5645168775340987
1.2,5603.8468686902015,1.567449847699281
1.2,6051.950913046557,1.577098737765914
1.2,6051.950913046557,1.5602173491982456
1.2,5786.507049165644,1.5621215881071675
1.2,6242.920128651708,1.571981047930618
1.2,6242.920128651708,1.552882265072176
1.2,5970.725815116366,1.5553273821292737
1.2,6433.7413844584125,1.566508561230101
1.2,6433.7413844584125,1.5466853848834283
1.2,6156.458270574295,1.5493450179729515
1.2,6625.325663792534,1.5602070595591775
1.2,6625.325663792534,1.5413478983443505
1.2,6341.807196074204,1.544121018425537
1.2,6817.163748461054,1.5539850997642186
1.2,6817.163748461054,1.5356531690979487
1.2,6527.047057049706,1.5362004394904407
1.2,7008.319401081668,1.5488094310591585
1.2,7008.319401081668,1.5286954815046736
1.2,6714.610120604919,1.5286495687141513
1.2,7200.003441671892,1.542262381598217
1.2,7200.003441671892,1.5227949676242554
1.2,6898.753216010281,1.5221048647456092
1.2,7390.219710454766,1.5351044246080727
1.2,7390.219710454766,1.518193902500936
1.2,7079.947975295797,1.515781105243048
1.2,7581.078693004552,1.5294138407461386
1.2,7581.078693004552,1.510945001922613
1.2,7268.068347790374,1.50338427644075
1.2,7771.954045783227,1.5221031362556974
1.2,7771.954045783227,1.5029539017768787
1.2,7459.608396107264,1.4962121874743597
1.2,7962.765196349093,1.5148290613898694
1.2,7962.765196349093,1.4949393312031227
1.2,7648.699069209335,1.4896168970807389
1.2,8153.321986791024,1.5091917044080934
1.2,8153.321986791024,1.4867543720721423
1.2,7837.2953545022365,1.4815545000889807
1.2,8344.16298788884,1.5019341152413177
1.2,8344.16298788884,1.4789030090662647
1.2,8027.593889215401,1.474225380036981
1.2,8535.193596226258,1.4941576557191625
1.2,8535.193596226258,1.4684348441506676
1.2,8221.350644078877,1.4650233334053795
1.2,8725.17979174225,1.4879933434151085
1.2,8725.17979174225,1.4607574720026133
1.2,8411.281377676261,1.4535047705152162
1.2,8916.296899204484,1.4798672113282807
1.2,8916.296899204484,1.4508796048875856
1.2,8603.971999782381,1.4505573459618566
1.2,9107.067468866964,1.4723707906233907
1.2,9107.067468866964,1.4407552074870549
1.2,8800.441745565702,1.4419736875242133
1.2,9297.43858800718,1.4638813551664864
1.2,9297.43858800718,1.434871530042762
1.2,8994.252114095361,1.4301788850424886
1.2,9487.499966272597,1.4561300011331917
1.2,9487.499966272597,1.4305362471119432
1.2,9186.778092969158,1.4175841860065983
1.2,642.507041194981,1.772958364322244
1.2,642.507041194981,1.8415358410899536
1.2,614.1641871798465,1.8216479863742467
1.2,843.9868588320994,1.7323086251595263
1.2,843.9868588320994,1.7998527653815848
1.2,812.7928697604517,1.766956901504025
1.2,1045.6963214796167,1.7125423203161525
1.2,1045.6963214796167,1.7796016820856964
1.2,1010.8541578997446,1.73551979914144
1.2,1248.0367845779049,1.709814109900966
1.2,1248.0367845779049,1.757546152365693
1.2,1209.3785610024288,1.71464220880061
1.2,1450.3160283464542,1.6979354954876065
1.2,1450.3160283464542,1.7575260501956196
1.2,1406.154347070028,1.706140940080332
1.2,1652.8269541741188,1.693224009189744
1.2,1652.8269541741188,1.7464693237593685
1.2,1603.495025677424,1.6978569072490537
1.2,1855.0105539186056,1.68486973641104
1.2,1855.0105539186056,1.7420874765203151
1.2,1799.6474373347928,1.6948300261841522
1.2,2056.962257794658,1.6791045776651063
1.2,2056.962257794658,1.735145308650983
1.2,1995.08425533134,1.6903496854467377
1.2,2259.0628823590296,1.67291018849253
1.2,2259.0628823590296,1.7281811097459627
1.2,2191.01224535662,1.6855587328667472
1.2,2461.1951735903967,1.6661885041716429
1.2,2461.1951735903967,1.720450317542609
1.2,2386.885265148412,1.6842845655057714
1.2,2663.538286227996,1.661609955702482
1.2,2663.538286227996,1.711967864627891
1.2,2582.978194351801,1.6806151062636403
1.2,2866.215557262292,1.6567276630760222
1.2,2866.215557262292,1.7035385854295424
1.2,2778.6139906730486,1.670935641833296
1.2,3068.432951369164,1.6523757797440777
1.2,3068.432951369164,1.69493888339233
1.2,2973.3872702139174,1.66588617147738
1.2,3270.9875048271992,1.6485335131182428
1.2,3270.9875048271992,1.6874760061320366
1.2,3167.9930235742813,1.6603795133960533
1.2,3473.620674026228,1.6432974791096546
1.2,3473.620674026228,1.6812402218302718
1.2,3363.6881328870795,1.6532202580750046
1.2,3676.2816758133927,1.637617443386305
1.2,3676.2816758133927,1.6745387609194986
1.2,3558.9191797093117,1.6466839711939747
1.2,3878.5922378161504,1.6328406265643318
1.2,3878.5922378161504,1.6678208966216306
1.2,3754.3653248659753,1.6384854390417578
1.2,4080.468477928393,1.6278452224079878
1.2,4080.468477928393,1.6604111992059256
1.2,3948.8152504645454,1.630648564034905
1.2,4282.388009638295,1.620875926025328
1.2,4282.388009638295,1.6532916525231818
1.2,4142.506901757515,1.6243614834837503
1.2,4483.87413368077,1.612800396704238
1.2,4483.87413368077,1.648620535235238
1.2,4335.4620619973975,1.617730005702401
1.2,4685.42135176244,1.604216311457789
1.2,4685.42135176244,1.6438193599795454
1.2,4527.832117463537,1.6115339198418397
1.2,4886.791325107853,1.596736791830584
1.2,4886.791325107853,1.63667191078218
1.2,4720.320203533673,1.6065529582800528
1.2,5086.647926973196,1.591015675673805
1.2,5086.647926973196,1.6304455822272184
1.2,4914.669477665987,1.5987820730738302
1.2,5287.292935643203,1.5810088462175669
1.2,5287.292935643203,1.6249860124575206
1.2,5107.182376529386,1.5939080946687263
1.2,5486.37604454068,1.5763957566318805
1.2,5486.37604454068,1.6180759918442715
1.2,5301.667739466287,1.585736102380868
1.2,5686.532873822788,1.5662949261939452
1.2,5686.532873822788,1.6132550652826692
1.2,5493.742934348644,1.5818882510448382
1.2,5885.375759840635,1.5609175586686503
1.2,5885.375759840635,1.6056272020663052
1.2,5687.2133342576535,1.5750814332799332
1.2,6085.389686922212,1.5498900139084926
1.2,6085.389686922212,1.6007608365574322
1.2,5879.441365736753,1.5704517057027976
1.2,6283.364244359251,1.5488725975883195
1.2,6283.364244359251,1.5888617298328676
1.2,6074.803544069584,1.5645385724713357
1.2,6482.089505927739,1.5433088203198226
1.2,6482.089505927739,1.5805204967087538
1.2,6267.526386832064,1.5580463899471066
1.2,6681.637368880906,1.532774919557703
1.2,6681.637368880906,1.5722513128442186
1.2,6460.718190007011,1.551495956869798
1.2,6881.83719919568,1.52218950854584
1.2,6881.83719919568,1.5663122112553935
1.2,6654.007135580138,1.5460022527986603
1.2,7081.872192151534,1.5108033693461709
1.2,7081.872192151534,1.5612166771456464
1.2,6845.708382532275,1.5413760099789675
1.2,7281.573901090029,1.4975761820282665
1.2,7281.573901090029,1.5600541892757456
1.2,7033.48247629591,1.5362554333505718
1.2,7480.295385177133,1.4893221752197383
1.2,7480.295385177133,1.5535878154741742
1.2,7225.36337902532,1.5298597638753335
1.2,7678.935378723138,1.4805285341797358
1.2,7678.935378723138,1.550152644655648
1.2,7412.222108669581,1.522510885392775
1.2,7876.342705025254,1.4748793491571084
1.2,7876.342705025254,1.5443392136666678
1.2,7602.214915635382,1.514804048231382
1.2,8073.545607047465,1.468647603928543
1.2,8073.545607047465,1.535414716954836
1.2,7796.011011679099,1.507605390393336
1.2,8271.156407880915,1.4627247637524576
1.2,8271.156407880915,1.52630600552562
1.2,7988.842522500258,1.5015836328468302
1.2,8467.571582743416,1.458401602715904
1.2,8467.571582743416,1.5152399351508412
1.2,8182.321950112124,1.4940684953013523
1.2,8663.682288403186,1.455244690052936
1.2,8663.682288403186,1.5021665934985269
1.2,8378.425174612034,1.4850319183552545
1.2,8860.875618211156,1.44813357746245
1.2,8860.875618211156,1.489878453439262
1.2,8572.643428965199,1.4767343257262135
1.2,9058.401290934127,1.4403020421491637
1.2,9058.401290934127,1.479697664655408
1.2,8771.183985275007,1.4687116203092716
1.2,9256.641483784806,1.4293781400950334
1.2,9256.641483784806,1.4731641337358448
1.2,8969.044755999037,1.4584348266658915
1.2,9452.909777080698,1.4255665683475751
1.2,9452.909777080698,1.4598976657241796
1.2,9166.002496678211,1.4502607283182107
1.2,9650.262354287986,1.4142744761674853
1.2,9650.262354287986,1.454673428277282
1.2,9365.296921358044,1.4411633651733646
1.2,9847.803077969282,1.409104279972315
1.2,9847.803077969282,1.442875568017322
1.2,9561.722016517744,1.431829311420328
1.2,614.3132602512414,1.8154003257842253
1.2,614.3132602512414,1.8866088692349805
1.2,587.5459048051266,1.8666353546999552
1.2,806.6386610418424,1.7740605125023816
1.2,806.6386610418424,1.84341811002649
1.2,777.346267837199,1.809763665120652
1.2,999.0894537013336,1.7542700517362366
1.2,999.0894537013336,1.8223299094973888
1.2,966.5916840718916,1.77704992004431
1.2,1192.1432179997732,1.7517890516331354
1.2,1192.1432179997732,1.7993853699574185
1.2,1156.271735503503,1.7553295048168844
1.2,1385.1277812048345,1.7397073665519334
1.2,1385.1277812048345,1.7995177830886344
1.2,1344.0901090112493,1.746231203363136
1.2,1578.3249994853293,1.7349656602331325
1.2,1578.3249994853293,1.7885053067885568
1.2,1532.2894823181402,1.7374571666710026
1.2,1771.2002152617408,1.7264211892860355
1.2,1771.2002152617408,1.7843569971061108
1.2,1719.4075137640928,1.7340760944335742
1.2,1963.848834211777,1.7205024676319458
1.2,1963.848834211777,1.7776106618713128
1.2,1905.8349669812335,1.7294582823405156
1.2,2156.6353637269603,1.7141627450502792
1.2,2156.6353637269603,1.7707325253978718
1.2,2092.728486825228,1.72468629371268
1.2,2349.4470086622578,1.7072774988875816
1.2,2349.4470086622578,1.7629847040869604
1.2,2279.5644272809664,1.7234952554710723
1.2,2542.455381821475,1.7025916063614186
1.2,2542.455381821475,1.754418376539771
1.2,2466.605735646689,1.719874806825911
1.2,2735.778211831921,1.697564459489101
1.2,2735.778211831921,1.7459344715318164
1.2,2653.205857420919,1.7101831459151702
1.2,2928.657984526443,1.6930707512869485
1.2,2928.657984526443,1.737270764349404
1.2,2838.978808363654,1.7051718758649137
1.2,3121.854371382122,1.6890895229338216
1.2,3121.854371382122,1.7297071019775094
1.2,3024.5878189340638,1.6996891521752842
1.2,3315.119106994236,1.6837174018607586
1.2,3315.119106994236,1.723372591591366
1.2,3211.233395039953,1.6925009788236114
1.2,3508.403368857035,1.6778787128377195
1.2,3508.403368857035,1.7166166080184508
1.2,3397.432143783474,1.6858619731892206
1.2,3701.3482027895207,1.6729850419843988
1.2,3701.3482027895207,1.7097957882279768
1.2,3583.842766689045,1.6774669751348188
1.2,3893.877258943655,1.667851978583102
1.2,3893.877258943655,1.7022495933621034
1.2,3769.282031434628,1.669553021029461
1.2,4086.447314235201,1.6606736036961562
1.2,4086.447314235201,1.6950208111487364
1.2,3954.009312816106,1.663255180860319
1.2,4278.601873141319,1.6523559780340242
1.2,4278.601873141319,1.6902977387357128
1.2,4138.035565586882,1.656618963870951
1.2,4470.812321855389,1.6435047921254768
1.2,4470.812321855389,1.685427324311604
1.2,4321.502601596598,1.6504290626300084
1.2,4662.856667168269,1.635795026346385
1.2,4662.856667168269,1.6781681444471603
1.2,4505.083121347404,1.6454439745527318
1.2,4853.457878159715,1.629961690511042
1.2,4853.457878159715,1.6718194222682752
1.2,4690.43783333182,1.637582127657708
1.2,5044.8104619529895,1.6196738609462993
1.2,5044.8104619529895,1.6662736989330036
1.2,4874.0416687081615,1.6326910303756634
1.2,5234.673656585043,1.6149914805314856
1.2,5234.673656585043,1.6592119566151715
1.2,5059.527143173529,1.624439179914995
1.2,5425.559970215997,1.6046070708635374
1.2,5425.559970215997,1.6543066776063708
1.2,5242.712700663863,1.6205784407284218
1.2,5615.190776988136,1.5991216596742397
1.2,5615.190776988136,1.6465257687292807
1.2,5427.22774521031,1.613692227043661
1.2,5805.938541073847,1.5877917268149782
1.2,5805.938541073847,1.6415709910308205
1.2,5610.558015720489,1.6089687477492796
1.2,5994.740814998109,1.5868259490465575
1.2,5994.740814998109,1.629381694779602
1.2,5796.878496385129,1.6029291429885013
1.2,6184.260094410212,1.5811315634202088
1.2,6184.260094410212,1.6208793075600922
1.2,5980.6804113975895,1.5962824344873547
1.2,6374.563060248698,1.5703280952118144
1.2,6374.563060248698,1.6124275871517186
1.2,6164.926985730555,1.589585757551354
1.2,6565.488467506691,1.5594623634517677
1.2,6565.488467506691,1.6063515488956714
1.2,6349.266143400831,1.5839839569753205
1.2,6756.256196235897,1.547752424981607
1.2,6756.256196235897,1.601169918305467
1.2,6532.089506114117,1.5792804118271735
1.2,6946.705877112416,1.5340999445120187
1.2,6946.705877112416,1.6000899452732291
1.2,6711.166591111524,1.5740476552945106
1.2,7136.220661634269,1.5256292101219129
1.2,7136.220661634269,1.593521595519864
1.2,6894.159825103497,1.5674806698831931
1.2,7325.656894964588,1.5165345872057547
1.2,7325.656894964588,1.5901524315429154
1.2,7072.360200423232,1.5599174462289975
1.2,7513.920871964164,1.510730272321334
1.2,7513.920871964164,1.5842707686220547
1.2,7253.554529557949,1.55202952554424
1.2,7701.986762489646,1.504382116549738
1.2,7701.986762489646,1.5751500483209349
1.2,7438.374755878392,1.5446788237613285
1.2,7890.444705466394,1.4983298189549907
1.2,7890.444705466394,1.5658826432788573
1.2,7622.274659697297,1.5384713684677778
1.2,8077.75927705658,1.4939419745438884
1.2,8077.75927705658,1.5546027808912837
1.2,7806.79011074048,1.5307624197070513
1.2,8264.782197993753,1.4907855015094458
1.2,8264.782197993753,1.541266598505321
1.2,7993.806369821571,1.521478751368268
1.2,8452.8384047725,1.4835293488334858
1.2,8452.8384047725,1.5287829174774397
1.2,8179.023276257665,1.5129672721814351
1.2,8641.210722443928,1.4755798377836464
1.2,8641.210722443928,1.518319405549878
1.2,8368.364889722847,1.5047360652249262
1.2,8830.262148717371,1.4644357665629022
1.2,8830.262148717371,1.5116199084843842
1.2,8557.05583495345,1.4941951140725258
1.2,9017.435145676358,1.460601915080686
1.2,9017.435145676358,1.4980611522718512
1.2,8744.886577104724,1.4857992970994922
1.2,9205.640199379855,1.4490985898056905
1.2,9205.640199379855,1.4926552641970623
1.2,8934.941508447531,1.47651064254943
1.2,9394.026013831946,1.4438433869792906
1.2,9394.026013831946,1.480615592543072
1.2,9122.260658655054,1.4669138283435776
