K,Rem,frictionFactor
1.2,2455.7623473939875,2.447635450165377
1.2,2455.7623473939875,2.5880763671637657
1.2,2348.545341512677,2.594200022717182
1.2,2455.6605377285537,2.4476922488454487
1.2,2455.6605377285537,2.588164145035424
1.2,2348.4030403187144,2.5943111637646616
1.2,2455.503914731185,2.4477796365777467
1.2,2455.503914731185,2.588298133267052
1.2,2348.1858583967723,2.5944917882790848
1.2,2455.3003179843377,2.4478932499587422
1.2,2455.3003179843377,2.588478346212232
1.2,2347.8938140400232,2.5947372926815224
1.2,2455.0184393338745,2.4480505782065047
1.2,2455.0184393338745,2.5887232912123315
1.2,2347.4969845050314,2.5950616149941608
1.2,2454.689616917764,2.4482341533907506
1.2,2454.689616917764,2.5890145125600403
1.2,2347.025358279351,2.5954555439588334
1.2,2454.290384680436,2.4484571031315143
1.2,2454.290384680436,2.5893612900839824
1.2,2346.4640072353677,2.595919142943488
1.2,2453.8285990876548,2.448715076045989
1.2,2453.8285990876548,2.589763668410051
1.2,2345.812988064662,2.5964524865602434
1.2,2453.31211599863,2.449003720341775
1.2,2453.31211599863,2.590221699341731
1.2,2345.072366492097,2.5970649424864063
1.2,2452.7331426699784,2.4493274327563173
1.2,2452.7331426699784,2.5907308126559543
1.2,2344.2496949269776,2.597747335816412
1.2,2452.0917180651963,2.4496862410771527
1.2,2452.0917180651963,2.59129106850694
1.2,2343.3450494313875,2.598495130566798
1.2,2451.387885336424,2.4500801761173285
1.2,2451.387885336424,2.59191179996745
1.2,2342.343568902403,2.5993223862840837
1.2,2450.621691817187,2.450509271722025
1.2,2450.621691817187,2.5925838220895083
1.2,2341.260301232028,2.600219949948063
1.2,2449.801003927542,2.450969183830623
1.2,2449.801003927542,2.593307214445251
1.2,2340.095346408681,2.6011926223784383
1.2,2448.9180574509937,2.45146432976408
1.2,2448.9180574509937,2.5940820627585133
1.2,2338.848811892603,2.602231252672441
1.2,2447.965101906899,2.4519991367429537
1.2,2447.965101906899,2.5949223914675086
1.2,2337.49843625682,2.603349988143639
1.2,2446.9656301043,2.452560496603023
1.2,2446.9656301043,2.595809737761892
1.2,2336.0741967909694,2.6045350313854394
1.2,2445.9040842586587,2.4531572231570067
1.2,2445.9040842586587,2.5967488483050927
1.2,2334.568762052382,2.605795906535107
1.2,2444.7727347260475,2.453793758887347
1.2,2444.7727347260475,2.5977444891280426
1.2,2332.974824391825,2.607128155396912
1.2,2443.587261806795,2.454461378662441
1.2,2443.587261806795,2.598796789526408
1.2,2331.2925436386536,2.608536677100811
1.2,2442.339940922427,2.45516452890401
1.2,2442.339940922427,2.5999012242641006
1.2,2329.529524745858,2.6100217167572017
1.2,2441.030855567752,2.455903270382077
1.2,2441.030855567752,2.601067257639156
1.2,2327.6710668636024,2.611578840283314
1.2,2439.660093311586,2.4566776669988086
1.2,2439.660093311586,2.6022810423703198
1.2,2325.7396487969822,2.6132083027673416
1.2,2438.2355282856693,2.457483381538819
1.2,2438.2355282856693,2.6035520609823366
1.2,2323.7205906439744,2.614915076553504
1.2,2436.741686974141,2.4583292897054725
1.2,2436.741686974141,2.6048804795875724
1.2,2321.614093852714,2.6166900380676785
1.2,2435.194229583893,2.459206653080169
1.2,2435.194229583893,2.60626647205935
1.2,2319.420368349827,2.618547614527221
1.2,2433.593246326595,2.4601155384095423
1.2,2433.593246326595,2.6077008399425368
1.2,2317.1544361358983,2.6204787028530494
1.2,2431.923300702961,2.4610648490863327
1.2,2431.923300702961,2.6091931314084547
1.2,2314.8016939404115,2.6224836226138724
1.2,2430.1922779037936,2.4620502573008003
1.2,2430.1922779037936,2.610752944743008
1.2,2312.347598470606,2.624572185790912
1.2,2428.4080480832963,2.463067424610711
1.2,2428.4080480832963,2.6123569848440718
1.2,2309.829340897276,2.626730542209325
1.2,2426.56296497062,2.4641208568517388
1.2,2426.56296497062,2.6140195497254286
1.2,2307.2249848527536,2.628968539418168
1.2,2424.649406522554,2.4652150780326165
1.2,2424.649406522554,2.615740859179028
1.2,2304.5347878601874,2.631281811638808
1.2,2422.690732755876,2.466336887443084
1.2,2422.690732755876,2.6175164157634656
1.2,2301.766374468295,2.633670746400804
1.2,2420.671573748116,2.46749523949712
1.2,2420.671573748116,2.619346435877504
1.2,2298.919994485795,2.636135744973054
1.2,2418.5920631426497,2.468690235758712
1.2,2418.5920631426497,2.6212406207545054
1.2,2295.981218596421,2.638686804219257
1.2,2416.4523384241656,2.469921981154033
1.2,2416.4523384241656,2.6231897514466405
1.2,2292.965029004086,2.641314809845995
1.2,2414.244825384813,2.471195037527021
1.2,2414.244825384813,2.625203573498444
1.2,2289.8570447624256,2.644029827669864
1.2,2411.985106443608,2.4725006142412225
1.2,2411.985106443608,2.627268096140479
1.2,2286.6795470810234,2.646813096680288
1.2,2409.673311580046,2.4738388123312283
1.2,2409.673311580046,2.62939308819069
1.2,2283.41817773045,2.6496795230466312
1.2,2407.301877431954,2.475214203551685
1.2,2407.301877431954,2.6315740590135293
1.2,2280.0805536912203,2.6526247867558705
1.2,2404.8632704680545,2.4766313827413087
1.2,2404.8632704680545,2.6338160632210696
1.2,2276.659683102273,2.6553945431009858
1.2,2402.3807183946265,2.478077055656704
1.2,2402.3807183946265,2.636114610861706
1.2,2273.163178104462,2.6581496478199966
1.2,2399.831316286048,2.479564770484171
1.2,2399.831316286048,2.638479590950075
1.2,2269.5768096911443,2.660979569770254
1.2,2397.2229204019686,2.4810901863850567
1.2,2397.2229204019686,2.640896919693951
1.2,2265.92273338278,2.6638804409317927
1.2,2394.56336196816,2.4826489443392967
1.2,2394.56336196816,2.643381331086082
1.2,2262.179494146248,2.6668613811115507
1.2,2391.837486046137,2.484250167940504
1.2,2391.837486046137,2.645928362870801
1.2,2258.3547226108994,2.669914211848176
1.2,2389.068429361146,2.485880497825401
1.2,2389.068429361146,2.648363873667564
1.2,2254.6066529023474,2.67303504655249
1.2,2386.2257754750044,2.4875580952980934
1.2,2386.2257754750044,2.65072853516281
1.2,2250.8846701680777,2.6762330741874822
1.2,2383.3402746350466,2.4892650717156326
1.2,2383.3402746350466,2.653140454773854
1.2,2247.100941367089,2.6795000653413976
1.2,2553.414076833865,2.598839445452634
1.2,2553.414076833865,2.7202102563617254
1.2,2495.2445784726174,2.540573349203641
1.2,2553.3163615662525,2.598895113767777
1.2,2553.3163615662525,2.720292803914577
1.2,2495.109302939098,2.5406776574355376
1.2,2553.161652459878,2.5989832601443323
1.2,2553.161652459878,2.720428775511816
1.2,2494.886510254955,2.5408454756081245
1.2,2552.949958637167,2.5991038911916178
1.2,2552.949958637167,2.720613330136894
1.2,2494.584176771601,2.5410768288914314
1.2,2552.6568696268246,2.5992709372835585
1.2,2552.6568696268246,2.72086106122964
1.2,2494.1784641086483,2.5413808276355025
1.2,2552.3231098911174,2.5994612103763397
1.2,2552.3231098911174,2.721157426304731
1.2,2493.6932762339848,2.541752984800959
1.2,2551.916137816256,2.599693288437237
1.2,2551.916137816256,2.721507317348242
1.2,2493.120702368501,2.542184278802067
1.2,2551.452259330008,2.599957907979745
1.2,2551.452259330008,2.721910775633896
1.2,2492.460795519069,2.542683854749437
1.2,2550.923365667113,2.600259732857141
1.2,2550.923365667113,2.722372712079485
1.2,2491.705669106982,2.5432563376078425
1.2,2550.337626860257,2.6005941437657896
1.2,2550.337626860257,2.722883455864193
1.2,2490.871289897778,2.543897278912751
1.2,2549.695077398632,2.600961165825433
1.2,2549.695077398632,2.723447928994555
1.2,2489.949785301255,2.5446022326450914
1.2,2548.979493803292,2.6013701225149983
1.2,2548.979493803292,2.7240710675663893
1.2,2488.9333006199035,2.5453758570954954
1.2,2548.1990586525367,2.6018164037816707
1.2,2548.1990586525367,2.7247529519685054
1.2,2487.8219383103306,2.54621827719756
1.2,2547.3619504935277,2.602295396701801
1.2,2547.3619504935277,2.725479046896274
1.2,2486.6396105139734,2.5471250707417967
1.2,2546.468218538642,2.602807137327992
1.2,2546.468218538642,2.7262640543786034
1.2,2485.3626167934785,2.548100936574768
1.2,2545.509794399564,2.603356319257476
1.2,2545.509794399564,2.727108075908868
1.2,2483.991085641825,2.549150598389164
1.2,2544.4867424295053,2.60394298976864
1.2,2544.4867424295053,2.7280014537819968
1.2,2482.5409988037222,2.5502650984295734
1.2,2543.407246273809,2.604562540011077
1.2,2543.407246273809,2.728949171345524
1.2,2481.004559962536,2.5514446056901896
1.2,2542.263257458444,2.6052196784644104
1.2,2542.263257458444,2.729956231716925
1.2,2479.373997397233,2.5526984559194927
1.2,2541.054852674295,2.605914461815502
1.2,2541.054852674295,2.7310129770885654
1.2,2477.6652912183304,2.5540131175179663
1.2,2539.7821128811506,2.6066469500451834
1.2,2539.7821128811506,2.73213421669859
1.2,2475.8548742588555,2.5554071286775675
1.2,2538.461325529111,2.6074078672746377
1.2,2538.461325529111,2.733300498564966
1.2,2473.9745346743694,2.556866967119644
1.2,2537.068264983855,2.6082112802028283
1.2,2537.068264983855,2.734526657326819
1.2,2472.0007358639737,2.558392855940304
1.2,2535.6192224146425,2.6090479160785183
1.2,2535.6192224146425,2.7358079414061134
1.2,2469.941561797949,2.5599896332641694
1.2,2534.106193518041,2.60992251694754
1.2,2534.106193518041,2.7371445042730524
1.2,2467.797200833191,2.561657561235732
1.2,2532.5454484290976,2.61082579497653
1.2,2532.5454484290976,2.7385365062481206
1.2,2465.5678488990784,2.56339691420209
1.2,2530.9128249475275,2.611771864673482
1.2,2530.9128249475275,2.739984114550546
1.2,2463.2537094529976,2.565203355508315
1.2,2529.21652086868,2.612756129663694
1.2,2529.21652086868,2.741487503348948
1.2,2460.854993434248,2.5670817940088337
1.2,2527.456649177612,2.6137786755548627
1.2,2527.456649177612,2.7430567287701377
1.2,2458.356210528101,2.5690418148464955
1.2,2525.649457531917,2.6148301989736704
1.2,2525.649457531917,2.744672240765573
1.2,2455.78901819064,2.5710652076226244
1.2,2523.778915613099,2.6159201690920346
1.2,2523.778915613099,2.746349047758506
1.2,2453.1300872065003,2.5731569168768704
1.2,2521.837093029357,2.61705338520077
1.2,2521.837093029357,2.748082415403723
1.2,2450.387512970552,2.5753265881603653
1.2,2519.8482820805343,2.6182158333988874
1.2,2519.8482820805343,2.7498675920298714
1.2,2447.569368013916,2.5775606035039798
1.2,2517.7964945410704,2.6194170156276217
1.2,2517.7964945410704,2.751714712765713
1.2,2444.6602511994406,2.579873317381065
1.2,2515.689903780775,2.6206523199797878
1.2,2515.689903780775,2.7536190470759183
1.2,2441.6682572091463,2.582260458223239
1.2,2513.504537287536,2.6219360066383346
1.2,2513.504537287536,2.7555808274634863
1.2,2438.5936556604297,2.584717733979874
1.2,2511.272676527578,2.623249310071369
1.2,2511.272676527578,2.757605283946319
1.2,2435.4289326646644,2.587259642069034
1.2,2508.978393919077,2.6246017800949386
1.2,2508.978393919077,2.759687689191222
1.2,2432.182180276681,2.5898678176184045
1.2,2506.6298529612445,2.625988799500907
1.2,2506.6298529612445,2.761823293825754
1.2,2428.8614618099477,2.5925520913295785
1.2,2504.219183188698,2.627415217152377
1.2,2504.219183188698,2.764017350890624
1.2,2425.459283998384,2.5953081878596667
1.2,2501.7545418256914,2.628876412314686
1.2,2501.7545418256914,2.76627515266363
1.2,2421.9681976493007,2.5981412906197185
1.2,2499.2200869882904,2.6303820028811624
1.2,2499.2200869882904,2.768597003154061
1.2,2418.388543077096,2.600768222418185
1.2,2496.631974886038,2.631922623054568
1.2,2496.631974886038,2.77096810021898
1.2,2414.7438678249537,2.6034120520989696
1.2,2493.998330599185,2.6334936294670457
1.2,2493.998330599185,2.773398781631871
1.2,2411.018989428979,2.6061247067336755
1.2,2491.2794346891974,2.635118974273525
1.2,2491.2794346891974,2.7759095761943584
1.2,2407.1833891230176,2.6089193163505757
1.2,2488.523303631885,2.636770203009072
1.2,2488.523303631885,2.77846544671362
1.2,2403.291442969885,2.6117751497591004
1.2,2485.698232146215,2.6384665350063754
1.2,2485.698232146215,2.78108185567949
1.2,2399.3203261927606,2.614692589597444
1.2,2482.828265957226,2.640193777141317
1.2,2482.828265957226,2.783589253420741
1.2,2395.4165686106744,2.6176848299558624
1.2,2479.897668165958,2.641961634841872
1.2,2479.897668165958,2.786015975910642
1.2,2391.555358887096,2.620743807710452
1.2,2435.0570947934502,2.668945382781394
1.2,2435.0570947934502,2.793589381230684
1.2,2379.5847948958367,2.609105836774153
1.2,2434.969435046344,2.668997423063977
1.2,2434.969435046344,2.793666548857788
1.2,2379.463440040668,2.609203346701128
1.2,2434.8306463631934,2.6690798243286187
1.2,2434.8306463631934,2.793793657772848
1.2,2379.263573823557,2.609360225790988
1.2,2434.640736758893,2.6691925921994115
1.2,2434.640736758893,2.7939661812308767
1.2,2378.9923514297698,2.6095764954613188
1.2,2434.3778074150127,2.669348748060133
1.2,2434.3778074150127,2.794197759363135
1.2,2378.628386969124,2.609860668930508
1.2,2434.0783918078864,2.6695266144902337
1.2,2434.0783918078864,2.794474795394822
1.2,2378.1931239570577,2.610208547563127
1.2,2433.713296504673,2.669743556852859
1.2,2433.713296504673,2.79480185943902
1.2,2377.6794648204886,2.6106116936639654
1.2,2433.29714907929,2.669990914160599
1.2,2433.29714907929,2.795178986610968
1.2,2377.087456132276,2.6110786500184444
1.2,2432.8226745783086,2.670273044226918
1.2,2432.8226745783086,2.795610763126883
1.2,2376.4100215831786,2.611613732600767
1.2,2432.2972017860047,2.670585627140269
1.2,2432.2972017860047,2.79608814502486
1.2,2375.6614839021745,2.6122127755726683
1.2,2431.7134650892376,2.670933027330445
1.2,2431.7134650892376,2.796620276941077
1.2,2374.827653452405,2.61287161516561
1.2,2431.0787971053915,2.6713109276427955
1.2,2431.0787971053915,2.7971981195151487
1.2,2373.9228588002675,2.6135945956721254
1.2,2430.378649893408,2.671728045211297
1.2,2430.378649893408,2.797835388097392
1.2,2372.9258131117444,2.6143818233214877
1.2,2429.6276556371545,2.6721757224840643
1.2,2429.6276556371545,2.798513942992989
1.2,2371.865092712224,2.615229154550316
1.2,2428.825857578596,2.6726539901223823
1.2,2428.825857578596,2.799247516668872
1.2,2370.7194329229387,2.616140968088647
1.2,2427.9660162445334,2.6731672312287507
1.2,2427.9660162445334,2.800036195412366
1.2,2369.4889466549434,2.617121663768538
1.2,2427.0481881823457,2.673715486005801
1.2,2427.0481881823457,2.800870946357562
1.2,2368.1879698129133,2.618162858035788
1.2,2426.0797141427174,2.674294443411488
1.2,2426.0797141427174,2.801756417250321
1.2,2366.809505415346,2.619264694458535
1.2,2425.053372153925,2.6749084991925764
1.2,2425.053372153925,2.8026972726296595
1.2,2365.3465780971305,2.6204358777305616
1.2,2423.969229608216,2.675557701537306
1.2,2423.969229608216,2.803684479491269
1.2,2363.813522338813,2.621663751706849
1.2,2422.8273576506376,2.676242101428107
1.2,2422.8273576506376,2.804731861365006
1.2,2362.1891905901334,2.622965612481625
1.2,2421.642367631533,2.6769530272892887
1.2,2421.642367631533,2.805821236325659
1.2,2360.502100607864,2.624328811727973
1.2,2420.3925231549792,2.6777036164039894
1.2,2420.3925231549792,2.8069664494436117
1.2,2358.731131713606,2.625753538757014
1.2,2419.0924388435865,2.6784851998388843
1.2,2419.0924388435865,2.808163049820594
1.2,2356.883533705065,2.6272442902846285
1.2,2417.734931550419,2.679302201835088
1.2,2417.734931550419,2.8094111677293823
1.2,2354.95947214421,2.628801288656087
1.2,2416.334597419192,2.6801459406181523
1.2,2416.334597419192,2.810710939228364
1.2,2352.9591192556823,2.6304247664999987
1.2,2414.869755806515,2.6810295940725952
1.2,2414.869755806515,2.812062506198886
1.2,2350.882653888496,2.63211065231705
1.2,2413.347759918922,2.681948861674562
1.2,2413.347759918922,2.813466016384279
1.2,2348.730261476326,2.633863502557816
1.2,2411.76870906446,2.6829038161064407
1.2,2411.76870906446,2.8149308409299656
1.2,2346.4880380511545,2.63569223302489
1.2,2410.1471796460432,2.683885762336576
1.2,2410.1471796460432,2.816438714306013
1.2,2344.184386569579,2.6375798252081704
1.2,2408.4687863023946,2.6849035361143
1.2,2408.4687863023946,2.8180036288881487
1.2,2341.79836868672,2.639530865520027
1.2,2406.7264108640225,2.68596161022902
1.2,2406.7264108640225,2.8196211480617515
1.2,2339.3372443183657,2.6415543206544942
1.2,2404.941848346461,2.68704689212634
1.2,2404.941848346461,2.821286820447315
1.2,2336.808253295807,2.6436374600317207
1.2,2403.1007503949227,2.6881682453389044
1.2,2403.1007503949227,2.8230100839700563
1.2,2334.1975700960334,2.645793637163788
1.2,2401.210448778104,2.689321356027177
1.2,2401.210448778104,2.8247865050535457
1.2,2331.51245404927,2.6480188347775218
1.2,2399.249429598517,2.6905195256699592
1.2,2399.249429598517,2.826616280490874
1.2,2328.7531422648863,2.650309018075324
1.2,2397.24665773336,2.691745229251784
1.2,2397.24665773336,2.828504266682117
1.2,2325.912886166218,2.652677661197139
1.2,2395.187838150075,2.6930073708666367
1.2,2395.187838150075,2.8304460325265506
1.2,2322.998942823233,2.6551076134766896
1.2,2393.080293963744,2.6943016320782616
1.2,2393.080293963744,2.8324371281512497
1.2,2320.018544055083,2.657607997345385
1.2,2390.916959719453,2.695632527579943
1.2,2390.916959719453,2.834482429213808
1.2,2316.964959468262,2.6601747913861087
1.2,2388.705153029204,2.6969957358863725
1.2,2388.705153029204,2.836586844525587
1.2,2313.831497439062,2.662812782708745
1.2,2386.4306542159784,2.6984002187496747
1.2,2386.4306542159784,2.838750630938714
1.2,2310.6184573438413,2.665526805125312
1.2,2384.1079593742857,2.699837227836047
1.2,2384.1079593742857,2.8409599698984302
1.2,2307.3469696956918,2.66830400588393
1.2,2381.7443578800976,2.701302422365735
1.2,2381.7443578800976,2.8432244702195746
1.2,2304.003401402351,2.671153649690132
1.2,2379.304199641962,2.7028181283641484
1.2,2379.304199641962,2.845563225938014
1.2,2300.568376180262,2.6740895420121307
1.2,2376.8305753766685,2.7043577983055203
1.2,2376.8305753766685,2.8479435719064923
1.2,2297.162544274498,2.677089915641967
1.2,2374.2950268179447,2.7059393417241124
1.2,2374.2950268179447,2.8503798839487438
1.2,2293.687062166401,2.6801551831840627
1.2,2371.719132329968,2.707549513557797
1.2,2371.719132329968,2.852872439228081
1.2,2290.1422137423774,2.683299219321214
1.2,2369.088764590496,2.709197349512944
1.2,2369.088764590496,2.855421522033045
1.2,2286.528287970826,2.686513564675967
1.2,7131.105904891073,2.327653210748768
1.2,7131.105904891073,2.5674822341827603
1.2,6908.01524021868,2.4311043223373585
1.2,7131.020332953521,2.3276683390662725
1.2,7131.020332953521,2.567511436678334
1.2,6907.870174757378,2.431139874170245
1.2,7130.870584327974,2.3276948140950986
1.2,7130.870584327974,2.5675531556815248
1.2,6907.662943228595,2.431195179088216
1.2,7130.635270883798,2.3277364189286525
1.2,7130.635270883798,2.567615736728438
1.2,6907.352106621368,2.4312662891087227
1.2,7130.357182354719,2.327785590194918
1.2,7130.357182354719,2.5676950104340794
1.2,6906.958398659419,2.4313650599272667
1.2,7130.014933197798,2.327846111528357
1.2,7130.014933197798,2.5677909798905043
1.2,6906.481832333914,2.4314796441311963
1.2,7129.608531882978,2.327917984699423
1.2,7129.608531882978,2.567907821955349
1.2,6905.901705315812,2.431621901617289
1.2,7129.13798846711,2.328001211810826
1.2,7129.13798846711,2.5680371952167587
1.2,6905.259473932269,2.4317799850150688
1.2,7128.603314593318,2.3280957952976915
1.2,7128.603314593318,2.568191625529902
1.2,6904.49301136147,2.4319657592742363
1.2,7128.004523490301,2.3282017379277327
1.2,7128.004523490301,2.56835859811464
1.2,6903.664490888915,2.4321713298294814
1.2,7127.3630127514325,2.328315258588768
1.2,7127.3630127514325,2.568542293036605
1.2,6902.753223606111,2.432392752373864
1.2,7126.636031215226,2.3284439287214376
1.2,7126.636031215226,2.5687468933091693
1.2,6901.738532951713,2.432641900931678
1.2,7125.844981464516,2.3285839682611345
1.2,7125.844981464516,2.568968232343189
1.2,6900.641164274343,2.4329108804681407
1.2,7125.011259375218,2.3287315957420267
1.2,7125.011259375218,2.569206318784583
1.2,6899.461153739049,2.4331997041235893
1.2,7124.113504780839,2.328890600118195
1.2,7124.113504780839,2.569456983771765
1.2,6898.219237101104,2.433508386012646
1.2,7123.130368673331,2.329064772683985
1.2,7123.130368673331,2.569736950818616
1.2,6896.832672203732,2.433844859313696
1.2,7122.0832517250665,2.329250332988362
1.2,7122.0832517250665,2.570029518879869
1.2,6895.384294998176,2.434197266384012
1.2,7121.014910410703,2.3294397107192677
1.2,7121.014910410703,2.5703346965430924
1.2,6893.874141226329,2.4345735438567755
1.2,7119.839904524485,2.3296480617939688
1.2,7119.839904524485,2.5706608568889022
1.2,6892.260886968362,2.434969751102265
1.2,7118.643717362271,2.3298602393670667
1.2,7118.643717362271,2.571003832670058
1.2,6890.565274443776,2.43538590752596
1.2,7117.340937228203,2.330091405349995
1.2,7117.340937228203,2.5713720060636214
1.2,6888.746017558137,2.435829964529979
1.2,7115.995672197622,2.330330198703101
1.2,7115.995672197622,2.5717528417391997
1.2,6886.865202975849,2.436294018480142
1.2,7114.586596665406,2.3305804156696373
1.2,7114.586596665406,2.572150537818075
1.2,6884.902216665714,2.436778092144241
1.2,7113.135089081137,2.330838271175432
1.2,7113.135089081137,2.572565109893035
1.2,6882.857123116501,2.4372822092861406
1.2,7111.598494206957,2.331111356850999
1.2,7111.598494206957,2.5730007639097217
1.2,6880.709340652863,2.437810366630618
1.2,7109.998197664068,2.33139588915017
1.2,7109.998197664068,2.5734491388945804
1.2,6878.500242832662,2.4383586215412314
1.2,7108.334238909852,2.33169187643304
1.2,7108.334238909852,2.573922826091988
1.2,6876.1679746696445,2.438930976600526
1.2,7106.627984763323,2.331995531214265
1.2,7106.627984763323,2.5744092704761985
1.2,6873.774540112718,2.4395274655814045
1.2,7104.858142210173,2.332310656655024
1.2,7104.858142210173,2.57491687825383
1.2,6871.278751948349,2.440144144122651
1.2,7103.003438936855,2.332641060299067
1.2,7103.003438936855,2.5754414767066662
1.2,6868.701328307462,2.440777060980882
1.2,7101.106557122147,2.3329791563083417
1.2,7101.106557122147,2.5759788870826354
1.2,6866.062962172525,2.4414342087339134
1.2,7099.124917249896,2.333332552374159
1.2,7099.124917249896,2.5765417289184915
1.2,6863.301914794053,2.4421156262654606
1.2,7097.1011836435455,2.333693658914682
1.2,7097.1011836435455,2.5771216291413626
1.2,6860.459508294691,2.442821353928381
1.2,7095.014095436366,2.334066285958122
1.2,7095.014095436366,2.577714405561912
1.2,6857.556420850313,2.4435434521798167
1.2,7092.863703945709,2.334450444488948
1.2,7092.863703945709,2.578328489862704
1.2,6854.551569205368,2.444293929010866
1.2,7090.65006202376,2.334846145837059
1.2,7090.65006202376,2.578959703183755
1.2,6851.465644745568,2.4450608493824766
1.2,7088.373224054276,2.3352534016786217
1.2,7088.373224054276,2.57961228171664
1.2,6848.278188264017,2.445856238453508
1.2,7086.033245949281,2.3356722240369354
1.2,7086.033245949281,2.5802778307956324
1.2,6845.03043172016,2.446668148615865
1.2,7083.651447905134,2.3360988157270786
1.2,7083.651447905134,2.580964801552112
1.2,6841.681370546209,2.4475046194814927
1.2,7081.185356599815,2.336540807140127
1.2,7081.185356599815,2.581669009962137
1.2,6838.251673693613,2.448361694455529
1.2,7078.656301858393,2.33699440319353
1.2,7078.656301858393,2.5823947042818896
1.2,6834.720929989773,2.449239416236289
1.2,7076.085587690997,2.3374558033249206
1.2,7076.085587690997,2.5831334748945256
1.2,6831.130308957241,2.450141840844189
1.2,7073.4307862832,2.337932647717429
1.2,7073.4307862832,2.583889569117893
1.2,6827.459394887077,2.4510650069204694
1.2,7070.734439123466,2.338417320909623
1.2,7070.734439123466,2.584667244772892
1.2,6823.687814386095,2.4520129789902527
1.2,7067.932930648876,2.338921288746237
1.2,7067.932930648876,2.585470770830736
1.2,6819.795238815082,2.452989835401893
1.2,7065.132434907754,2.339425473856583
1.2,7065.132434907754,2.586283262736538
1.2,6815.863742427632,2.453983569740123
1.2,7062.226930196211,2.339948986812982
1.2,7062.226930196211,2.587117444233587
1.2,6811.832007380868,2.454998250260269
1.2,7059.280123036648,2.3404803818061493
1.2,7059.280123036648,2.5879648796517283
1.2,6807.7410950413705,2.4560339279399
1.2,7056.292061195866,2.341019669417606
1.2,7056.292061195866,2.588834077312637
1.2,6803.55022901261,2.457094689927162
0.765,2730.1330399487224,3.8657459041754416
0.765,2730.1330399487224,4.306230060453956
0.765,2384.867875901945,5.150345209038103
0.79,2727.637459828829,3.652471773802854
0.79,2727.637459828829,4.539613668559876
0.79,2427.982152776427,4.31493730543145
0.814,2702.093241850254,3.9004539182654097
0.814,2702.093241850254,3.992296063200442
0.814,2448.3605493250743,4.144812393902657
0.839,2700.7370707525465,3.762901529477713
0.839,2700.7370707525465,3.401444051774319
0.839,2474.1811513405946,4.6028267093014685
0.863,2707.3404221545666,3.4283202381249
0.863,2707.3404221545666,3.40659283553174
0.863,2454.7882604518977,4.406669168645008
0.888,2674.1188082758317,3.400523838687432
0.888,2674.1188082758317,3.206081915800273
0.888,2476.3211512776,3.939660894120504
0.912,2689.0209100930365,2.960063673083176
0.912,2689.0209100930365,3.2345129229581047
0.912,2504.9259021846347,3.695929159485565
0.937,2660.328293245139,2.947124287777241
0.937,2660.328293245139,3.188551665354064
0.937,2470.7499628717246,3.805550712582825
0.961,2626.504646418413,3.021514385536791
0.961,2626.504646418413,3.366436482632312
0.961,2373.7244764854995,3.2819228784998
0.986,2599.55895155806,3.027411059829614
0.986,2599.55895155806,3.1240361890674087
0.986,2429.554874237941,3.400576300480954
1.01,2599.143564859626,2.919862673984861
1.01,2599.143564859626,2.896871004634588
1.01,2432.595261185189,3.496350575165142
1.035,2562.5176597367954,2.9577437368351247
1.035,2562.5176597367954,2.8709473412024327
1.035,2415.240655494297,3.380405312258741
1.059,2554.8697431535693,2.882696444109733
1.059,2554.8697431535693,2.6952003702124685
1.059,2413.228795320349,3.246537068781591
1.084,2549.55033986861,2.7196954985133064
1.084,2549.55033986861,2.7852728046262647
1.084,2399.15791936669,2.9545660540508405
1.108,2517.024270330276,2.648016265565581
1.108,2517.024270330276,2.816657225348344
1.108,2377.486994049488,2.986995699556597
1.133,2506.573251777449,2.6003791878975058
1.133,2506.573251777449,2.5018561127774137
1.133,2381.5147468265013,3.019018094064104
1.157,2488.3606919632466,2.6336049566347204
1.157,2488.3606919632466,2.5535574888614985
1.157,2369.2202938461064,2.763815110795768
1.182,2472.504823762937,2.4225171568524564
1.182,2472.504823762937,2.5975908902615457
1.182,2349.16297236566,2.502055459834476
1.206,2466.929991928113,2.407250474435807
1.206,2466.929991928113,2.3899146223279684
1.206,2360.179108498128,2.7209090040226624
1.231,2424.3070193980293,2.451940335021082
1.231,2424.3070193980293,2.504472562163497
1.231,2330.7571789294816,2.3631098075930668
1.255,2415.1186934266143,2.339224733368209
1.255,2415.1186934266143,2.4821318166920823
1.255,2290.134851540679,2.751241337104728
1.28,2393.901500220421,2.3798409707139694
1.28,2393.901500220421,2.306487390122381
1.28,2294.873504458921,2.528903050345671
1.304,2375.092167041321,2.3428505205059085
1.304,2375.092167041321,2.224644625134176
1.304,2284.7162445568783,2.525406089019744
1.329,2363.814804603171,2.163730186703483
1.329,2363.814804603171,2.226418926025225
1.329,2273.580196979813,2.547805757540356
1.353,2343.495836971624,2.280466178725816
1.353,2343.495836971624,2.0359225876829976
1.353,2285.788181307581,2.55298329798661
1.378,2326.525498643171,2.248835522805667
1.378,2326.525498643171,2.12301939687273
1.378,2247.6196984421576,2.209927072604008
1.402,2315.346269348431,2.280864447438906
1.402,2315.346269348431,1.9228497217345129
1.402,2274.1412088060315,2.275266138836559
1.427,2287.2234411383183,2.199636518890195
1.427,2287.2234411383183,2.0957913792221388
1.427,2227.3449108023347,2.225230931595774
1.451,2282.7003941985763,2.0251696022252674
1.451,2282.7003941985763,2.104926293284944
1.451,2178.8049639377987,2.3047111685634207
1.476,2263.627360503104,1.958564035033589
1.476,2263.627360503104,2.139572442574992
1.476,2162.325731545556,2.2253925323678683
1.5,2246.1361113611847,2.022279872854045
1.5,2246.1361113611847,1.9576091454417373
1.5,2179.6484578365025,2.1808700881783327
0.765,2692.3692238545127,3.896118070617792
0.765,2692.3692238545127,4.362416935537619
0.765,2330.606703350064,5.243463528734557
0.79,2690.0371047825865,3.681068817881296
0.79,2690.0371047825865,4.597486304484317
0.79,2373.9781684376558,4.391396336998892
0.814,2663.7550711628005,3.931899714688675
0.814,2663.7550711628005,4.044284143201897
0.814,2392.7619721610085,4.219096017509143
0.839,2663.269206600749,3.792554564582454
0.839,2663.269206600749,3.4448694197228726
0.839,2419.0721561066,4.684156482742609
0.863,2669.1325350493767,3.455810114539017
0.863,2669.1325350493767,3.450083936688234
0.863,2400.1112152919627,4.483714858684583
0.888,2636.3460562354376,3.4278155749796126
0.888,2636.3460562354376,3.246736407724148
0.888,2421.52870451672,4.007839688483792
0.912,2651.215619114949,2.9837073645125174
0.912,2651.215619114949,3.2747619498550176
0.912,2450.511957048566,3.758944080625224
0.937,2621.6440419126343,2.9714843169426137
0.937,2621.6440419126343,3.2297217398294813
0.937,2415.106707254901,3.872058206424227
0.961,2588.3949728859284,3.0464343264830744
0.961,2588.3949728859284,3.409210827717121
0.961,2321.0981577953594,3.3387311731521336
0.986,2562.20056867558,3.052137428753684
0.986,2562.20056867558,3.163736294952761
0.986,2375.6831753837296,3.459167210913243
1.01,2561.7583921494197,2.94373189607434
1.01,2561.7583921494197,2.933242862788012
1.01,2379.288047186609,3.555781159315114
1.035,2525.07006224222,2.982315208565516
1.035,2525.07006224222,2.9077581391471474
1.035,2361.2177774475413,3.4383977904676075
1.059,2517.445400007736,2.906702109441348
1.059,2517.445400007736,2.729584531775058
1.059,2359.51519493186,3.3020584410395912
1.084,2512.227986307438,2.742328990999951
1.084,2512.227986307438,2.820381585808305
1.084,2346.3806784330377,3.004573827446928
1.108,2479.702452271425,2.6703421900284603
1.108,2479.702452271425,2.852694311971412
1.108,2324.4201580590866,3.03781262701071
1.133,2469.3748329146424,2.622322376047294
1.133,2469.3748329146424,2.5340171942136034
1.133,2328.112115611444,3.0703686386710687
1.157,2451.299333522211,2.655909997752736
1.157,2451.299333522211,2.585820478525707
1.157,2316.9829855351068,2.810794137351008
1.182,2435.422708090485,2.44317984696369
1.182,2435.422708090485,2.630257609435388
1.182,2297.6031749948625,2.544255823187826
1.206,2429.8926588398645,2.4278048244181374
1.206,2429.8926588398645,2.4200442353794327
1.206,2308.251948219582,2.766604029249848
1.231,2387.375323919608,2.473188644528159
1.231,2387.375323919608,2.5363085240854253
1.231,2279.0615662185373,2.403032381804748
1.255,2377.574422466904,2.359917766127996
1.255,2377.574422466904,2.514344860981372
1.255,2238.3012899781047,2.797359023537486
1.28,2357.1994082682286,2.400598717068997
1.28,2357.1994082682286,2.3358405209394824
1.28,2243.916331350765,2.5715234144411148
1.304,2338.513977363809,2.3633794552511107
1.304,2338.513977363809,2.252907198417259
1.304,2234.070397166189,2.567710193213649
1.329,2327.0159886613646,2.1828983915821167
1.329,2327.0159886613646,2.2549861580444035
1.329,2222.690332251544,2.5903198218796684
1.353,2307.5075267382954,2.300390353496836
1.353,2307.5075267382954,2.0616941202061345
1.353,2235.2974040333856,2.595323718037973
1.378,2290.409710257146,2.268700297769535
1.378,2290.409710257146,2.149795941726661
1.378,2198.1479021534788,2.246627100870099
1.402,2279.440447205433,2.30099140514918
1.402,2279.440447205433,1.947324032538562
1.402,2223.637298090684,2.3134979932323247
1.427,2251.2427133060137,2.219331041259755
1.427,2251.2427133060137,2.122543921205728
1.427,2177.7408415820764,2.262201563253842
1.451,2246.991938890372,2.0431987844784523
1.451,2246.991938890372,2.131667879441882
1.451,2130.5068963231724,2.3428998543473605
1.476,2228.0320690594062,1.9760929808406849
1.476,2228.0320690594062,2.1667777703063846
1.476,2114.352357728,2.262118581657629
1.5,2210.808801826229,2.040382747558039
1.5,2210.808801826229,1.9824648153645628
1.5,2131.358966750822,2.217051222178421
0.765,2856.5333447098506,3.971598389263496
0.765,2856.5333447098506,4.546706015946674
0.765,2479.25238251083,6.344448487707536
0.79,2833.57832938612,4.4800362765057935
0.79,2833.57832938612,3.6325587917236217
0.79,2711.8401111292646,5.129040641970153
0.814,2827.3762066535733,4.008935751878783
0.814,2827.3762066535733,3.917079653682251
0.814,2571.220511860656,5.401984949510487
0.839,2828.850093213142,3.754391732509339
0.839,2828.850093213142,3.989745357063866
0.839,2592.901483511672,4.337984931055391
0.863,2769.15223897227,4.027659204308594
0.863,2769.15223897227,3.494903881832794
0.863,2576.562667585717,4.46206049324397
0.888,2776.363272931266,3.752331966896626
0.888,2776.363272931266,3.3640441380073804
0.888,2603.7240499117643,3.867885126201316
0.912,2751.0590386415365,3.3402051978094485
0.912,2751.0590386415365,3.377346039820842
0.912,2604.791264395933,4.274599348000257
0.937,2711.5946732054654,3.4079912321835173
0.937,2711.5946732054654,3.87054657131878
0.937,2513.432538934338,3.618253525452548
0.961,2704.278226065136,3.352335465719717
0.961,2704.278226065136,3.3158503675432325
0.961,2498.409449633052,4.195056161101479
0.986,2688.9113849403843,3.2010061506411884
0.986,2688.9113849403843,3.140579595332229
0.986,2508.7281724179784,4.090175294756769
1.01,2655.9935060294765,3.233429387319077
1.01,2655.9935060294765,3.172076733306957
1.01,2535.9326053394943,3.651511459865449
1.035,2637.350535604317,3.227851783416785
1.035,2637.350535604317,3.1978693144857817
1.035,2511.452590791284,3.271989608021198
1.059,2621.292168300154,2.917613260227676
1.059,2621.292168300154,3.220657787352068
1.059,2479.655577228064,3.4210735328633186
1.084,2613.2169274911125,2.920504172593541
1.084,2613.2169274911125,2.8956993172288588
1.084,2484.3410425938114,3.307305280346605
1.108,2596.1428914164294,2.7893852620479405
1.108,2596.1428914164294,3.0932897536539072
1.108,2438.705305808018,3.129180365746431
1.133,2560.804841439344,2.7298473720828724
1.133,2560.804841439344,2.983803983560186
1.133,2432.444731700992,3.085959990103775
1.157,2530.4345831571623,2.8042885415486216
1.157,2530.4345831571623,2.616300361274601
1.157,2460.9848895128366,3.104545207014327
1.182,2540.908501349406,2.5338936890757906
1.182,2540.908501349406,2.684355991339934
1.182,2410.2917696472405,3.034334869678175
1.206,2499.697227069647,2.6145380137654444
1.206,2499.697227069647,2.870754319729972
1.206,2395.4007824886417,2.6233940341168287
1.231,2487.2599658557424,2.439242476802897
1.231,2487.2599658557424,2.799889152462475
1.231,2385.044839279886,2.502915752914038
1.255,2455.0600083023896,2.56652372445537
1.255,2455.0600083023896,2.3593339557069424
1.255,2418.021567710019,2.98580105909591
1.28,2444.438858416804,2.343718969587174
1.28,2444.438858416804,2.4598113176938283
1.28,2347.2620065964657,2.850853179546005
1.304,2422.7946641069943,2.3932731470483075
1.304,2422.7946641069943,2.412477543086438
1.304,2360.8485157952564,2.643965275905293
1.329,2406.0885124532288,2.3994195837483163
1.329,2406.0885124532288,2.379755405768309
1.329,2335.2927507199943,2.535720781317444
1.353,2379.958879047392,2.429489782004855
1.353,2379.958879047392,2.279944645356786
1.353,2321.867110575673,2.6216487429597874
1.378,2365.89649693466,2.3366570852390147
1.378,2365.89649693466,2.226343403856759
1.378,2337.3893709416293,2.535903755466045
1.402,2363.253132155728,2.13506693203336
1.402,2363.253132155728,2.2036998367837843
1.402,2298.498641276558,2.4503561758092918
1.427,2345.447803184665,2.250473407228647
1.427,2345.447803184665,2.184374460115466
1.427,2281.9011576754874,2.178615626221829
1.451,2330.6130501292164,2.160611793516523
1.451,2330.6130501292164,2.268196192997095
1.451,2265.020916547363,2.1485555940101912
1.476,2298.465339514566,2.1800822196236367
1.476,2298.465339514566,2.1283097007090723
1.476,2266.1330561161794,2.127797617204532
1.5,2265.414373164206,2.2347070183924878
1.5,2265.414373164206,2.144341920010207
1.5,2216.686133250203,2.126365653942884
0.765,2726.484465164173,4.075741243294462
0.765,2726.484465164173,4.6637076382831975
0.765,2367.7036308819474,6.504560390216257
0.79,2704.5543444503446,4.59754050396141
0.79,2704.5543444503446,3.726105585898752
0.79,2589.770182319264,5.25855927993173
0.814,2698.7476944575133,4.113937161312654
0.814,2698.7476944575133,4.017829408480862
0.814,2455.5693372217897,5.538377601149029
0.839,2700.0723898822644,3.852825852992364
0.839,2700.0723898822644,4.09260746075138
0.839,2476.102444570105,4.447825777426749
0.863,2643.1305884158214,4.133206848242225
0.863,2643.1305884158214,3.584943424477961
0.863,2460.551743258206,4.575027099493836
0.888,2650.065683204091,3.850599914569937
0.888,2650.065683204091,3.4506420484533686
0.888,2486.549565140772,3.9656544066720176
0.912,2625.910535970065,3.4276823952839237
0.912,2625.910535970065,3.46431823900913
0.912,2487.5419158575373,4.382795278037499
0.937,2588.315756289433,3.497158274024479
0.937,2588.315756289433,3.970117735618975
0.937,2400.3676625366625,3.709788483186786
0.961,2581.333423861676,3.4400446433869094
0.961,2581.333423861676,3.401091400321077
0.961,2386.070042282521,4.300995513666497
0.986,2566.6681548073816,3.2847527980687827
0.986,2566.6681548073816,3.2213228614068425
0.986,2395.917862679692,4.193495274349001
1.01,2535.246787782189,3.3180243109581937
1.01,2535.246787782189,3.253713200425882
1.01,2421.8261798730327,3.743926258458291
1.035,2517.516921361471,3.312227395989956
1.035,2517.516921361471,3.280072538320736
1.035,2398.5308679738573,3.354680742460958
1.059,2502.1867624494453,2.993880742973797
1.059,2502.1867624494453,3.3034886222107454
1.059,2368.125832846629,3.507638796768595
1.084,2494.495640331966,2.9968296439249884
1.084,2494.495640331966,2.970160463225569
1.084,2372.614547223363,3.39094291449841
1.108,2478.197770926422,2.8622835597269987
1.108,2478.197770926422,3.1728297312911224
1.108,2329.0329494455464,3.208291629429437
1.133,2444.4885711388724,2.801166868616744
1.133,2444.4885711388724,3.060508046820974
1.133,2323.072281949782,3.1639722688769094
1.157,2415.46817389385,2.877582889442061
1.157,2415.46817389385,2.683632944210073
1.157,2350.251252547319,3.1831323317962075
1.182,2425.5270893002366,2.60006533710629
1.182,2425.5270893002366,2.753341832373891
1.182,2301.935374566602,3.1110725170559648
1.206,2386.210058032631,2.682793785618944
1.206,2386.210058032631,2.9445260938345257
1.206,2287.717791802438,2.689703842011819
1.231,2374.293329623843,2.502961522847661
1.231,2374.293329623843,2.8719106723539545
1.231,2277.761532539485,2.5662611532346284
1.255,2343.6195938436385,2.633506697741136
1.255,2343.6195938436385,2.41997295424804
1.255,2309.310996113056,3.0613595121542665
1.28,2333.490845679456,2.4048780037869464
1.28,2333.490845679456,2.5230564034788108
1.28,2241.708046224679,2.923075605823513
1.304,2312.827263570448,2.455726893015672
1.304,2312.827263570448,2.4745031725967688
1.304,2254.686191629741,2.7109199830874946
1.329,2296.8758604164896,2.4620369366629715
1.329,2296.8758604164896,2.4409569913660487
1.329,2230.261130509266,2.5999352103093933
1.353,2271.921805487814,2.492901630546269
1.353,2271.921805487814,2.338599324746602
1.353,2217.41709731584,2.688075278703455
1.378,2258.5034045893453,2.397640834435322
1.378,2258.5034045893453,2.2836179924806306
1.378,2232.2423738156817,2.600142204125684
1.402,2255.9964564462625,2.190775859220961
1.402,2255.9964564462625,2.2603826130366844
1.402,2195.1117116039227,2.5124787558884227
1.427,2238.986782231732,2.309204483626333
1.427,2238.986782231732,2.240590348135113
1.427,2179.22635102986,2.2338622288944605
1.451,2224.8637620924624,2.2169651858862083
1.451,2224.8637620924624,2.326536009471297
1.451,2163.141906061838,2.203036633833181
1.476,2194.1759841313547,2.236942347659031
1.476,2194.1759841313547,2.183019945870098
1.476,2164.240730819256,2.181713995019137
1.5,2162.6084891808864,2.293006439549389
1.5,2162.6084891808864,2.1994848985311743
1.5,2116.993834755988,2.180251525395426
0.765,8044.94545585651,3.339957123708876
0.765,8044.94545585651,4.004340555701771
0.765,7046.284345731196,5.809847569229149
0.79,7992.56221689336,3.712085779933348
0.79,7992.56221689336,3.34193591796088
0.79,7576.221333976639,4.619200188959897
0.814,7973.545307777414,3.3780236203939817
0.814,7973.545307777414,3.4783562454456622
0.814,7284.676726785651,4.706929921568661
0.839,7947.781668321602,3.266754189215806
0.839,7947.781668321602,3.5190534361498336
0.839,7369.720935243036,3.900079909001848
0.863,7803.024731822893,3.4959786130191928
0.863,7803.024731822893,3.102910237764613
0.863,7276.963906474242,3.9992995268961096
0.888,7807.964688705028,3.2973157451165487
0.888,7807.964688705028,3.027038965777453
0.888,7341.614681649294,3.4481968529163227
0.912,7745.418064219927,3.005144640261346
0.912,7745.418064219927,2.6456444254389986
0.912,7472.225419195763,3.78687700947003
0.937,7647.167436106145,3.043597009684734
0.937,7647.167436106145,3.1957894142837016
0.937,7179.261473915532,3.237119283236933
0.961,7638.225570652393,2.965182802663548
0.961,7638.225570652393,2.7778305591409493
0.961,7112.81016886591,3.645841391651608
0.986,7564.592543267568,2.8770024333870534
0.986,7564.592543267568,2.8949834281157423
0.986,7103.912904869386,3.5437546987355417
1.01,7494.317928766846,2.8533962935092774
1.01,7494.317928766846,2.8384350501126856
1.01,7159.29630312287,3.3215759388387656
1.035,7440.704488508703,2.9667948348928337
1.035,7440.704488508703,2.6572085270612584
1.035,7159.029415886359,3.038584180615666
1.059,7394.221975006468,2.6717428471318674
1.059,7394.221975006468,2.786553809230875
1.059,7026.392315426082,3.1390051379619845
1.084,7365.711381093282,2.706862825380276
1.084,7365.711381093282,2.474154953526412
1.084,7030.806178665882,3.102133627582733
1.108,7317.98239108714,2.5614974841699727
1.108,7317.98239108714,2.723759319977041
1.108,6900.677231699953,2.931478851145893
1.133,7221.002035987378,2.4691561767204693
1.133,7221.002035987378,2.667154579212005
1.133,6862.299698926509,2.9198701401882894
1.157,7132.5605988044645,2.560121994839293
1.157,7132.5605988044645,2.394515384438841
1.157,6950.187314559569,2.905858789704644
1.182,7163.595883547228,2.2927930127781977
1.182,7163.595883547228,2.484114357339774
1.182,6808.785035460542,2.7628973085760515
1.206,7057.056351409875,2.370052840301077
1.206,7057.056351409875,2.606094383237193
1.206,6765.0839154094565,2.4829738335098126
1.231,7018.595013704121,2.2316672683391103
1.231,7018.595013704121,2.569674448320771
1.231,6735.425076758217,2.426960397886931
1.255,6921.30425172441,2.36988987531374
1.255,6921.30425172441,2.2267606637891544
1.255,6821.557353027829,2.738474642673843
1.28,6890.1807913993935,2.1981250458646
1.28,6890.1807913993935,2.309359702701573
1.28,6615.649834785155,2.718153784820753
1.304,6821.088670400336,2.310008297359742
1.304,6821.088670400336,2.2321531707844127
1.304,6671.461473456462,2.500711369885587
1.329,6800.056313766236,2.226970867980582
1.329,6800.056313766236,2.2188371518318237
1.329,6598.684085933174,2.3381643860035104
1.353,6737.061230970875,2.197007464908902
1.353,6737.061230970875,2.175138685152709
1.353,6539.782781794693,2.3820418002181367
1.378,6696.737949135927,2.1309027699577823
1.378,6696.737949135927,2.0942627580932105
1.378,6612.562410911231,2.3061948504308103
1.402,6673.229174304372,2.0286160992101747
1.402,6673.229174304372,2.0563342645921834
1.402,6541.532504599553,2.170651599159371
1.427,6643.156316969174,2.067880276719145
1.427,6643.156316969174,2.0188764076947834
1.427,6472.533664060971,1.9759699014220864
1.451,6597.673699399851,2.0192684470002336
1.451,6597.673699399851,2.0581069072751346
1.451,6453.642913436897,1.95998549744561
1.476,6502.893638830835,2.0401135522091245
1.476,6502.893638830835,1.9369771284977575
1.476,6452.212174857774,1.9419407052488649
1.5,6416.111120601743,2.087585567829185
1.5,6416.111120601743,1.9094872091436097
1.5,6328.033662342158,1.9521989703816824
1.2,2360.7372281101507,2.33342769261452
1.2,2360.7372281101507,2.4874275478744443
1.2,2216.709310525005,2.730034127634
1.2,2367.355308765012,2.3346192741396568
1.2,2367.355308765012,2.4040024177191928
1.2,2203.3714305744543,2.921409346884451
1.2,2370.268815422329,2.4316976204524474
1.2,2370.268815422329,2.3942890948417133
1.2,2260.271996286512,2.6460506393020142
1.2,2373.0675798020698,2.4894110415227138
1.2,2373.0675798020698,2.370849719089543
1.2,2261.205989924305,2.660647608386754
1.2,2378.1540714279827,2.481343389621179
1.2,2378.1540714279827,2.2733793592582963
1.2,2258.528572478355,2.9170474336833423
1.2,2389.13836955877,2.54893797969797
1.2,2389.13836955877,2.4370985855441254
1.2,2286.936463770956,2.437402342279551
1.2,2395.8314516578725,2.364003667596052
1.2,2395.8314516578725,2.5320493254199943
1.2,2236.2976440903312,2.8381127701554463
1.2,2387.227987019908,2.4954066016329093
1.2,2387.227987019908,2.514099515567486
1.2,2274.4749381824718,2.656696003607068
1.2,2390.4683895594626,2.470862190422338
1.2,2390.4683895594626,2.469454104042794
1.2,2259.947020944745,2.861382567532824
1.2,2397.393217048924,2.5148083077807244
1.2,2397.393217048924,2.42781082545889
1.2,2286.620802771888,2.857859617127308
1.2,2405.388551889979,2.50364242129399
1.2,2405.388551889979,2.4841752395826093
1.2,2278.087820226493,2.803343033742542
1.2,2410.68411785788,2.50399910669044
1.2,2410.68411785788,2.4989196054490503
1.2,2257.3997456843736,2.9038082224670285
1.2,2421.0174111201663,2.4510556724109693
1.2,2421.0174111201663,2.6521466358404884
1.2,2264.4265291282168,2.7919540597146537
1.2,2439.659741913204,2.3959396060002187
1.2,2439.659741913204,2.488179713733895
1.2,2311.197188139822,2.718542295862765
1.2,2426.4201177636114,2.475308525904333
1.2,2426.4201177636114,2.53780718106375
1.2,2293.8746701911123,2.825392372264162
1.2,2440.231248262341,2.4934159924482078
1.2,2440.231248262341,2.407113133730753
1.2,2303.0682595973058,2.859739766366797
1.2,2432.4255045671985,2.477378959953985
1.2,2432.4255045671985,2.6467064012201065
1.2,2284.4444917266314,2.7304985499084835
1.2,2441.235582605666,2.5023040774937275
1.2,2441.235582605666,2.552997212399565
1.2,2334.713238818584,2.71009225410388
1.2,2439.803178047938,2.58329711808285
1.2,2439.803178047938,2.464336601211738
1.2,2351.513278478364,2.740884780689289
1.2,2453.8874202191923,2.489982478822302
1.2,2453.8874202191923,2.620913230616225
1.2,2319.0665262576736,2.734799135509508
1.2,2449.6993713190755,2.5918676131742218
1.2,2449.6993713190755,2.5864366838616086
1.2,2351.240774371935,2.8058835026594524
1.2,2445.1881663315708,2.5629227968756605
1.2,2445.1881663315708,2.7302383025264216
1.2,2329.6773732885104,2.7023165088067898
1.2,2455.3335864643336,2.6104697230490634
1.2,2455.3335864643336,2.457840410738155
1.2,2370.584159000656,2.8694096360837955
1.2,2464.5294947064604,2.6186675298489823
1.2,2464.5294947064604,2.480249441060417
1.2,2384.052647920869,2.75041945151556
1.2,2466.455521505532,2.6297183778196405
1.2,2466.455521505532,2.4544063742983555
1.2,2376.83660337792,2.904756600415665
1.2,2457.337546495053,2.431126905208843
1.2,2457.337546495053,2.8069023150672128
1.2,2338.4207046843594,2.9897214530078187
1.2,2475.7025718015034,2.543745582649235
1.2,2475.7025718015034,2.65879191478896
1.2,2362.6511914151515,2.764342134275274
1.2,2475.382963444798,2.553773443947678
1.2,2475.382963444798,2.7439773248978523
1.2,2368.6504861010503,2.804145603875813
1.2,2484.4595027360665,2.6337289438521374
1.2,2484.4595027360665,2.48298312613458
1.2,2379.20766291004,2.952808305631448
1.2,2472.5449906923286,2.714555420788637
1.2,2472.5449906923286,2.480587519610801
1.2,2421.3399452700824,2.7581362198660733
1.2,2476.045575731083,2.629463214614077
1.2,2476.045575731083,2.6248873637588823
1.2,2389.197597734408,2.777525154583826
1.2,2490.9435960801893,2.557918719257627
1.2,2490.9435960801893,2.620576328213079
1.2,2400.6400962997755,2.8402235267055915
1.2,2490.2593010080377,2.55440256455906
1.2,2490.2593010080377,2.699249697561232
1.2,2391.9113689761725,2.712236908596399
1.2,2500.427862809857,2.582308100143804
1.2,2500.427862809857,2.6747513035131294
1.2,2380.440417963485,2.8877804298474503
1.2,2512.3165084311563,2.507985679019498
1.2,2512.3165084311563,2.6154119503323305
1.2,2407.1064124717327,3.055217778161814
1.2,2503.09896399682,2.4581731632626576
1.2,2503.09896399682,2.8461141084890174
1.2,2390.990402760744,2.7429606858157727
1.2,2514.6119348277684,2.5523103634855056
1.2,2514.6119348277684,2.494899953377933
1.2,2420.5714044631354,3.011070975457074
1.2,2504.323611863344,2.607529825452755
1.2,2504.323611863344,2.5941926486887894
1.2,2404.9619301418634,2.9603458427072256
1.2,2503.4253802594512,2.523431848901841
1.2,2503.4253802594512,2.663724536651354
1.2,2392.92209485191,2.885284426117843
1.2,2517.895309795733,2.534773718602744
1.2,2517.895309795733,2.6899828825976853
1.2,2411.0228560894134,3.036546617067234
1.2,2509.984497341583,2.5636201326750614
1.2,2509.984497341583,3.008451885253472
1.2,2384.291748820067,2.95253510400359
1.2,2521.3400234914625,2.611611131947915
1.2,2521.3400234914625,2.623648082276806
1.2,2432.2133722368817,2.87509430293434
1.2,2527.782194429516,2.6839807267596125
1.2,2527.782194429516,2.5161666131117624
1.2,2483.5848070465727,2.8403545433995743
1.2,2534.163945524497,2.679271164299173
1.2,2534.163945524497,2.497651011529797
1.2,2479.058175866213,3.1227762377989863
1.2,2530.7872657911234,2.47939701987816
1.2,2530.7872657911234,2.8009570490506315
1.2,2441.355107666585,2.9696957856019246
1.2,2531.751332959167,2.645102761484326
1.2,2531.751332959167,2.630944127954536
1.2,2491.310442264058,2.801766128503873
1.2,2535.348763115453,2.6110135910300065
1.2,2535.348763115453,2.5720514751135046
1.2,2468.5182880797583,3.043390274319993
1.2,2532.2935905975005,2.635976288552524
1.2,2532.2935905975005,2.703634343583721
1.2,2462.7769269855216,3.067521130476503
1.2,2534.535803989539,2.6918247234060018
1.2,2534.535803989539,2.681264107649894
1.2,2479.1146707065536,2.8527027155369225
1.2,2534.5818210530665,2.770628181037887
1.2,2534.5818210530665,2.661809178994259
1.2,2499.6240655019933,2.838708418288161
1.2,2253.985072365231,2.3906387392093063
1.2,2253.985072365231,2.5450690637649
1.2,2117.3572574565296,2.8095948660989
1.2,2259.966653315115,2.3954479402104987
1.2,2259.966653315115,2.4657347457800816
1.2,2104.500465521875,2.9946466798912352
1.2,2262.388475746601,2.4968168775495245
1.2,2262.388475746601,2.454960852605726
1.2,2160.583030899319,2.7047171424854444
1.2,2265.364229919784,2.551451999310608
1.2,2265.364229919784,2.430356477153386
1.2,2158.745121358332,2.74806433577878
1.2,2270.072891218073,2.5475963070841376
1.2,2270.072891218073,2.3356296192750032
1.2,2157.6993218607668,2.977315324185416
1.2,2279.56914417022,2.6175399425259025
1.2,2279.56914417022,2.5319149543049564
1.2,2182.341576773598,2.461219915700199
1.2,2287.2262232373,2.425090190763832
1.2,2287.2262232373,2.597019614845676
1.2,2135.8092406337205,2.909606461124643
1.2,2278.888782839583,2.5607200228054148
1.2,2278.888782839583,2.579345868466214
1.2,2172.327758038434,2.72343644237688
1.2,2281.92680396914,2.534655287395265
1.2,2281.92680396914,2.5912182368656724
1.2,2158.8707896159626,2.826515181835278
1.2,2288.632144275699,2.579497869947659
1.2,2288.632144275699,2.490707567505963
1.2,2183.607695212498,2.9306312370005583
1.2,2295.955969995904,2.5703026746551223
1.2,2295.955969995904,2.550385599322678
1.2,2175.5970348162323,2.872361444613417
1.2,2301.291538304079,2.5693184175543617
1.2,2301.291538304079,2.563005361283939
1.2,2156.049364749116,2.9770072385159536
1.2,2311.1568109435566,2.516148194009583
1.2,2311.1568109435566,2.728263198535785
1.2,2163.1205414164747,2.8397237536511515
1.2,2328.8990982677583,2.458201995244357
1.2,2328.8990982677583,2.5531341562712764
1.2,2207.352665957621,2.7869301377118503
1.2,2316.316550306207,2.539842850496353
1.2,2316.316550306207,2.6017331151797487
1.2,2190.883769075241,2.897594302433897
1.2,2329.473763808088,2.558481767800734
1.2,2329.473763808088,2.4688708904588763
1.2,2199.6399172666465,2.9318938738406404
1.2,2321.93176299393,2.546253324042373
1.2,2321.93176299393,2.7093815858288943
1.2,2183.0544968789177,2.802947456272394
1.2,2330.3717084030704,2.567516617346825
1.2,2330.3717084030704,2.618866376448642
1.2,2229.770324903473,2.778698099170756
1.2,2329.048069099053,2.650839367097046
1.2,2329.048069099053,2.5279287023847363
1.2,2245.9021225815386,2.8102662395466624
1.2,2342.523576004293,2.555008037674505
1.2,2342.523576004293,2.6898450580832267
1.2,2214.9090344985498,2.8017396575148967
1.2,2338.5009432473844,2.6595133306032346
1.2,2338.5009432473844,2.652878590986324
1.2,2245.5663346208635,2.8768574991119618
1.2,2334.205706068098,2.630364757513052
1.2,2334.205706068098,2.798477487116477
1.2,2225.095408746024,2.772769222021368
1.2,2343.477745703973,2.676243694103808
1.2,2343.477745703973,2.5282110998063025
1.2,2261.882907128628,2.951069798509069
1.2,2352.6366996927354,2.687033298614742
1.2,2352.6366996927354,2.5439685684740034
1.2,2276.898239295899,2.819896025871025
1.2,2354.464464065743,2.6970015921924158
1.2,2354.464464065743,2.5123423518319936
1.2,2269.644801926315,2.9776057465201062
1.2,2346.747895500142,2.5118560061388004
1.2,2346.747895500142,2.8228691597447564
1.2,2235.2837049685845,3.063174415217584
1.2,2363.318354236659,2.610140460737674
1.2,2363.318354236659,2.7270911801021698
1.2,2256.465225802629,2.8342427965863872
1.2,2362.99740705194,2.620445017470848
1.2,2362.99740705194,2.814484280023781
1.2,2262.1765718269216,2.875100902316482
1.2,2371.6332329409256,2.703297087818754
1.2,2371.6332329409256,2.546135590996304
1.2,2272.43198458925,3.026149350745968
1.2,2360.3136846972534,2.785261984238989
1.2,2360.3136846972534,2.543836389377154
1.2,2312.806392359746,2.8277306487471368
1.2,2363.6208784794158,2.69810483973637
1.2,2363.6208784794158,2.691605466952708
1.2,2281.7394058083514,2.847385510799685
1.2,2377.606982372399,2.625460955160886
1.2,2377.606982372399,2.6838805208845837
1.2,2295.2775337222947,2.9125441118120454
1.2,2377.9805154286164,2.6193462962705496
1.2,2377.9805154286164,2.77656927643097
1.2,2283.350491156358,2.7574074998327944
1.2,2386.896089311289,2.649733271262047
1.2,2386.896089311289,2.7434903116122067
1.2,2273.426011806125,2.960792109447518
1.2,2398.2343637179665,2.573479910311101
1.2,2398.2343637179665,2.6826546524193224
1.2,2298.864412433078,3.1325796102938632
1.2,2389.4502441445893,2.519269213704045
1.2,2389.4502441445893,2.920574161757045
1.2,2283.2463660238327,2.8174399990554613
1.2,2400.4286052217885,2.618086243374216
1.2,2400.4286052217885,2.558347204964887
1.2,2311.51249047737,3.09064321664144
1.2,2390.562530989016,2.6765244150911043
1.2,2390.562530989016,2.662361496529198
1.2,2296.788014341353,3.0298705203691987
1.2,2389.726830425417,2.589348019115625
1.2,2389.726830425417,2.7322273289537145
1.2,2285.3003115692127,2.958345299831137
1.2,2403.542799434571,2.601645760763124
1.2,2403.542799434571,2.7584529973423813
1.2,2302.757938518449,3.1106298371019148
1.2,2395.996677178849,2.633256114782748
1.2,2395.996677178849,3.082843544856112
1.2,2277.3527861583293,3.0270381989014266
1.2,2406.9501569443078,2.678489291071724
1.2,2406.9501569443078,2.696254389903518
1.2,2322.299599119852,2.946503048435224
1.2,2412.9621733664994,2.754105510880646
1.2,2412.9621733664994,2.5809013931201203
1.2,2371.8566665301614,2.912274811785365
1.2,2419.0660925897905,2.749261249582042
1.2,2419.0660925897905,2.561881219774354
1.2,2367.564243553704,3.2018455489114928
1.2,2415.9513906411453,2.545622389870408
1.2,2415.9513906411453,2.8669752999074984
1.2,2332.756209227444,3.047951435548849
1.2,2416.841935311015,2.714641819231645
1.2,2416.841935311015,2.690520405934492
1.2,2379.372607454132,2.888399056421837
1.2,2420.6990287477947,2.700830181629248
1.2,2420.6990287477947,2.6279472676521456
1.2,2363.0040700652958,3.072969591941149
1.2,2417.260313202483,2.704854788621412
1.2,2417.260313202483,2.7732045115649764
1.2,2351.972626237817,3.145298163018014
1.2,2421.181066868307,2.749681885914203
1.2,2421.181066868307,2.7541388175887653
1.2,2365.497059616321,2.9327391317405995
1.2,2419.44150015725,2.843092225593942
1.2,2419.44150015725,2.732990744713873
1.2,2387.1445815875604,2.9050361376584526
1.2,6694.559781012756,2.1359285598467666
1.2,6694.559781012756,2.231568544459317
1.2,6327.061103328397,2.49398343289916
1.2,6698.503434591133,2.198591175186693
1.2,6698.503434591133,2.1533824677995512
1.2,6293.382699270736,2.761377498689121
1.2,6707.297168761086,2.257693536802062
1.2,6707.297168761086,2.177887502630462
1.2,6431.551433123673,2.3768801484781426
1.2,6725.578244584792,2.2637606768377414
1.2,6725.578244584792,2.209151095548566
1.2,6399.411587035001,2.477504935756971
1.2,6742.395744043513,2.249166589903055
1.2,6742.395744043513,2.080661956113661
1.2,6402.94721700869,2.6670387555554265
1.2,6763.082847529787,2.298948223382712
1.2,6763.082847529787,2.304871619101416
1.2,6454.446094609006,2.181886934905488
1.2,6781.643152295435,2.1601867952651514
1.2,6781.643152295435,2.336395043087447
1.2,6366.428137849949,2.5079687736329337
1.2,6740.753696398968,2.3300889559361253
1.2,6740.753696398968,2.336284604073456
1.2,6449.025840534736,2.411014504262069
1.2,6745.197903262901,2.385212718301202
1.2,6745.197903262901,2.277018544282899
1.2,6443.129821790317,2.539769389957296
1.2,6757.990837253971,2.436553669071695
1.2,6757.990837253971,2.223992342460765
1.2,6523.358967524107,2.5700671710203915
1.2,6780.6756923701,2.4494079612929864
1.2,6780.6756923701,2.182588741038894
1.2,6528.231939765106,2.5388894945901805
1.2,6796.926331922868,2.38407761786064
1.2,6796.926331922868,2.241337871291124
1.2,6447.992076597535,2.616530699129363
1.2,6834.5361214796585,2.303645734653049
1.2,6834.5361214796585,2.4109184131665047
1.2,6458.078713315897,2.528284503252461
1.2,6889.012767781615,2.248488971854253
1.2,6889.012767781615,2.2836952155923504
1.2,6584.283525472432,2.4954392000720835
1.2,6860.8281922489605,2.283698661921114
1.2,6860.8281922489605,2.333722824030885
1.2,6532.875005360582,2.5685156416473927
1.2,6900.868481724694,2.2838129160206395
1.2,6900.868481724694,2.2755494311295923
1.2,6537.814822042041,2.5402325127760785
1.2,6888.356327135419,2.2310568748942927
1.2,6888.356327135419,2.4785007983153653
1.2,6489.578688131788,2.4222604342513505
1.2,6913.3265285847565,2.277466700356731
1.2,6913.3265285847565,2.343058489186884
1.2,6637.135400931512,2.471680347042189
1.2,6911.868566150319,2.3469851941248274
1.2,6911.868566150319,2.29185623395625
1.2,6672.8747307086505,2.4413667390858533
1.2,6944.638472414229,2.2836530089862963
1.2,6944.638472414229,2.3570481537636327
1.2,6584.679544624226,2.554433868222926
1.2,6927.226439894174,2.393756669301069
1.2,6927.226439894174,2.3644316166310246
1.2,6685.67395609447,2.551560231225269
1.2,6913.068033670516,2.391261159497578
1.2,6913.068033670516,2.4985035224152394
1.2,6644.385808146858,2.45248980467986
1.2,6929.222498389365,2.470060830240345
1.2,6929.222498389365,2.249472568222393
1.2,6766.399033912157,2.622873572398655
1.2,6943.218565927183,2.4915212141251533
1.2,6943.218565927183,2.300743008261496
1.2,6783.512092485448,2.4717767190508577
1.2,6947.658361802775,2.5057709794289
1.2,6947.658361802775,2.2168444708176147
1.2,6763.353687244727,2.69083694635012
1.2,6935.440436057354,2.479245739924396
1.2,6935.440436057354,2.311120926356556
1.2,6737.789408490116,2.693900937094463
1.2,6975.907898591511,2.3995799031237968
1.2,6975.907898591511,2.431597711430184
1.2,6691.225311896428,2.590702521882503
1.2,6976.233810017858,2.442832332156593
1.2,6976.233810017858,2.4552116834759863
1.2,6719.753599152969,2.676929446881207
1.2,7014.666565055479,2.435502526470112
1.2,7014.666565055479,2.280730486279797
1.2,6696.709166355006,2.765291869843055
1.2,6993.606409225751,2.5184883486774696
1.2,6993.606409225751,2.231023094470481
1.2,6845.725175900062,2.635512952615942
1.2,6992.056197832822,2.4615928801918523
1.2,6992.056197832822,2.3481689223071767
1.2,6747.600351941925,2.638921323947921
1.2,7026.874107835827,2.3999278179427987
1.2,7026.874107835827,2.337260386486879
1.2,6804.583509291068,2.690277645806881
1.2,7019.409324152348,2.3984765465905227
1.2,7019.409324152348,2.395898041942275
1.2,6767.45714112082,2.5909312097779327
1.2,7051.444803952582,2.3899129648320754
1.2,7051.444803952582,2.4167873545131178
1.2,6733.365248304369,2.7228942850568214
1.2,7090.495599348752,2.2941172336098195
1.2,7090.495599348752,2.371139945441741
1.2,6800.635614107868,2.9046609629416484
1.2,7065.416177346896,2.2492430202067224
1.2,7065.416177346896,2.522932240337416
1.2,6786.139424485285,2.6069791112955736
1.2,7091.322459752929,2.3178107739036333
1.2,7091.322459752929,2.318637882777874
1.2,6828.265527244732,2.767632159193228
1.2,7067.699866730541,2.34369211512003
1.2,7067.699866730541,2.465117034610059
1.2,6773.911261523115,2.809500751967697
1.2,7059.032197448275,2.274806078926992
1.2,7059.032197448275,2.5985041094397285
1.2,6740.690145925061,2.5471147735119573
1.2,7100.5096727150685,2.281739155265993
1.2,7100.5096727150685,2.5278758924218847
1.2,6790.697549287032,2.7976967105836925
1.2,7074.401787089921,2.3473406158225574
1.2,7074.401787089921,2.712158484907613
1.2,6751.610613306026,2.7103826067620718
1.2,7092.152914496303,2.427399699642347
1.2,7092.152914496303,2.4098737712355915
1.2,6878.323782313055,2.645541027622748
1.2,7113.404929064886,2.473541833407396
1.2,7113.404929064886,2.3545691966379985
1.2,6982.170859099036,2.6001879728566726
1.2,7119.568242389679,2.4795545047020906
1.2,7119.568242389679,2.288512211375538
1.2,7013.378940394794,2.747830262858326
1.2,7118.501422377167,2.403602857657698
1.2,7118.501422377167,2.51964239274222
1.2,6961.880069244367,2.791826132485438
1.2,7121.376810968753,2.50670026120899
1.2,7121.376810968753,2.3736541737170778
1.2,7074.094808708665,2.6499109496352764
1.2,7125.755945552147,2.545083769510826
1.2,7125.755945552147,2.2482426987011657
1.2,7032.842301602625,2.753069445450429
1.2,7129.807094843472,2.4922685646854204
1.2,7129.807094843472,2.417613528963205
1.2,6991.288018059874,2.9117971366028
1.2,7139.438796437915,2.517221780490872
1.2,7139.438796437915,2.444102897747467
1.2,7009.78485577386,2.6751357314206032
1.2,7140.362387455938,2.560720372713952
1.2,7140.362387455938,2.4528980801424725
1.2,7051.540473681404,2.642581502912455
1.2,2476.1185082840457,2.4496961223540445
1.2,2476.1185082840457,2.477809307506208
1.2,2346.428096463633,2.729833216440237
1.2,2471.2938444625943,2.452364939374761
1.2,2471.2938444625943,2.4805210911323727
1.2,2341.8517160496635,2.7328345676127483
1.2,2466.4774830402,2.455039577813387
1.2,2466.4774830402,2.483238816965148
1.2,2337.283182584711,2.735842525799778
1.2,2461.669402604828,2.4577200567378688
1.2,2461.669402604828,2.4859625045572837
1.2,2332.722475903756,2.7388571128418597
1.2,2456.8695818180136,2.4604063952995205
1.2,2456.8695818180136,2.488692173547404
1.2,2328.169575910815,2.7418783506758952
1.2,2452.0623541306986,2.463107420488185
1.2,2452.0623541306986,2.491436793618362
1.2,2323.6096220101103,2.744916167431707
1.2,2447.2790157371896,2.4658055554207663
1.2,2447.2790157371896,2.494178504375041
1.2,2319.072300728638,2.747950794963834
1.2,2442.5038733461856,2.468509608012785
1.2,2442.5038733461856,2.4969262560307643
1.2,2314.542726193594,2.7509921397549864
1.2,2437.736905910581,2.471219597753892
1.2,2437.736905910581,2.4996800685727103
1.2,2310.020878582414,2.754040224133222
1.2,2432.978092455269,2.473935544219416
1.2,2432.978092455269,2.502439962076328
1.2,2305.506738140108,2.7570950705256694
1.2,2428.227412076844,2.476657467070836
1.2,2428.227412076844,2.5052059567058267
1.2,2301.000285178969,2.7601567014590724
1.2,2423.4848439432844,2.479385386056257
1.2,2423.4848439432844,2.507978072714665
1.2,2296.5015000782905,2.7632251395603453
1.2,2418.7503672936564,2.482119321010885
1.2,2418.7503672936564,2.5107563304460467
1.2,2292.0103632840733,2.766300407557133
1.2,2414.008528875112,2.4848682559272834
1.2,2414.008528875112,2.513549859869044
1.2,2287.512215806758,2.7693926118272345
1.2,2409.2901994674,2.4876143025001958
1.2,2409.2901994674,2.516340482675176
1.2,2283.0363420644712,2.77248163071087
1.2,2404.579899617259,2.4903664251412003
1.2,2404.579899617259,2.519137308844443
1.2,2278.568058300973,2.775577548358392
1.2,2399.877608845308,2.493124644039046
1.2,2399.877608845308,2.521940359084337
1.2,2274.107345226522,2.7785212056502
1.2,2395.1833067417488,2.49588897947202
1.2,2395.1833067417488,2.524749654194618
1.2,2269.654183616681,2.781276939289364
1.2,2390.496972966073,2.4986594518084435
1.2,2390.496972966073,2.5275652150678267
1.2,2265.20855431205,2.7840381446212668
1.2,2385.8185872467657,2.501436081507179
1.2,2385.8185872467657,2.5303870626898077
1.2,2260.770438217991,2.7868048379587207
1.2,2381.148129381017,2.504218889118128
1.2,2381.148129381017,2.533129528715722
1.2,2256.41614262645,2.789577035679445
1.2,2376.470355083798,2.507017019866094
1.2,2376.470355083798,2.53564964019426
1.2,2252.2657569246912,2.792363840806475
1.2,2371.8157183339176,2.509812265676429
1.2,2371.8157183339176,2.538166537640888
1.2,2248.135875486463,2.7951471148111557
1.2,2367.1689491732377,2.5126137516682228
1.2,2367.1689491732377,2.540688436619927
1.2,2244.012950107028,2.797935942779236
1.2,2362.5579692119704,2.515391749331065
1.2,2362.5579692119704,2.5432153520546343
1.2,2239.896963226786,2.800730341351541
1.2,2358.2266027272035,2.5178856264273453
1.2,2358.2266027272035,2.5457472989276964
1.2,2235.7878973451934,2.8035303272354426
1.2,2353.902538902669,2.5203844535242124
1.2,2353.902538902669,2.5482842922815245
1.2,2231.6857350205087,2.8063359172051894
1.2,2349.5857592855523,2.5228882453739057
1.2,2349.5857592855523,2.5508263472185515
1.2,2227.5904588695485,2.809147128102243
1.2,2345.2762454851604,2.525397016787342
1.2,2345.2762454851604,2.553373478901533
1.2,2223.502051567444,2.8119639768356173
1.2,2340.959931339812,2.527919005759314
1.2,2340.959931339812,2.555934051518137
1.2,2219.407168643131,2.814795713538742
1.2,2336.6649178429807,2.530437797364173
1.2,2336.6649178429807,2.558491399139589
1.2,2215.332469602556,2.8176239075072
1.2,2332.377115301497,2.53296161336961
1.2,2332.377115301497,2.5610538694104688
1.2,2211.2645877277027,2.8204577905037613
1.2,2328.09650557074,2.535490468824393
1.2,2328.09650557074,2.563621477738057
1.2,2207.203505924708,2.8232973797112786
1.2,2323.823070566912,2.538024378837445
1.2,2323.823070566912,2.566194239591482
1.2,2203.149207156807,2.8261426923818718
1.2,2319.5567922667856,2.5405633585781504
1.2,2319.5567922667856,2.5687721705020303
1.2,2199.1016744441004,2.828993745837275
1.2,2315.29765270745,2.5431074232766515
1.2,2315.29765270745,2.571355286063462
1.2,2195.0608908633167,2.831850557469194
1.2,2311.045633986057,2.5456565882241584
1.2,2311.045633986057,2.5739436019323225
1.2,2191.0268395475746,2.8347131447396543
1.2,2306.7868576106043,2.548219224498308
1.2,2306.7868576106043,2.5765456179907247
1.2,2186.98635344831,2.8375909084898048
1.2,2302.549050220757,2.550778652856614
1.2,2302.549050220757,2.5791443988201745
1.2,2182.9657381501675,2.8404651187248917
1.2,2298.318310260372,2.553343227757699
1.2,2298.318310260372,2.5817484273584737
1.2,2178.951804797946,2.8433451574679776
1.2,2294.0946200645512,2.555912964740322
1.2,2294.0946200645512,2.584357719516709
1.2,2174.944536748173,2.8462310424661923
1.2,2289.8779620272253,2.55848787940586
1.2,2289.8779620272253,2.586972291270352
1.2,2170.943917412606,2.849122791538785
1.2,2285.6683186009004,2.5610679874186184
1.2,2285.6683186009004,2.589592158659589
1.2,2166.949930258002,2.8520204225775005
1.2,2281.4656722964137,2.563653304506159
1.2,2281.4656722964137,2.5922173377896507
1.2,2163.051897449375,2.8549239535469404
1.2,2277.270005682696,2.5662438464596096
1.2,2277.270005682696,2.594847844831139
1.2,2159.1709498803198,2.857833402484938
1.2,2273.0676242049403,2.56884812069257
1.2,2273.0676242049403,2.597492318691767
1.2,2155.283408438844,2.8607583246560115
1.2,2268.885887578477,2.5714491772118486
1.2,2268.885887578477,2.600133547875674
1.2,2151.414584910069,2.863679683427693
1.2,2264.786436748231,2.57405550640741
1.2,2264.786436748231,2.602780153931981
1.2,2147.5517922647764,2.866607014784357
1.2,2260.7231206020697,2.576667124328112
1.2,2260.7231206020697,2.6054321532963383
1.2,2143.695016412159,2.8695403370607635
1.2,2256.666149285877,2.579284047088009
1.2,2256.666149285877,2.608089562471451
1.2,2139.8442433052724,2.872479668666794
1.2,2572.747139595315,2.584065026536904
1.2,2572.747139595315,2.723208068449093
1.2,2493.8899570630097,2.556065231980664
1.2,2567.7346018682,2.586879139441072
1.2,2567.7346018682,2.7261861971693784
1.2,2489.026751871462,2.5588730145898984
1.2,2562.7306924826084,2.589699388309316
1.2,2562.7306924826084,2.729170846846253
1.2,2484.17189032242,2.561686972560088
1.2,2557.7353891790794,2.592525793232056
1.2,2557.7353891790794,2.7321620389207717
1.2,2479.325350961915,2.564507126286544
1.2,2552.748669774652,2.5953583743875224
1.2,2552.748669774652,2.735159794928089
1.2,2474.4871124094666,2.567333496254487
1.2,2547.75425768505,2.5982064392737265
1.2,2547.75425768505,2.7381739654273307
1.2,2469.641382727406,2.570175370171247
1.2,2542.784667705999,2.6010514541329206
1.2,2542.784667705999,2.741184935912869
1.2,2464.8197088950906,2.5730142549232347
1.2,2537.823595461275,2.603902706358112
1.2,2537.823595461275,2.744202535577936
1.2,2460.0062720981573,2.57585941798481
1.2,2532.871019070905,2.606760216483864
1.2,2532.871019070905,2.747226786339609
1.2,2455.2010512471948,2.578710880206135
1.2,2527.9269167297866,2.6096240051349806
1.2,2527.9269167297866,2.750257710211688
1.2,2450.4040253247235,2.5815686625297998
1.2,2522.991266707372,2.612494093026997
1.2,2522.991266707372,2.75329532930523
1.2,2445.615173384888,2.5844327859913303
1.2,2518.0640473473486,2.615370500966681
1.2,2518.0640473473486,2.756339665829084
1.2,2440.8344745531545,2.587303271719712
1.2,2513.145237067331,2.618253249852537
1.2,2513.145237067331,2.7593907420904347
1.2,2436.061908026012,2.590180140937902
1.2,2508.21878095198,2.6211518126662963
1.2,2508.21878095198,2.762458584541281
1.2,2431.281896231305,2.593072847950477
1.2,2503.3167516841554,2.6240473274036944
1.2,2503.3167516841554,2.7655232298043027
1.2,2426.5255585924447,2.595962569231601
1.2,2498.4150777203126,2.6269539933577404
1.2,2498.4150777203126,2.768594682395886
1.2,2421.77729120355,2.5988587383109496
1.2,2493.537705969443,2.629857590948945
1.2,2493.537705969443,2.771672965022369
1.2,2417.037073542401,2.6017613767929597
1.2,2488.660647015696,2.6327723823927967
1.2,2488.660647015696,2.7747581004911845
1.2,2412.3048851563053,2.6044601630071536
1.2,2483.7918691134078,2.6356936421991595
1.2,2483.7918691134078,2.777850111711427
1.2,2407.5807056618,2.6070437362555645
1.2,2478.9313511891246,2.6386213919233605
1.2,2478.9313511891246,2.78094902169442
1.2,2402.864514744357,2.609632440301305
1.2,2474.07907224084,2.64155565321661
1.2,2474.07907224084,2.7840548535542844
1.2,2398.156292158096,2.6122262904436795
1.2,2469.2191945225018,2.6445060690005606
1.2,2469.2191945225018,2.786970101016576
1.2,2393.619053917209,2.6148338040230144
1.2,2464.3833575585136,2.6474534402297447
1.2,2464.3833575585136,2.7897345861060736
1.2,2389.230423263192,2.6174380094436693
1.2,2459.5556969223085,2.6504073886341164
1.2,2459.5556969223085,2.7925045610040597
1.2,2384.849188739773,2.620047407276106
1.2,2454.736191894869,2.653367936254108
1.2,2454.736191894869,2.7952800420795576
1.2,2380.4753316657207,2.622662013065209
1.2,2450.1542464401978,2.656086374498983
1.2,2450.1542464401978,2.7980610457667363
1.2,2376.1088334226606,2.625281842417972
1.2,2445.661860403836,2.6587214247423225
1.2,2445.661860403836,2.8008475885652286
1.2,2371.749675454816,2.627906911003812
1.2,2441.1770443974287,2.6613617085392014
1.2,2441.1770443974287,2.8036396870404587
1.2,2367.3978392687445,2.630537234554884
1.2,2436.6997793029227,2.6640072414969
1.2,2436.6997793029227,2.806437357823976
1.2,2363.053306433072,2.6331728288663907
1.2,2432.2154514216045,2.666666710670664
1.2,2432.2154514216045,2.809249787774021
1.2,2358.701896488052,2.635822348810647
1.2,2427.7532555745684,2.669322806303221
1.2,2427.7532555745684,2.812058671681954
1.2,2354.3719390234105,2.6384685496371505
1.2,2423.298553608392,2.6719841983441097
1.2,2423.298553608392,2.8148731782479626
1.2,2350.0492299253674,2.641120069043513
1.2,2418.851326660902,2.6746509026511585
1.2,2418.851326660902,2.8176933243716213
1.2,2345.733751008448,2.6437769230805297
1.2,2414.4115559331785,2.6773229351455634
1.2,2414.4115559331785,2.820519127020294
1.2,2341.425484147965,2.6464391278636423
1.2,2409.979222689283,2.6800003118122087
1.2,2409.979222689283,2.823350603229479
1.2,2337.124411279761,2.649106699573271
1.2,2405.554308255996,2.6826830486999804
1.2,2405.554308255996,2.8261877701031497
1.2,2332.830514399951,2.6517796544551406
1.2,2401.136794022558,2.685371161922093
1.2,2401.136794022558,2.8290306448140994
1.2,2328.5437755646813,2.6544580088206096
1.2,2396.71226132311,2.68807347882058
1.2,2396.71226132311,2.8318885631581368
1.2,2324.250202958815,2.657150558434286
1.2,2392.309515938008,2.690772411012298
1.2,2392.309515938008,2.8347429241334767
1.2,2319.9777498663643,2.659839778744885
1.2,2387.914115232508,2.693476768320587
1.2,2387.914115232508,2.837603044937787
1.2,2315.712401286588,2.662534447924356
1.2,2383.526040843286,2.6961865671194216
1.2,2383.526040843286,2.840468943022856
1.2,2311.4541395134406,2.6652345825501524
1.2,2379.145274468182,2.698901823848737
1.2,2379.145274468182,2.843340635911046
1.2,2307.2029468996625,2.66794019926704
1.2,2374.771797865949,2.701622555014761
1.2,2374.771797865949,2.8462181411956538
1.2,2302.9588058565373,2.670651314787443
1.2,2370.405592855998,2.7043487771903445
1.2,2370.405592855998,2.849101476541263
1.2,2298.7438357100714,2.673367945891787
1.2,2366.0466413181425,2.707080507015303
1.2,2366.0466413181425,2.851990659684112
1.2,2294.620082978265,2.6760901094288405
1.2,2361.6807157393123,2.7098267155464257
1.2,2361.6807157393123,2.8548951790112755
1.2,2290.489327290624,2.678826745526248
1.2,2357.336240582344,2.7125695289949707
1.2,2357.336240582344,2.85779613050222
1.2,2286.378463984269,2.681560042968733
1.2,2353.038391287247,2.715317900472661
1.2,2353.038391287247,2.860702983491472
1.2,2282.274012276307,2.684298923859669
1.2,2348.817088603064,2.718071846890794
1.2,2348.817088603064,2.863615756005776
1.2,2278.175957178442,2.687043405324948
1.2,2344.602379277016,2.7208313852293387
1.2,2344.602379277016,2.8665344661453744
1.2,2274.0842837490577,2.6897935045605723
1.2,7609.739476628782,2.253798722585987
1.2,7609.739476628782,2.4733709482870685
1.2,7353.874004276163,2.3460995552880446
1.2,7594.930235267226,2.256239416777436
1.2,7594.930235267226,2.476053590427228
1.2,7339.558226625492,2.348647797610125
1.2,7580.146599831096,2.258685402875424
1.2,7580.146599831096,2.4787420581252566
1.2,7325.267171014274,2.351201581555209
1.2,7565.388503966848,2.261136698109476
1.2,7565.388503966848,2.481436370377732
1.2,7311.0007734587025,2.3537609252198948
1.2,7550.655881550006,2.263593319783993
1.2,7550.655881550006,2.484136546263916
1.2,7296.758970195572,2.3563258467796624
1.2,7535.900645469815,2.2660633396968843
1.2,7535.900645469815,2.486851457940104
1.2,7282.495276151002,2.358904774067941
1.2,7521.218855194856,2.268530684016284
1.2,7521.218855194856,2.489563437983847
1.2,7268.302550916185,2.36148092464012
1.2,7506.562341144882,2.271003407200113
1.2,7506.562341144882,2.49228133946302
1.2,7254.134229792507,2.364062708171729
1.2,7491.931038102568,2.273481526856627
1.2,7491.931038102568,2.495005181792431
1.2,7239.99024989046,2.366650143158364
1.2,7477.324881074758,2.2759650606710218
1.2,7477.324881074758,2.4977349844718595
1.2,7225.870548536434,2.369243248176684
1.2,7462.743805291508,2.278454026405855
1.2,7462.743805291508,2.5004707670865165
1.2,7211.77506327179,2.3718420418848507
1.2,7448.18774620512,2.280948441901469
1.2,7448.18774620512,2.503212549307513
1.2,7197.703731851958,2.374446543022983
1.2,7433.656639489193,2.2834483250764173
1.2,7433.656639489193,2.505960350892334
1.2,7183.656492245506,2.3770567704136005
1.2,7419.103055825042,2.285961890420381
1.2,7419.103055825042,2.508723201087057
1.2,7169.587494476342,2.3796813013309337
1.2,7404.621742772245,2.288472781040489
1.2,7404.621742772245,2.5114831208537285
1.2,7155.588331477636,2.382303056894273
1.2,7390.165190221356,2.2909891936286235
1.2,7390.165190221356,2.514249119845244
1.2,7141.613075267451,2.3849305957391
1.2,7375.733334722457,2.2935111464207623
1.2,7375.733334722457,2.517021218169645
1.2,7127.661664658527,2.3875639370223936
1.2,7361.326113042227,2.2960386577332703
1.2,7361.326113042227,2.519799436023752
1.2,7113.73403867223,2.3902030999858326
1.2,7346.943462163041,2.298571745963341
1.2,7346.943462163041,2.522583793693656
1.2,7099.830136537672,2.39284810395627
1.2,7332.585319282026,2.301110429589443
1.2,7332.585319282026,2.52537431155521
1.2,7085.949897690798,2.395498968346201
1.2,7318.251621810167,2.303654727171772
1.2,7318.251621810167,2.528171010074526
1.2,7072.093261773557,2.3981557126542383
1.2,7303.895584809555,2.3062129997120118
1.2,7303.895584809555,2.530983079799926
1.2,7058.215000974865,2.4008270676086805
1.2,7289.610670618096,2.308768599715709
1.2,7289.610670618096,2.5337922217634885
1.2,7044.405467305424,2.403495649971694
1.2,7275.3500151406515,2.311329869912708
1.2,7275.3500151406515,2.536607606397661
1.2,7030.61935652362,2.406170171334881
1.2,7261.113556635238,2.313896829194932
1.2,7261.113556635238,2.5394292545349395
1.2,7016.856609087241,2.4088506515464263
1.2,7246.901233569219,2.3164694965383226
1.2,7246.901233569219,2.542257187100612
1.2,7003.117165655716,2.4115371105430623
1.2,7232.712984618413,2.319047891003308
1.2,7232.712984618413,2.545091425113282
1.2,6989.400967089268,2.414229568350554
1.2,7218.548748666226,2.321632031735273
1.2,7218.548748666226,2.5479319896853903
1.2,6975.707954448057,2.416831237439613
1.2,7204.40846480275,2.3242219379650337
1.2,7204.40846480275,2.5507789020237355
1.2,6962.038068991331,2.4192279250737827
1.2,7190.245979421856,2.326826121164202
1.2,7190.245979421856,2.5533164277544405
1.2,6949.231362361702,2.421637226527957
1.2,7176.670446609245,2.3292598417455763
1.2,7176.670446609245,2.5558501873753348
1.2,6936.48936719026,2.4240434602495173
1.2,7163.512268942131,2.331570264402031
1.2,7163.512268942131,2.558388980696587
1.2,6923.768838512738,2.4264544805836343
1.2,7150.376267032369,2.3338852750850303
1.2,7150.376267032369,2.560932822733436
1.2,6911.069722127745,2.428870301827217
1.2,7137.262384867234,2.33620488747448
1.2,7137.262384867234,2.563481728560895
1.2,6898.391964016216,2.4312909383341688
1.2,7124.170566622498,2.338529115304724
1.2,7124.170566622498,2.5660357133140583
1.2,6885.735510340642,2.433716404515671
1.2,7111.100756661618,2.3408579723648164
1.2,7111.100756661618,2.5685947921883923
1.2,6873.100307444298,2.4361467148404703
1.2,7098.052899534945,2.343191472498796
1.2,7098.052899534945,2.5711589804400448
1.2,6860.486301850501,2.4385818838351634
1.2,7084.984407320606,2.345537278291816
1.2,7084.984407320606,2.573736698251544
1.2,6847.852321723131,2.441029908083638
1.2,7071.980361547711,2.347880121614393
1.2,7071.980361547711,2.5763111680933983
1.2,6835.280619858306,2.443474854228359
1.2,7058.99810319459,2.3502276499214965
1.2,7058.99810319459,2.578890793498674
1.2,6822.729955765919,2.445924703020922
1.2,7046.037577551996,2.352579877280037
1.2,7046.037577551996,2.5814755899694783
1.2,6810.200276682484,2.4483794692224365
1.2,7033.098730093704,2.354936817813301
1.2,7033.098730093704,2.5840655730701347
1.2,6797.6915300208175,2.4508391676533297
1.2,7020.18150647574,2.3572984857012256
1.2,7020.18150647574,2.58666075842749
1.2,6785.203663369285,2.453303813193644
1.2,7007.285852535618,2.3596648951806887
1.2,7007.285852535618,2.58926116173123
1.2,6772.736624491095,2.4557734207833386
1.2,6994.411714291595,2.362036060545794
1.2,6994.411714291595,2.591866798734197
1.2,6760.290361323543,2.4582480054225884
1.2,6981.517070855914,2.3644197684793253
1.2,6981.517070855914,2.59448622618463
1.2,6747.824249556032,2.46073569356432
1.2,6968.685872651976,2.366800504388149
1.2,6968.685872651976,2.597102395332072
1.2,6735.419449785753,2.463220293933958
1.2,6955.876029101415,2.3691860394585365
1.2,6955.876029101415,2.599723845871604
1.2,6723.035270407224,2.4657099167677488
1.2,6943.087486938505,2.371576388216577
1.2,6943.087486938505,2.602350593812101
1.2,6710.671660047493,2.4682045773099963
1.2,6930.32019307453,2.3739715652470426
1.2,6930.32019307453,2.6049826552272077
1.2,6698.328567504123,2.470704290866758
1.2,616.9326515267077,2.696241595889073
1.2,616.9326515267077,2.716147395499275
1.2,574.1853249032223,3.078040316801363
1.2,811.1474528500435,2.620914269750096
1.2,811.1474528500435,2.6510980182331063
1.2,760.0267345648842,2.9766159880765417
1.2,1005.5091044665028,2.5860623269744143
1.2,1005.5091044665028,2.606909942659271
1.2,946.3671334667774,2.915314948307201
1.2,1199.965604912316,2.572767501798116
1.2,1199.965604912316,2.5730856372049877
1.2,1132.5231104717566,2.8791412667906338
1.2,1394.6780731228855,2.5638269064597616
1.2,1394.6780731228855,2.5508985237469126
1.2,1318.335694733008,2.8581774657842254
1.2,1589.618138360539,2.547377048743969
1.2,1589.618138360539,2.5368299479268424
1.2,1503.669078952266,2.842055124113612
1.2,1784.4266715891188,2.528921219278816
1.2,1784.4266715891188,2.528457615534404
1.2,1688.0704297678462,2.8344012096640574
1.2,1978.8521750783727,2.517638217699305
1.2,1978.8521750783727,2.519702827584559
1.2,1873.0024203788817,2.8305325542293653
1.2,2173.628599277051,2.504017212208407
1.2,2173.628599277051,2.5068219592248866
1.2,2058.7391739354644,2.8250530012753114
1.2,2368.7676393760285,2.486716815891888
1.2,2368.7676393760285,2.5086682965208995
1.2,2244.232687937168,2.806608969303225
1.2,2563.932384313016,2.4838443886410357
1.2,2563.932384313016,2.4734917176540647
1.2,2431.041110049696,2.799688893720252
1.2,2759.558567376223,2.4620995543672177
1.2,2759.558567376223,2.479999059453025
1.2,2615.7677803979013,2.785490483569085
1.2,2954.7673414613773,2.4550579267947024
1.2,2954.7673414613773,2.467229812026253
1.2,2802.410604463991,2.76771114238142
1.2,3150.274510014722,2.4438139797347924
1.2,3150.274510014722,2.459899147748458
1.2,2988.684479313455,2.75627038783452
1.2,3345.865158884248,2.4353075620665856
1.2,3345.865158884248,2.446199941465558
1.2,3175.2924899660406,2.738502253990066
1.2,3541.332382385901,2.4280962880629446
1.2,3541.332382385901,2.436082836128
1.2,3361.8638625822387,2.715189568083957
1.2,3736.378144036138,2.423969286649537
1.2,3736.378144036138,2.422014464937309
1.2,3550.205240895086,2.690223147840386
1.2,3931.208822443693,2.4159546608464373
1.2,3931.208822443693,2.4104435936927704
1.2,3736.449866828687,2.6753229523192137
1.2,4125.321234693898,2.414202300067527
1.2,4125.321234693898,2.389324268814517
1.2,3925.087639191233,2.658743891993039
1.2,4319.824730488307,2.405908595603148
1.2,4319.824730488307,2.369392641181587
1.2,4112.6261021269165,2.646147609314834
1.2,4514.203526586747,2.3997812235549274
1.2,4514.203526586747,2.351602007021209
1.2,4300.293531102329,2.6331260901427904
1.2,4707.3719342635695,2.397828804309875
1.2,4707.3719342635695,2.337228057383017
1.2,4488.111728666039,2.613668641569518
1.2,4900.741922934791,2.3914533642608817
1.2,4900.741922934791,2.3206825579199686
1.2,4674.904614118701,2.605818143145883
1.2,5093.217436693235,2.386050200117557
1.2,5093.217436693235,2.303555647372641
1.2,4861.119770621372,2.597345956190352
1.2,5284.577005078653,2.382932593299816
1.2,5284.577005078653,2.289701012246957
1.2,5047.417098179971,2.5805054955853994
1.2,5477.103686739718,2.376138849185069
1.2,5477.103686739718,2.275991002664804
1.2,5233.006802583787,2.5719030648204373
1.2,5669.935334413261,2.3684817556581987
1.2,5669.935334413261,2.261922116154234
1.2,5418.842071235582,2.561060671861983
1.2,5861.163611625532,2.363357077706538
1.2,5861.163611625532,2.2475578169744943
1.2,5603.8468686902015,2.5494317695533995
1.2,6051.950913046557,2.353199960523054
1.2,6051.950913046557,2.244174621376985
1.2,5786.507049165644,2.540051079617416
1.2,6242.920128651708,2.345774563946188
1.2,6242.920128651708,2.234961765687516
1.2,5970.725815116366,2.5299794742411645
1.2,6433.7413844584125,2.339430129961526
1.2,6433.7413844584125,2.222413378472354
1.2,6156.458270574295,2.5209851354130195
1.2,6625.325663792534,2.330434818541114
1.2,6625.325663792534,2.2115638559775315
1.2,6341.807196074204,2.5162154256452185
1.2,6817.163748461054,2.321148487911944
1.2,6817.163748461054,2.202487539529825
1.2,6527.047057049706,2.500084196624454
1.2,7008.319401081668,2.316383065101556
1.2,7008.319401081668,2.1887108787619938
1.2,6714.610120604919,2.4839004034675694
1.2,7200.003441671892,2.305482489424915
1.2,7200.003441671892,2.180135297433352
1.2,6898.753216010281,2.472795207657997
1.2,7390.219710454766,2.2921329864386406
1.2,7390.219710454766,2.175500961041074
1.2,7079.947975295797,2.463719791674529
1.2,7581.078693004552,2.286890419899353
1.2,7581.078693004552,2.1618449069802965
1.2,7268.068347790374,2.446149176831668
1.2,7771.954045783227,2.2816908954997825
1.2,7771.954045783227,2.139691164084919
1.2,7459.608396107264,2.440843994601977
1.2,7962.765196349093,2.274214872833251
1.2,7962.765196349093,2.122641504599408
1.2,7648.699069209335,2.4312450056176265
1.2,8153.321986791024,2.269044403278516
1.2,8153.321986791024,2.1056719171795155
1.2,7837.2953545022365,2.4184978795867025
1.2,8344.16298788884,2.262118213532872
1.2,8344.16298788884,2.085339964388264
1.2,8027.593889215401,2.408632865901388
1.2,8535.193596226258,2.256647588199977
1.2,8535.193596226258,2.061855155630537
1.2,8221.350644078877,2.3922055787388694
1.2,8725.17979174225,2.251377133431398
1.2,8725.17979174225,2.047694213374762
1.2,8411.281377676261,2.370632266102958
1.2,8916.296899204484,2.2438705918948667
1.2,8916.296899204484,2.0204228872380825
1.2,8603.971999782381,2.368921331301572
1.2,9107.067468866964,2.24016809285669
1.2,9107.067468866964,1.9952962305034372
1.2,8800.441745565702,2.353096183263569
1.2,9297.43858800718,2.2328263612471164
1.2,9297.43858800718,1.9846326959079077
1.2,8994.252114095361,2.3293164941352478
1.2,9487.499966272597,2.225727720918625
1.2,9487.499966272597,1.9753270345559608
1.2,9186.778092969158,2.307103203913514
1.2,642.507041194981,2.839053134356065
1.2,642.507041194981,2.966571453488492
1.2,614.1641871798465,2.913122806430027
1.2,843.9868588320994,2.778651059718699
1.2,843.9868588320994,2.8920201536868286
1.2,812.7928697604517,2.806986627665654
1.2,1045.6963214796167,2.7459688766690307
1.2,1045.6963214796167,2.8521313481079664
1.2,1010.8541578997446,2.745288051164165
1.2,1248.0367845779049,2.7405743063789627
1.2,1248.0367845779049,2.8039813193096803
1.2,1209.3785610024288,2.704974353359496
1.2,1450.3160283464542,2.711402147868503
1.2,1450.3160283464542,2.805522806628446
1.2,1406.154347070028,2.6766205760458943
1.2,1652.8269541741188,2.697024515063001
1.2,1652.8269541741188,2.7851230475269992
1.2,1603.495025677424,2.6528433118542383
1.2,1855.0105539186056,2.674693802070376
1.2,1855.0105539186056,2.7817103258200087
1.2,1799.6474373347928,2.636515611575084
1.2,2056.962257794658,2.656588942807004
1.2,2056.962257794658,2.77904898540802
1.2,1995.08425533134,2.61859951235085
1.2,2259.0628823590296,2.6403777571623364
1.2,2259.0628823590296,2.7719942907139967
1.2,2191.01224535662,2.602753859225809
1.2,2461.1951735903967,2.6240087239504457
1.2,2461.1951735903967,2.760249793291452
1.2,2386.885265148412,2.593866754323358
1.2,2663.538286227996,2.612020518454164
1.2,2663.538286227996,2.745727255663636
1.2,2582.978194351801,2.584671513663506
1.2,2866.215557262292,2.598277999518427
1.2,2866.215557262292,2.7342322143237934
1.2,2778.6139906730486,2.57282923357262
1.2,3068.432951369164,2.585248601578252
1.2,3068.432951369164,2.723111591032159
1.2,2973.3872702139174,2.5658135425461537
1.2,3270.9875048271992,2.5727925557506177
1.2,3270.9875048271992,2.710479095172661
1.2,3167.9930235742813,2.558936657701321
1.2,3473.620674026228,2.560792339765814
1.2,3473.620674026228,2.698669560600601
1.2,3363.6881328870795,2.5495374445250305
1.2,3676.2816758133927,2.5476026121470645
1.2,3676.2816758133927,2.690173633994974
1.2,3558.9191797093117,2.5362971293531213
1.2,3878.5922378161504,2.537291053067833
1.2,3878.5922378161504,2.6792431708374247
1.2,3754.3653248659753,2.517958996685871
1.2,4080.468477928393,2.5259593331346437
1.2,4080.468477928393,2.6663439380731
1.2,3948.8152504645454,2.507410698220736
1.2,4282.388009638295,2.5103925296176817
1.2,4282.388009638295,2.6557700445530807
1.2,4142.506901757515,2.5018074222806828
1.2,4483.87413368077,2.4929553567031646
1.2,4483.87413368077,2.6492319414808545
1.2,4335.4620619973975,2.497024453211821
1.2,4685.42135176244,2.474119968699652
1.2,4685.42135176244,2.6418799866722043
1.2,4527.832117463537,2.493336058107844
1.2,4886.791325107853,2.4578460424668087
1.2,4886.791325107853,2.632086526995859
1.2,4720.320203533673,2.4893512296199947
1.2,5086.647926973196,2.4491481286623733
1.2,5086.647926973196,2.621827609909674
1.2,4914.669477665987,2.4801649478088352
1.2,5287.292935643203,2.429981137111476
1.2,5287.292935643203,2.614089377311043
1.2,5107.182376529386,2.4759809094741816
1.2,5486.37604454068,2.4242360275644037
1.2,5486.37604454068,2.60238490269072
1.2,5301.667739466287,2.467982169726815
1.2,5686.532873822788,2.405143550877896
1.2,5686.532873822788,2.595098631506103
1.2,5493.742934348644,2.464514308698928
1.2,5885.375759840635,2.397130797051335
1.2,5885.375759840635,2.5835810238593786
1.2,5687.2133342576535,2.4569465739782803
1.2,6085.389686922212,2.377026390760129
1.2,6085.389686922212,2.5762950925120416
1.2,5879.441365736753,2.448749777894184
1.2,6283.364244359251,2.379184260190565
1.2,6283.364244359251,2.556400329968263
1.2,6074.803544069584,2.438616933638772
1.2,6482.089505927739,2.370011729743929
1.2,6482.089505927739,2.5447391808487136
1.2,6267.526386832064,2.4268602135928123
1.2,6681.637368880906,2.3521894530203724
1.2,6681.637368880906,2.5318055315150745
1.2,6460.718190007011,2.4157299290975245
1.2,6881.83719919568,2.333765405180866
1.2,6881.83719919568,2.521844684287043
1.2,6654.007135580138,2.4071285882262603
1.2,7081.872192151534,2.3126826469547352
1.2,7081.872192151534,2.5151422898549125
1.2,6845.708382532275,2.400575486685131
1.2,7281.573901090029,2.285321448354874
1.2,7281.573901090029,2.51910072363856
1.2,7033.48247629591,2.3919250233852325
1.2,7480.295385177133,2.271047386983944
1.2,7480.295385177133,2.5115108214469544
1.2,7225.36337902532,2.379628996982628
1.2,7678.935378723138,2.251555146690831
1.2,7678.935378723138,2.5144901028505435
1.2,7412.222108669581,2.364704624645264
1.2,7876.342705025254,2.2412494294185783
1.2,7876.342705025254,2.5091661239772383
1.2,7602.214915635382,2.351936350646374
1.2,8073.545607047465,2.2333593618857464
1.2,8073.545607047465,2.495847774877432
1.2,7796.011011679099,2.341033588166393
1.2,8271.156407880915,2.224717404709736
1.2,8271.156407880915,2.4849224711977023
1.2,7988.842522500258,2.328111432464514
1.2,8467.571582743416,2.22012155650006
1.2,8467.571582743416,2.470566285873281
1.2,8182.321950112124,2.3147132475877834
1.2,8663.682288403186,2.2196039855428524
1.2,8663.682288403186,2.453158710001487
1.2,8378.425174612034,2.2979959108800467
1.2,8860.875618211156,2.210036958507182
1.2,8860.875618211156,2.439994919973978
1.2,8572.643428965199,2.283416824274426
1.2,9058.401290934127,2.2021714494129934
1.2,9058.401290934127,2.421483668080503
1.2,8771.183985275007,2.269282116598764
1.2,9256.641483784806,2.187936317547666
1.2,9256.641483784806,2.4103080971942537
1.2,8969.044755999037,2.2516851553191244
1.2,9452.909777080698,2.1860932869400567
1.2,9452.909777080698,2.391248935636689
1.2,9166.002496678211,2.236807665703528
1.2,9650.262354287986,2.172462326585556
1.2,9650.262354287986,2.379156803634141
1.2,9365.296921358044,2.2238330312453862
1.2,9847.803077969282,2.1667428747900326
1.2,9847.803077969282,2.363304819331147
1.2,9561.722016517744,2.2064476205364767
1.2,614.3132602512414,2.9098482604718705
1.2,614.3132602512414,3.0417058858916883
1.2,587.5459048051266,2.9880690166325765
1.2,806.6386610418424,2.8483033000147966
1.2,806.6386610418424,2.964688027792717
1.2,777.346267837199,2.878366093326321
1.2,999.0894537013336,2.8155677832923804
1.2,999.0894537013336,2.9234387060815035
1.2,966.5916840718916,2.8145911389110334
1.2,1192.1432179997732,2.810576713841202
1.2,1192.1432179997732,2.8738408013789725
1.2,1156.271735503503,2.772911957367453
1.2,1385.1277812048345,2.781062931473812
1.2,1385.1277812048345,2.8756362757337395
1.2,1344.0901090112493,2.743603886717552
1.2,1578.3249994853293,2.766631730468978
1.2,1578.3249994853293,2.8552961056759742
1.2,1532.2894823181402,2.7190444913007097
1.2,1771.2002152617408,2.743981923930137
1.2,1771.2002152617408,2.852256694245205
1.2,1719.4075137640928,2.702160700759392
1.2,1963.848834211777,2.725619416085283
1.2,1963.848834211777,2.849905275694299
1.2,1905.8349669812335,2.6840218351202307
1.2,2156.6353637269603,2.7091640084010504
1.2,2156.6353637269603,2.842983432041549
1.2,2092.728486825228,2.668194067156351
1.2,2349.4470086622578,2.692520521151544
1.2,2349.4470086622578,2.83120373458308
1.2,2279.5644272809664,2.6594328670646443
1.2,2542.455381821475,2.6803516576924022
1.2,2542.455381821475,2.8165364350162303
1.2,2466.605735646689,2.6503050459838127
1.2,2735.778211831921,2.666366401353452
1.2,2735.778211831921,2.8049445941882607
1.2,2653.205857420919,2.6384237012599376
1.2,2928.657984526443,2.653099569843162
1.2,2928.657984526443,2.793712060016275
1.2,2838.978808363654,2.6314579091884536
1.2,3121.854371382122,2.640411022819638
1.2,3121.854371382122,2.7809085201727477
1.2,3024.5878189340638,2.624608225296095
1.2,3315.119106994236,2.6281829202569056
1.2,3315.119106994236,2.768932366193221
1.2,3211.233395039953,2.615149681926915
1.2,3508.403368857035,2.61472799258052
1.2,3508.403368857035,2.76034228791189
1.2,3397.432143783474,2.6017318164007937
1.2,3701.3482027895207,2.604220772210706
1.2,3701.3482027895207,2.749238327227918
1.2,3583.842766689045,2.5830624713419144
1.2,3893.877258943655,2.5926590651898938
1.2,3893.877258943655,2.736110006889154
1.2,3769.282031434628,2.5723775541085248
1.2,4086.447314235201,2.5767434130928955
1.2,4086.447314235201,2.725352174954168
1.2,3954.009312816106,2.5667479624032867
1.2,4278.601873141319,2.558902551897692
1.2,4278.601873141319,2.718725926405155
1.2,4138.035565586882,2.561948900840379
1.2,4470.812321855389,2.539621931623212
1.2,4470.812321855389,2.711257379993874
1.2,4321.502601596598,2.5582632254880715
1.2,4662.856667168269,2.522964099093908
1.2,4662.856667168269,2.7012760928961312
1.2,4505.083121347404,2.55426551645295
1.2,4853.457878159715,2.5140784376229304
1.2,4853.457878159715,2.690812179725828
1.2,4690.43783333182,2.544922287553304
1.2,5044.8104619529895,2.494442825783431
1.2,5044.8104619529895,2.6829291386096066
1.2,4874.0416687081615,2.540704788289261
1.2,5234.673656585043,2.488581511877976
1.2,5234.673656585043,2.6709710450771778
1.2,5059.527143173529,2.5325675013911875
1.2,5425.559970215997,2.469016181403549
1.2,5425.559970215997,2.663543288972419
1.2,5242.712700663863,2.5290743563101388
1.2,5615.190776988136,2.460822833140467
1.2,5615.190776988136,2.651769632036157
1.2,5427.22774521031,2.5213703294139105
1.2,5805.938541073847,2.440214199661691
1.2,5805.938541073847,2.64433554572633
1.2,5610.558015720489,2.513015415183633
1.2,5994.740814998109,2.4424574286192176
1.2,5994.740814998109,2.6239565957584
1.2,5796.878496385129,2.5026699376777404
1.2,6184.260094410212,2.433066879213316
1.2,6184.260094410212,2.6120257833925846
1.2,5980.6804113975895,2.4906541933639783
1.2,6374.563060248698,2.414794983722875
1.2,6374.563060248698,2.5987871784305416
1.2,6164.926985730555,2.4792784464124398
1.2,6565.488467506691,2.395903371073916
1.2,6565.488467506691,2.588597584069356
1.2,6349.266143400831,2.470494959772941
1.2,6756.256196235897,2.3742807189032424
1.2,6756.256196235897,2.5817507832101434
1.2,6532.089506114117,2.463810938815707
1.2,6946.705877112416,2.346210812503491
1.2,6946.705877112416,2.5858450052371014
1.2,6711.166591111524,2.4549720391704457
1.2,7136.220661634269,2.331575236148192
1.2,7136.220661634269,2.5780840289413174
1.2,6894.159825103497,2.442389543382716
1.2,7325.656894964588,2.3115813783670056
1.2,7325.656894964588,2.5811710819085114
1.2,7072.360200423232,2.427107365470337
1.2,7513.920871964164,2.301016861378156
1.2,7513.920871964164,2.5757321515584097
1.2,7253.554529557949,2.414035797542805
1.2,7701.986762489646,2.292932280580092
1.2,7701.986762489646,2.5620861528501497
1.2,7438.374755878392,2.402877870521929
1.2,7890.444705466394,2.284074162046957
1.2,7890.444705466394,2.5508952185368567
1.2,7622.274659697297,2.3896456999597
1.2,8077.75927705658,2.279370017786427
1.2,8077.75927705658,2.5361816535466133
1.2,7806.79011074048,2.3759234013482744
1.2,8264.782197993753,2.278852585971062
1.2,8264.782197993753,2.518334939850804
1.2,7993.806369821571,2.3587933994881696
1.2,8452.8384047725,2.269043341943269
1.2,8452.8384047725,2.504843659885206
1.2,8179.023276257665,2.343856672976863
1.2,8641.210722443928,2.260980575663095
1.2,8641.210722443928,2.485861299503568
1.2,8368.364889722847,2.329373466409351
1.2,8830.262148717371,2.2463779560744417
1.2,8830.262148717371,2.4744089878863016
1.2,8557.05583495345,2.3113352126978426
1.2,9017.435145676358,2.244497262556225
1.2,9017.435145676358,2.454861978016746
1.2,8744.886577104724,2.296087369009489
1.2,9205.640199379855,2.2305136282358564
1.2,9205.640199379855,2.4424674810616938
1.2,8934.941508447531,2.282792139749216
1.2,9394.026013831946,2.2246520894486355
1.2,9394.026013831946,2.426211675720415
1.2,9122.260658655054,2.264968139439965
