K,Rem,frictionFactor
0.6,2795.8743214243827,4.671816839241727
0.6,2795.8743214243827,6.277763169630234
0.6,2310.7320837013167,5.7875798930007
0.6,2795.7762435891173,4.6719085721365605
0.6,2795.7762435891173,6.277976088259861
0.6,2310.5920736049,5.787848509839139
0.6,2795.615759120679,4.672058688280685
0.6,2795.615759120679,6.278312304977141
0.6,2310.3710202401526,5.788292815487723
0.6,2795.401792447265,4.672258858146542
0.6,2795.401792447265,6.278794278411237
0.6,2310.054209555748,5.788923226583504
0.6,2795.1165259787604,4.672525777983697
0.6,2795.1165259787604,6.279410863928781
0.6,2309.6490423347554,5.789739864730715
0.6,2794.7778053366287,4.672842784904069
0.6,2794.7778053366287,6.280150926419288
0.6,2309.162924247767,5.79072220312418
0.6,2794.367823434722,4.673226587679568
0.6,2794.367823434722,6.281048205764848
0.6,2308.5738109443946,5.791901449300571
0.6,2793.904429385141,4.673660527612411
0.6,2793.904429385141,6.282069172775388
0.6,2307.9038553694268,5.793246789986149
0.6,2793.369827994003,4.674161327685052
0.6,2793.369827994003,6.283236398712814
0.6,2307.1384013481525,5.794779169601243
0.6,2792.7729628405123,4.674720681285499
0.6,2792.7729628405123,6.284538816378908
0.6,2306.284889216341,5.79648852176238
0.6,2792.122774835368,4.675330278667936
0.6,2792.122774835368,6.285976593665639
0.6,2305.343405055334,5.798385528565482
0.6,2791.410392998888,4.675998513205462
0.6,2791.410392998888,6.2875386752254805
0.6,2304.3213949175333,5.800460180588472
0.6,2790.62695767242,4.6767337918578535
0.6,2790.62695767242,6.28925898657932
0.6,2303.1969090656594,5.802723243002422
0.6,2789.781420734128,4.677527818189614
0.6,2789.781420734128,6.291115279647559
0.6,2301.9847688045893,5.8051647613987525
0.6,2788.882728580789,4.678372289310376
0.6,2788.882728580789,6.293096533761099
0.6,2300.692437065169,5.80778518417919
0.6,2787.9220324838725,4.679275625547561
0.6,2787.9220324838725,6.295225520553317
0.6,2299.305358686113,5.810595406479416
0.6,2786.8904977911748,4.680246264224714
0.6,2786.8904977911748,6.297491262266692
0.6,2297.8310176350387,5.813585552049469
0.6,2785.805969823364,4.681267542913062
0.6,2785.805969823364,6.299894052728286
0.6,2296.2695619090305,5.816756172390599
0.6,2784.65073344847,4.682356281315514
0.6,2784.65073344847,6.302445498016897
0.6,2294.6138241475364,5.820118300626751
0.6,2783.433747554263,4.68350419228865
0.6,2783.433747554263,6.305134653405623
0.6,2292.871303225325,5.823672595139618
0.6,2782.155083504822,4.684711362511535
0.6,2782.155083504822,6.307973182840137
0.6,2291.0348596170456,5.8274197531788055
0.6,2780.823690313912,4.685969493399738
0.6,2780.823690313912,6.310927512903992
0.6,2289.126618078026,5.831329047895251
0.6,2779.421894398468,4.687295455601293
0.6,2779.421894398468,6.314031972470394
0.6,2287.124828100986,5.835443132201969
0.6,2777.99395830744,4.687995994790287
0.6,2777.99395830744,6.318166583177991
0.6,2284.4719172783707,5.847704485764691
0.6,2776.469343513694,4.689440941043101
0.6,2776.469343513694,6.321550393045626
0.6,2282.298802527873,5.852194707049812
0.6,2774.8834598216813,4.690945639395326
0.6,2774.8834598216813,6.325085686088272
0.6,2280.0328156025234,5.856882000808881
0.6,2773.236399857614,4.692510204045629
0.6,2773.236399857614,6.328772964678425
0.6,2277.674200728506,5.86176729795163
0.6,2771.537107837052,4.694126333596975
0.6,2771.537107837052,6.332578551028053
0.6,2275.245020504897,5.86681976698096
0.6,2769.767982242325,4.695810986056449
0.6,2769.767982242325,6.336559939657987
0.6,2272.70916216947,5.872103973552425
0.6,2767.9379790246,4.69755587524215
0.6,2767.9379790246,6.340660635117608
0.6,2270.1032164508147,5.877557305505995
0.6,2766.056037485808,4.699352695115305
0.6,2766.056037485808,6.344915426774187
0.6,2267.405653990568,5.88321266088741
0.6,2764.1045966231777,4.70121845473872
0.6,2764.1045966231777,6.3493134634077
0.6,2264.624003536597,5.889060495507007
0.6,2762.0926078897432,4.70314486409419
0.6,2762.0926078897432,6.353855329110991
0.6,2261.758539154524,5.895112629219233
0.6,2760.0290040238865,4.705123610751806
0.6,2760.0290040238865,6.358541628344325
0.6,2258.8095427057224,5.901359560071242
0.6,2757.8962674216345,4.7071717590192605
0.6,2757.8962674216345,6.363384498133656
0.6,2255.7700883857947,5.907802487724845
0.6,2755.712147251865,4.709272538635335
0.6,2755.712147251865,6.368361578321169
0.6,2252.654912881395,5.914442653430535
0.6,2753.450358819184,4.711451535573133
0.6,2753.450358819184,6.373508127511624
0.6,2249.442701541055,5.921313737952309
0.6,2751.137444025874,4.71368349264764
0.6,2751.137444025874,6.3787902452496565
0.6,2246.1553875301865,5.928290353787709
0.6,2748.7647325874,4.715977056361146
0.6,2748.7647325874,6.384231760312081
0.6,2242.7789052374037,5.934725683605438
0.6,2746.349916914756,4.718315388981272
0.6,2746.349916914756,6.389798642961991
0.6,2239.335120463743,5.941338821796134
0.6,2743.849241430943,4.7207411999923785
0.6,2743.849241430943,6.395538039349018
0.6,2235.7956702880483,5.948140570017297
0.6,2741.3067311362865,4.7232121308036215
0.6,2741.3067311362865,6.401427553233507
0.6,2232.175256322743,5.955122492317052
0.6,2738.704976700933,4.725745387288866
0.6,2738.704976700933,6.407456313905204
0.6,2228.4813683355887,5.962285803517108
0.6,2736.0266293994696,4.728358252841741
0.6,2736.0266293994696,6.413660161656547
0.6,2224.692944179558,5.969641483230703
0.6,2733.2981117764502,4.731025327573319
0.6,2733.2981117764502,6.420028363245496
0.6,2220.8175298737965,5.977220153110141
0.6,2730.519557338176,4.733746790109524
0.6,2730.519557338176,6.425995640383063
0.6,2217.0600390926606,5.984945212126618
0.6,2727.6736501636383,4.736539969144399
0.6,2727.6736501636383,6.431901046671921
0.6,2213.293746060751,5.992866744711108
0.6,2724.778012047773,4.73938794624699
0.6,2724.778012047773,6.437932202283761
0.6,2209.460438779148,6.0009764015712665
0.6,2721.806655350244,4.742316695125094
0.6,2721.806655350244,6.4441211775414855
0.6,2205.540603230891,6.00928548450009
0.3,2679.355890230724,6.157785262041244
0.3,2679.355890230724,10.57049659579153
0.3,2021.048228994758,14.337318377391997
0.324,2669.269697285865,6.677778873861518
0.324,2669.269697285865,10.381713220156684
0.324,2014.378659789718,16.42330756144998
0.349,2652.667710516305,8.330390059625525
0.349,2652.667710516305,8.660789624913942
0.349,2132.14966140393,14.129519633320102
0.373,2747.352168898268,6.053769174861327
0.373,2747.352168898268,9.661861576240309
0.373,2038.124580678786,12.881279910819703
0.398,2785.964355925049,6.328856386045938
0.398,2785.964355925049,7.726432156481957
0.398,2198.834422894377,10.937790436629918
0.422,2772.8092869244083,6.389905220868548
0.422,2772.8092869244083,7.69498528562423
0.422,2189.980335323998,10.131904625503852
0.447,2746.7369709661907,5.798997589947741
0.447,2746.7369709661907,7.700739938268268
0.447,2164.562039745466,10.273607445771212
0.471,2721.797762791972,6.804002167130977
0.471,2721.797762791972,7.4753242407567715
0.471,2208.4740533168742,9.178875649696352
0.496,2802.069512508172,5.384306281605138
0.496,2802.069512508172,8.11252984754058
0.496,2129.616515607784,8.696952545081938
0.52,2796.8187716208818,4.890398290297728
0.52,2796.8187716208818,7.218189816862811
0.52,2202.686101121488,9.056810629361868
0.545,2752.8591947945265,5.3349484643842
0.545,2752.8591947945265,6.500293060775157
0.545,2271.5428010253013,7.770353794147653
0.569,2781.5493448262696,5.152926242950545
0.569,2781.5493448262696,5.87338390927704
0.569,2327.23030200842,7.185435841898918
0.594,2781.1077557050794,5.132455814988502
0.594,2781.1077557050794,5.270731114145912
0.594,2374.4235936125037,6.864086755532778
0.618,2831.5412952157944,4.368982765870379
0.618,2831.5412952157944,5.061072368010261
0.618,2336.494222263977,6.678532703272987
0.643,2778.6305445573794,4.881769598508791
0.643,2778.6305445573794,5.087705819771473
0.643,2360.190992586871,6.098054002725551
0.667,2791.550005345568,4.434202971144543
0.667,2791.550005345568,4.702182633493642
0.667,2454.982642340087,5.4459368914756485
0.692,2756.0720595687885,4.110842843543066
0.692,2756.0720595687885,5.450713055401847
0.692,2345.930074934338,5.315914217052898
0.716,2731.217717786696,4.511581221876816
0.716,2731.217717786696,3.7990037965189263
0.716,2408.9978514094487,6.383903048010559
0.741,2725.107311783535,4.40603060587889
0.741,2725.107311783535,3.870677282330668
0.741,2486.863917602928,5.015349100617164
0.3,2609.812931733048,7.716495217513694
0.3,2609.812931733048,9.029169613003264
0.3,2026.038091846313,16.477271003233852
0.324,2630.9683482019923,6.732234717154087
0.324,2630.9683482019923,10.55558312596166
0.324,1955.9478705303063,16.845407509903236
0.349,2617.308870165792,8.394050438941735
0.349,2617.308870165792,8.797209959683535
0.349,2075.9844110661497,14.455327553441114
0.373,2710.9438112463536,6.099309237723783
0.373,2710.9438112463536,9.804294485381762
0.373,1985.8948630846544,13.172864131781203
0.398,2749.0519318473443,6.367455846871505
0.398,2749.0519318473443,7.830749482403839
0.398,2142.3941775119238,11.179855174871284
0.422,2737.532805370319,6.436025799335144
0.422,2737.532805370319,7.802196783969938
0.422,2136.860617463484,10.348461340834222
0.447,2710.5792837642043,5.842326406214879
0.447,2710.5792837642043,7.809492684098725
0.447,2111.3624797029893,10.491195049787647
0.471,2684.5781867970027,6.856841504400584
0.471,2684.5781867970027,7.580604145497123
0.471,2154.340115474453,9.372261184314402
0.496,2763.169340512596,5.426765971191368
0.496,2763.169340512596,8.230551898609773
0.496,2075.739986490617,8.88011123862238
0.52,2760.311604288121,4.928038335243822
0.52,2760.311604288121,7.311968455274633
0.52,2150.208872553035,9.242537509298996
0.545,2715.9612017209934,5.375546112302572
0.545,2715.9612017209934,6.590321022277032
0.545,2216.7640189778326,7.927197164155385
0.569,2744.600094950232,5.191783154887
0.569,2744.600094950232,5.953366990902379
0.569,2272.0248956640144,7.328192774330715
0.594,2744.725662908954,5.170562123890974
0.594,2744.725662908954,5.339802930184438
0.594,2320.169828259222,6.995353769784299
0.618,2793.8743936366704,4.401975762739436
0.618,2793.8743936366704,5.127619916505907
0.618,2282.9317382775325,6.805641549152572
0.643,2740.099559387163,4.92022200085427
0.643,2740.099559387163,5.156774296500453
0.643,2304.3733690605104,6.215580209411929
0.667,2753.139023370636,4.468856081272336
0.667,2753.139023370636,4.765204285282587
0.667,2397.6445803402157,5.549312679004587
0.692,2718.0363106750683,4.143066008345627
0.692,2718.0363106750683,5.523636749619862
0.692,2291.23435055115,5.415822468459277
0.716,2693.5249764350524,4.546945605961951
0.716,2693.5249764350524,3.8486353046493726
0.716,2354.119856058764,6.5008904081733085
0.741,2687.9283762015043,4.440167477148676
0.741,2687.9283762015043,3.920640654904189
0.741,2430.873317420169,5.106800503813881
0.3,2907.1854718320824,9.452824840302256
0.3,2907.1854718320824,10.242679761313418
0.3,2335.5808665451887,13.95726160188424
0.324,2843.026835705093,9.643212241319844
0.324,2843.026835705093,10.11758297973957
0.324,2329.5070107058004,16.158021933935913
0.349,2978.3550200832024,7.356638926011388
0.349,2978.3550200832024,9.340820430467318
0.349,2372.5505293529686,14.27926334907444
0.373,2968.7774467057598,6.759693320428847
0.373,2968.7774467057598,10.599313136462712
0.373,2300.509573098214,13.43151854476052
0.398,3050.4501131977117,5.334805733664514
0.398,3050.4501131977117,8.561645088153242
0.398,2392.765553343488,11.445212118885026
0.422,3064.3646171035016,6.700175224279926
0.422,3064.3646171035016,6.709482567266732
0.422,2478.4236467863543,11.733747199851758
0.447,2964.3096437474096,6.409733266009587
0.447,2964.3096437474096,7.972233508453293
0.447,2432.4020470907653,11.553349768728268
0.471,3028.815260657489,5.310646206358704
0.471,3028.815260657489,8.513262465813314
0.471,2370.31697537134,9.927190333144422
0.496,2923.8877625409805,6.795677419062928
0.496,2923.8877625409805,8.29015958886676
0.496,2454.505424729679,9.109326850280896
0.52,2987.879648353525,5.278149553579627
0.52,2987.879648353525,8.441158796676056
0.52,2380.169877649353,8.840346182565476
0.545,3020.005865757772,5.31023571858542
0.545,3020.005865757772,7.099015531236248
0.545,2520.4116966249458,6.703834470556291
0.569,2997.696458633263,5.250468123880733
0.569,2997.696458633263,5.284898005967925
0.569,2595.707679060381,7.900749813317819
0.594,2972.4507447044107,5.295059610491601
0.594,2972.4507447044107,5.799770699552824
0.594,2581.483274206387,6.817757530004635
0.618,2958.260118814895,5.55690247868688
0.618,2958.260118814895,4.709905382549705
0.618,2713.26432581548,6.031653732484077
0.643,2956.375744274174,4.84520414199543
0.643,2956.375744274174,5.19353480407615
0.643,2621.418085862596,5.999542790554708
0.667,2964.538888598995,4.422718812417307
0.667,2964.538888598995,4.961909529234572
0.667,2610.886779716289,6.240711490192819
0.692,2948.812236296425,4.3034420811064855
0.692,2948.812236296425,4.31698231577951
0.692,2657.0421555599783,5.867659342317375
0.716,2874.972545411259,4.810441947919101
0.716,2874.972545411259,4.441974370559372
0.716,2632.998933141328,5.454603651378102
0.741,2878.3135778349447,4.710522085448801
0.741,2878.3135778349447,3.6776705891385904
0.741,2729.459441245567,5.164059520419308
0.3,2849.3454715235757,7.072591276412814
0.3,2849.3454715235757,11.798913229504931
0.3,2127.560534203579,15.331800828199684
0.324,2713.5539404708948,9.896196307456696
0.324,2713.5539404708948,10.375528064330323
0.324,2225.302189032984,16.560873558144287
0.349,2842.649636687468,7.549793198704398
0.349,2842.649636687468,9.579815506893686
0.349,2266.1837637931567,14.634705443218332
0.373,2833.4900376268806,6.937212662533345
0.373,2833.4900376268806,10.870561866034082
0.373,2197.359835499721,13.76582623962397
0.398,2911.405258332309,5.474962410848732
0.398,2911.405258332309,8.781392423414443
0.398,2285.282551742236,11.730946470959442
0.422,2924.627387483211,6.876319250736236
0.422,2924.627387483211,6.881771786129751
0.422,2367.0604715622235,12.026249183849512
0.447,2829.080940991533,6.578348573760966
0.447,2829.080940991533,8.177213135012488
0.447,2323.018531066853,11.842548251989797
0.471,2890.727279295525,5.450215098887574
0.471,2890.727279295525,8.732142814876825
0.471,2263.7284384266272,10.175993796297885
0.496,2790.718010133485,6.973988686744526
0.496,2790.718010133485,8.502910863134074
0.496,2344.258112248202,9.33757478545457
0.52,2851.7795432900857,5.416668065184144
0.52,2851.7795432900857,8.657820795095471
0.52,2273.2504813427536,9.061807596933066
0.545,2882.430262906915,5.4496157857241005
0.545,2882.430262906915,7.281488178382419
0.545,2407.091788226056,6.872387979736719
0.569,2861.014105868109,5.388476489688016
0.569,2861.014105868109,5.420928678827452
0.569,2478.901593752655,8.09965707688254
0.594,2837.0523525448907,5.434023672796005
0.594,2837.0523525448907,5.948832968040724
0.594,2465.424663490593,6.989141679250865
0.618,2823.487070854358,5.702774531985858
0.618,2823.487070854358,4.83113285341757
0.618,2591.1702227890223,6.183445497686668
0.643,2821.780278304985,4.972256216040263
0.643,2821.780278304985,5.326992307035693
0.643,2503.577113075768,6.150419083851136
0.667,2829.602467807328,4.538654674147558
0.667,2829.602467807328,5.089426707698587
0.667,2493.5124920983385,6.397823925413672
0.692,2814.590727027304,4.416248427596809
0.692,2814.590727027304,4.427974147638714
0.692,2537.560145810124,6.015484995051314
0.716,2744.0820882140306,4.936584085695468
0.716,2744.0820882140306,4.55623148751525
0.716,2514.564659465468,5.592112246814756
0.741,2747.228977999789,4.834106968992871
0.741,2747.228977999789,3.7724156704586247
0.741,2606.5667791904093,5.294536245097103
0.3,8534.893084703353,6.23565822601408
0.3,8534.893084703353,7.959928869715935
0.3,6706.130819754945,13.244032415452509
0.324,8174.960747340116,7.776612488016013
0.324,8174.960747340116,8.40054372757603
0.324,6610.946181119483,15.1496130890846
0.349,8663.728442436863,5.585912349754751
0.349,8663.728442436863,6.982382239140132
0.349,6884.3659781742845,13.47731234128295
0.373,8503.829269412488,5.428115541413486
0.373,8503.829269412488,8.754838675448852
0.373,6659.844453239944,12.947882076497237
0.398,8800.516089873861,3.804817503126152
0.398,8800.516089873861,7.119911072370382
0.398,6906.890007723249,11.215881118568872
0.422,8838.266008440114,5.74482911474114
0.422,8838.266008440114,5.07693609705548
0.422,7371.245644312059,10.25274179490544
0.447,8569.096489549747,3.7797224333140207
0.447,8569.096489549747,7.079608995990555
0.447,6995.803941223411,10.027104893331854
0.471,8697.377564534056,3.7569135976158288
0.471,8697.377564534056,7.734437951764725
0.471,6811.906175506413,8.508042279439161
0.496,8283.218658626965,5.889942107208238
0.496,8283.218658626965,8.091298566548879
0.496,6945.681454304099,8.538608933367616
0.52,8473.793743525286,3.910926620057665
0.52,8473.793743525286,7.6476187424177215
0.52,6722.534660199848,8.806225385359413
0.545,8520.753438462523,4.098095472143822
0.545,8520.753438462523,6.530944257007341
0.545,7060.822254236153,6.725671680642368
0.569,8458.833495102288,3.989381469971634
0.569,8458.833495102288,5.204250414177202
0.569,7246.896012851935,6.77351578283097
0.594,8429.628396256936,4.010251646454161
0.594,8429.628396256936,5.48851289578237
0.594,7258.087964552628,6.599411800256148
0.618,8385.077766261764,4.343771715289056
0.618,8385.077766261764,4.169344872425747
0.618,7635.876140008206,5.726155246547189
0.643,8338.474876137509,3.891323198250639
0.643,8338.474876137509,4.794773351604394
0.643,7390.489473049488,5.535693363180481
0.667,8376.338460510347,3.5193444602868795
0.667,8376.338460510347,4.543784639028818
0.667,7384.130430919237,5.670047544785601
0.692,8302.205705915616,3.575803665749599
0.692,8302.205705915616,3.877709110243449
0.692,7508.688801059829,5.519194244390989
0.716,8082.746459506743,4.202617587180047
0.716,8082.746459506743,3.749070460685244
0.716,7536.312829908886,4.964377855605605
0.741,8095.767088147944,4.006642253933558
0.741,8095.767088147944,3.295974559519717
0.741,7693.173186255228,4.80655392254517
0.6,2670.47369701924,4.20052954157576
0.6,2670.47369701924,5.919224793540468
0.6,2154.930730549653,7.203738934518131
0.6,2666.3955554410545,4.576644140078811
0.6,2666.3955554410545,5.597251856723919
0.6,2153.8349099514357,7.042395504023524
0.6,2682.7791655223127,4.858941027580149
0.6,2682.7791655223127,4.972120360421686
0.6,2227.8907346499263,7.584225408775205
0.6,2708.997066070533,4.5002356593485615
0.6,2708.997066070533,5.662456219138561
0.6,2204.60930719053,7.731844373726814
0.6,2706.160752874681,4.775445692327754
0.6,2706.160752874681,5.30319656608609
0.6,2221.251881781791,6.843449026806343
0.6,2699.3159951458874,4.83366405019526
0.6,2699.3159951458874,5.383570069053756
0.6,2277.9015576112256,6.952356870346952
0.6,2688.30249431276,5.352999707743653
0.6,2688.30249431276,4.798376935171145
0.6,2347.0802647436203,7.318516975079381
0.6,2735.236519849956,4.598413084073011
0.6,2735.236519849956,5.6498542445639055
0.6,2287.309863904852,6.033028784134598
0.6,2729.3226358485176,5.3800088887065565
0.6,2729.3226358485176,4.551098058059895
0.6,2381.322232478572,6.353250402297344
0.6,2751.428901806815,4.553462022289523
0.6,2751.428901806815,6.093463852241879
0.6,2239.761788149813,7.054020041433495
0.6,2756.6747728535365,4.897769673851681
0.6,2756.6747728535365,5.6253782791962585
0.6,2292.069572291084,6.321371081211878
0.6,2733.988968527855,5.299785395263372
0.6,2733.988968527855,5.00076014994894
0.6,2336.1178453141365,7.217927410397141
0.6,2733.961038147803,5.392164501262883
0.6,2733.961038147803,5.274260032669903
0.6,2394.5221907492064,6.224411752796151
0.6,2797.406511349999,4.994604169996866
0.6,2797.406511349999,5.064440361328361
0.6,2384.563656228684,6.821670793860834
0.6,2813.6476884043213,4.727636962090729
0.6,2813.6476884043213,5.533950622967709
0.6,2365.11389931019,5.904615861860794
0.6,2842.024553508089,4.405901701067783
0.6,2842.024553508089,5.34986707824694
0.6,2368.86204800641,6.427332828693313
0.6,2839.358639668877,4.932161331879167
0.6,2839.358639668877,5.054503112475116
0.6,2481.871801626168,6.515088172081147
0.6,2830.171335540372,5.209872415750697
0.6,2830.171335540372,4.956220078511081
0.6,2480.2512674250456,7.148834318340732
0.6,2840.4987792328247,5.462335413239607
0.6,2840.4987792328247,5.172839461514143
0.6,2420.7045530360315,6.4038290705348855
0.6,2828.9344313049714,5.593618856276402
0.6,2828.9344313049714,4.654220236100715
0.6,2492.4982582949765,6.551841608719919
0.6,2849.1898576825606,5.321320484765742
0.6,2849.1898576825606,5.280027195573402
0.6,2434.879380955049,6.438875635828508
0.6,2881.419725916872,5.372360308917893
0.6,2881.419725916872,4.4608125726217525
0.6,2522.4694920532274,7.820602534368069
0.6,2887.631925927093,5.061623818031765
0.6,2887.631925927093,5.440609671243521
0.6,2442.733354247965,7.169302522024108
0.6,2957.9169694918583,4.408680025751375
0.6,2957.9169694918583,5.518622723298401
0.6,2391.907394518189,7.644931363677515
0.6,2908.519665461008,4.705556185329243
0.6,2908.519665461008,5.758530688134047
0.6,2409.6777148607453,7.25375951669104
0.6,2940.854578861114,4.729498184708175
0.6,2940.854578861114,5.861175166374047
0.6,2498.1772025499267,6.528707449408992
0.6,2890.794420456143,5.598289953223666
0.6,2890.794420456143,5.382367906703217
0.6,2510.215992646404,6.826130011453602
0.6,2920.411014502988,5.077520951617291
0.6,2920.411014502988,5.405316009128343
0.6,2484.8592010886987,7.649719785061992
0.6,2954.605121753022,4.79249915406684
0.6,2954.605121753022,6.089313613356516
0.6,2425.661370319696,7.245622944538501
0.6,2949.237971356205,5.446263423562786
0.6,2949.237971356205,4.713064184710985
0.6,2646.151676418666,7.356302809372246
0.6,2904.927319866308,5.648379108772746
0.6,2904.927319866308,5.127285731250967
0.6,2606.2807185869224,7.570572418294101
0.6,2943.9246754764904,5.16951089948741
0.6,2943.9246754764904,6.100054566184411
0.6,2532.8635317737144,6.126523793409062
0.6,2975.2905452331343,5.238485399058688
0.6,2975.2905452331343,5.096584911989004
0.6,2627.615242605689,6.428456357381162
0.6,2993.291715175485,4.859964151375018
0.6,2993.291715175485,5.841508020236749
0.6,2575.1676205582016,6.477174344649626
0.6,2971.101808644069,4.754512067146809
0.6,2971.101808644069,6.447858250233551
0.6,2456.2305169875112,7.207878823232269
0.6,2967.1847426816057,5.331430196369968
0.6,2967.1847426816057,5.918557570414431
0.6,2587.288899107138,6.967579832331164
0.6,2991.584282807322,5.037367267786757
0.6,2991.584282807322,5.958473014523829
0.6,2502.121496280324,7.856851091891602
0.6,2982.0874821045363,5.191641170188563
0.6,2982.0874821045363,5.99209450280149
0.6,2524.6016771822497,8.523487225092975
0.6,3022.692218633181,5.113441288454514
0.6,3022.692218633181,5.73363265379085
0.6,2607.717861101756,7.142124370706236
0.6,3000.343816756701,5.441249250956687
0.6,3000.343816756701,5.612013545660957
0.6,2603.20498108164,6.9663448342489085
0.6,3067.440625327411,4.7091416832328745
0.6,3067.440625327411,5.702795228550679
0.6,2627.9666384071807,6.804286084408061
0.6,3014.1204292037887,5.6663447209562
0.6,3014.1204292037887,4.647731139846882
0.6,2693.6395375805005,7.459051933949434
0.6,3036.908731720937,5.694381757952941
0.6,3036.908731720937,5.149522051818586
0.6,2669.500527035983,7.212866318413575
0.6,2996.642330475827,6.228133166832439
0.6,2996.642330475827,4.630704402544168
0.6,2768.6048950576387,7.396627660273756
0.6,3073.071404881965,5.309919398417249
0.6,3073.071404881965,4.805010159051119
0.6,2740.1094391562638,6.962313865467369
0.6,3023.771456789301,6.166039404227045
0.6,3023.771456789301,4.830560350389633
0.6,2735.3775898354656,7.270305071459131
0.6,3104.846132905326,4.555714332076224
0.6,3104.846132905326,6.607071678924759
0.6,2599.22201487638,6.712908365515286
0.6,3032.398695195867,5.777723910786497
0.6,3032.398695195867,5.3277017279020935
0.6,2725.8403270590466,6.88732238004066
0.6,3056.3251281821867,5.913881243436518
0.6,3056.3251281821867,4.468572359872766
0.6,2795.116355303079,8.645820515988758
0.6,3084.633843224516,4.755601468639233
0.6,3084.633843224516,7.311193361794834
0.6,2538.9080073968103,7.217563084563195
0.6,2622.366039146519,4.18436915469378
0.6,2622.366039146519,5.834961411045569
0.6,2091.475578038911,7.939185436540003
0.6,2630.017490499597,4.610940998558759
0.6,2630.017490499597,5.676594899271567
0.6,2101.340658632317,7.192148293942177
0.6,2647.0668460625234,4.884844790800452
0.6,2647.0668460625234,5.023801138294323
0.6,2174.2257019804683,7.744240832773472
0.6,2674.622069811609,4.5015027758330834
0.6,2674.622069811609,5.764019913371435
0.6,2147.103524284614,7.861918129084463
0.6,2669.318177550824,4.678835484810916
0.6,2669.318177550824,5.391043747418935
0.6,2178.799120352057,7.640605338064552
0.6,2662.5825416662683,4.871599632163992
0.6,2662.5825416662683,5.456761593341989
0.6,2223.382428000459,7.087579249766876
0.6,2651.991311288574,5.391140390324561
0.6,2651.991311288574,4.867933251454526
0.6,2291.289830284172,7.44506582594281
0.6,2698.783287007664,4.63152358670412
0.6,2698.783287007664,5.728478739561885
0.6,2233.898701389868,6.146172063306212
0.6,2693.053511650403,5.382821811316792
0.6,2693.053511650403,4.688585950706615
0.6,2317.504643131941,6.47661430324658
0.6,2715.129062889107,4.588183611165596
0.6,2715.129062889107,6.227718190594142
0.6,2183.818382972489,7.112101249497366
0.6,2721.970247480508,4.863756885040344
0.6,2721.970247480508,5.77345563614307
0.6,2226.7711979050277,6.459224950110219
0.6,2697.236441118055,5.394474197350866
0.6,2697.236441118055,5.098790251290026
0.6,2280.3416636262923,7.348666433547959
0.6,2697.0947989151914,5.431242340872546
0.6,2697.0947989151914,5.389966919873775
0.6,2337.931436382992,6.276543472393579
0.6,2759.589713015422,5.048930542178666
0.6,2759.589713015422,5.129708316538932
0.6,2330.166446403207,6.924525734746209
0.6,2776.116359331255,4.767067450106328
0.6,2776.116359331255,5.605494608156785
0.6,2311.038528191855,6.02174786452774
0.6,2806.182230079221,4.39690684569806
0.6,2806.182230079221,5.46070638545006
0.6,2317.2636866189705,6.449710474591045
0.6,2802.9168782965016,4.966927565006495
0.6,2802.9168782965016,5.116927107245227
0.6,2425.9522439514653,6.640650317878298
0.6,2793.327968694706,5.24851248757561
0.6,2793.327968694706,5.024439451845639
0.6,2424.4631083118343,7.268769045374375
0.6,2803.274069349884,5.426911245998806
0.6,2803.274069349884,5.410236318308177
0.6,2352.866218533854,6.492855581872938
0.6,2791.2821011346878,5.635587983884378
0.6,2791.2821011346878,4.718903268497842
0.6,2435.57468080621,6.676453034595754
0.6,2811.0015375854323,5.386908034100944
0.6,2811.0015375854323,5.332164983341913
0.6,2383.570174307081,6.578332650702019
0.6,2844.1630424638483,5.404469436316317
0.6,2844.1630424638483,4.507472097704063
0.6,2466.1067751891583,7.964251610728654
0.6,2849.8244587559734,5.105649265762001
0.6,2849.8244587559734,5.502190319982487
0.6,2391.477509243187,7.298577495266786
0.6,2919.736425841721,4.445434842938343
0.6,2919.736425841721,5.634511839358082
0.6,2338.260562562747,7.74668897119988
0.6,2866.219343567816,4.918275495845845
0.6,2866.219343567816,6.002403358304505
0.6,2358.394546169727,7.337385140147541
0.6,2902.592907351392,4.769474335036826
0.6,2902.592907351392,5.934762451717996
0.6,2443.057790969755,6.641782152607784
0.6,2853.8411716828864,5.641465886634515
0.6,2853.8411716828864,5.448374735284653
0.6,2455.721065650668,6.949400851712516
0.6,2882.897393205252,5.114528437645148
0.6,2882.897393205252,5.473689015990815
0.6,2430.0100355091085,7.786761891028243
0.6,2917.2616034846787,4.8280939119838
0.6,2917.2616034846787,6.209229955514586
0.6,2372.6171692522703,7.328626033554184
0.6,2914.4886186662093,5.472429814768344
0.6,2914.4886186662093,4.750228552791041
0.6,2590.0977912714425,7.507928056260835
0.6,2869.997603614443,5.677147587412456
0.6,2869.997603614443,5.184289313169884
0.6,2550.1825442825484,7.703506843216143
0.6,2907.0436129161258,5.204553919276591
0.6,2907.0436129161258,6.156453552176281
0.6,2478.615629403423,6.268756245095874
0.6,2937.643044033057,5.2287426743618965
0.6,2937.643044033057,5.278915378925508
0.6,2561.063660381739,6.529719174345204
0.6,2955.928010321172,4.899326356580868
0.6,2955.928010321172,5.915624098372247
0.6,2520.447471248567,6.593888593550702
0.6,2934.087820521854,4.792075110625194
0.6,2934.087820521854,6.5305704516448335
0.6,2403.6452428244515,7.330593071968216
0.6,2926.7407332158723,5.369841009133226
0.6,2926.7407332158723,6.005714858606879
0.6,2531.2688049800686,7.093578722510348
0.6,2954.7534447456933,5.068895652014746
0.6,2954.7534447456933,6.038613216905714
0.6,2447.513013503876,7.995993572578051
0.6,2943.354752030969,5.279518964225359
0.6,2943.354752030969,5.947374602220515
0.6,2479.7238921742514,8.812863291760266
0.6,2985.1590379363424,5.1116032104169244
0.6,2985.1590379363424,5.860587595040636
0.6,2549.253058257062,7.230781961587613
0.6,2960.1552753352844,5.607401881453864
0.6,2960.1552753352844,5.587778406681994
0.6,2564.727610562553,7.207814429533078
0.6,3029.464845540544,4.72653749101712
0.6,3029.464845540544,5.791452233255537
0.6,2569.082781800379,6.93210834812967
0.6,2976.8797514928137,5.707126105295184
0.6,2976.8797514928137,4.682633924887536
0.6,2639.167021257084,7.586370123292709
0.6,2999.188706256516,5.727376393459351
0.6,2999.188706256516,5.234042559423068
0.6,2611.587591747937,7.289638731724069
0.6,2960.2286650792407,6.243559537639496
0.6,2960.2286650792407,4.709276228747201
0.6,2707.0615813816853,7.535901346489402
0.6,3035.2516902790785,5.3514821283167935
0.6,3035.2516902790785,4.859938008938125
0.6,2682.6172950583905,7.087294013730634
0.6,2979.608760816401,6.323669009007864
0.6,2979.608760816401,4.868323442813679
0.6,2688.744739191994,7.301906601021701
0.6,3067.605743290778,4.573999983672373
0.6,3067.605743290778,6.580325689790644
0.6,2543.125402899738,7.059283299276489
0.6,2996.390578283739,5.806016282490639
0.6,2996.390578283739,5.338555080805466
0.6,2669.751450355008,7.026084337972693
0.6,3024.2037583258348,5.896826588522168
0.6,3024.2037583258348,4.394091537626491
0.6,2750.113896527418,8.922321903234153
0.6,3048.8628288655004,4.785762884006731
0.6,3048.8628288655004,7.469976940565045
0.6,2464.4619420091976,7.343104045101995
0.6,2854.424095998956,4.734262701546075
0.6,2854.424095998956,5.448817138784837
0.6,2435.9881310952933,5.7449401365274575
0.6,2848.871962426012,4.739376358553937
0.6,2848.871962426012,5.454706656685075
0.6,2431.249256233209,5.751154150738832
0.6,2843.3294485849565,4.744501074417312
0.6,2843.3294485849565,5.460608920086821
0.6,2426.518587516885,5.75738162228265
0.6,2837.7965294964333,4.749636885049054
0.6,2837.7965294964333,5.4665239704086845
0.6,2421.79610364931,5.763622594921954
0.6,2832.273180267497,4.754783826517682
0.6,2832.273180267497,5.47245184924894
0.6,2417.081783407108,5.769877112609749
0.6,2826.74137274372,4.759958809958296
0.6,2826.74137274372,5.478412033743861
0.6,2412.360239299394,5.7761657258250505
0.6,2821.237119970658,4.7651281586055285
0.6,2821.237119970658,5.484365737405122
0.6,2407.6622094367835,5.782447510860751
0.6,2815.742362812713,4.770308747357356
0.6,2815.742362812713,5.490332395605331
0.6,2402.9722798995067,5.788742974099911
0.6,2810.257076719141,4.77550061291399
0.6,2810.257076719141,5.496312050671801
0.6,2398.29042975578,5.7950521602664
0.6,2804.7812372237595,4.780703792135587
0.6,2804.7812372237595,5.5023047451164455
0.6,2393.616638145882,5.801375114279281
0.6,2799.314819944583,4.785918322043128
0.6,2799.314819944583,5.508310521636784
0.6,2388.950884281837,5.807711881253876
0.6,2793.857800583464,4.791144239819288
0.6,2793.857800583464,5.514329423116965
0.6,2384.2931474471043,5.814062506502838
0.6,2788.410154925726,4.796381582809327
0.6,2788.410154925726,5.520361492628767
0.6,2379.64340699628,5.820427035537229
0.6,2782.9541019310386,4.801647560314162
0.6,2782.9541019310386,5.526426550957404
0.6,2374.986486241784,5.826826381686677
0.6,2777.525161804388,4.806907904067447
0.6,2777.525161804388,5.532485129891109
0.6,2370.3527028697586,5.8332189014363145
0.6,2772.1055231561927,4.812179786178732
0.6,2772.1055231561927,5.538557007350884
0.6,2365.7268543025125,5.839625462856975
0.6,2766.695162102384,4.817463244653102
0.6,2766.695162102384,5.544642227170052
0.6,2361.108920176361,5.846046112264976
0.6,2761.294054840595,4.822758317662733
0.6,2761.294054840595,5.550740833374791
0.6,2356.498880197244,5.852480896180554
0.6,2755.902177649813,4.8280650435478165
0.6,2755.902177649813,5.5568528701851845
0.6,2351.8967141404205,5.858929861328996
0.6,2750.519506890032,4.833383460817475
0.6,2750.519506890032,5.5629783820163015
0.6,2347.3024018501847,5.865393054641765
0.6,2745.146019001901,4.838713608150705
0.6,2745.146019001901,5.56911741347927
0.6,2342.7159232395584,5.871870523257638
0.6,2739.764175010715,4.844073000975705
0.6,2739.764175010715,5.5752901381906765
0.6,2338.122308119944,5.8783835530595
0.6,2734.4090123266883,4.8494267638094
0.6,2734.4090123266883,5.581456388089688
0.6,2333.5514623181007,5.884889761572572
0.6,2729.062962240724,4.854792373900634
0.6,2729.062962240724,5.587636292789196
0.6,2328.988390279563,5.891410388216926
0.6,2723.726001512957,4.860169870617876
0.6,2723.726001512957,5.5938298976961125
0.6,2324.433072189603,5.897945480972835
0.6,2718.3981069824727,4.865559293504224
0.6,2718.3981069824727,5.600037248418903
0.6,2319.8854883007725,5.904495088033701
0.6,2713.079255566985,4.870960682278365
0.6,2713.079255566985,5.6062583907686925
0.6,2315.3456189326257,5.91105925780723
0.6,2707.769424262495,4.876374076835552
0.6,2707.769424262495,5.612493370760408
0.6,2310.813444471432,5.9176380389166345
0.6,2702.4685901429607,4.881799517248592
0.6,2702.4685901429607,5.618742234613903
0.6,2306.288945369892,5.924231480201838
0.6,2697.159451387471,4.887254833320623
0.6,2697.159451387471,5.625025518289907
0.6,2301.757353750508,5.930861250150922
0.6,2691.8765723861466,4.892704526074609
0.6,2691.8765723861466,5.6313023351048415
0.6,2297.248171914713,5.937484207491788
0.6,2686.602622182073,4.898166386111089
0.6,2686.602622182073,5.637593175835571
0.6,2292.7466071293416,5.943760468039698
0.6,2681.4004523630783,4.9035254723322526
0.6,2681.4004523630783,5.643309801157484
0.6,2288.4911788226827,5.949655644184643
0.6,2676.484473898749,4.908387498048049
0.6,2676.484473898749,5.648908878994401
0.6,2284.295152161535,5.955562525917397
0.6,2671.5767831079684,4.913259175087855
0.6,2671.5767831079684,5.654519078250691
0.6,2280.106195644673,5.9614811481369046
0.6,2666.6773590505454,4.91814053221764
0.6,2666.6773590505454,5.660140432094921
0.6,2275.924291417756,5.967411545880977
0.6,2661.7861808567764,4.923031598317804
0.6,2661.7861808567764,5.665772973827683
0.6,2271.749421686508,5.973353754326992
0.6,2656.887283824832,4.927948434078859
0.6,2656.887283824832,5.671435198984495
0.6,2267.567959765325,5.979327285945181
0.6,2652.012561807362,4.932859037187972
0.6,2652.012561807362,5.67709025376337
0.6,2263.407128725517,5.985293260775559
0.6,2647.146023396987,4.9377794366966725
0.6,2647.146023396987,5.682756597241678
0.6,2259.2532790989644,5.9912711528009055
0.6,2642.287648003223,4.942709661949203
0.6,2642.287648003223,5.688434263255179
0.6,2255.1063933293376,5.997260997764292
0.6,2637.437415104604,4.94764974240711
0.6,2637.437415104604,5.694123285774995
0.6,2250.966453919129,6.003262831551877
0.6,2632.5953042483934,4.952599707649849
0.6,2632.5953042483934,5.699823698908276
0.6,2246.833443429397,6.009276690193612
0.6,2627.7612950502976,4.957559587375366
0.6,2627.7612950502976,5.705535536898893
0.6,2242.707344479524,6.015302609863972
0.6,2622.9353671941744,4.962529411400688
0.6,2622.9353671941744,5.711258834128114
0.6,2238.588139746979,6.021340626882672
0.6,2618.1017689617925,4.9675254998969605
0.6,2618.1017689617925,5.717012385142247
0.6,2234.462384242115,6.027410569381475
0.6,2613.291969356886,4.972515335195495
0.6,2613.291969356886,5.722758742277086
0.6,2230.3569385970645,6.033472930473452
0.6,2608.49019048601,4.977515205064253
0.6,2608.49019048601,5.72851666273962
0.6,2226.258335491863,6.039547498872079
0.6,2603.6964123030343,4.982525139803017
0.6,2603.6964123030343,5.734286181468128
0.6,2222.166557834079,6.045634311485878
0.6,2598.9106148285755,4.98754516983368
0.6,2598.9106148285755,5.740067333541783
0.6,2218.0815885881616,6.051733405372303
0.6,2816.709792827017,4.77107838487656
0.6,2816.709792827017,5.517982114752171
0.6,2380.323456813904,5.8548077174886926
0.6,2811.222860330316,4.776269998627791
0.6,2811.222860330316,5.52402410881648
0.6,2375.6804785179847,5.86126036194859
0.6,2805.745378836308,4.781472923119135
0.6,2805.745378836308,5.5300793489217375
0.6,2371.0454583093738,5.867727245154254
0.6,2800.27732394759,4.786687195354222
0.6,2800.27732394759,5.536147878675273
0.6,2366.4183757452893,5.874208414287695
0.6,2794.8186713506675,4.791912852498262
0.6,2794.8186713506675,5.542229741876034
0.6,2361.7992104529094,5.880703916739614
0.6,2789.3516040761183,4.797167065283215
0.6,2789.3516040761183,5.548344923581017
0.6,2357.1728855482884,5.887235097866518
0.6,2783.911713984956,4.802415641903312
0.6,2783.911713984956,5.554453629779018
0.6,2352.5695196670576,5.893759457199346
0.6,2778.48115366641,4.80767571602972
0.6,2778.48115366641,5.560575802126763
0.6,2347.974010290045,5.900298293443757
0.6,2773.059899139275,4.812947325483439
0.6,2773.059899139275,5.566711485200948
0.6,2343.3863373215117,5.906851654837533
0.6,2767.647926504464,4.8182305082515295
0.6,2767.647926504464,5.57286072377523
0.6,2338.806480734192,5.913419589833
0.6,2762.245211944659,4.82352530248803
0.6,2762.245211944659,5.579023562821322
0.6,2334.234420569007,5.920002147098229
0.6,2756.8517317239566,4.828831746514875
0.6,2756.8517317239566,5.58520004751009
0.6,2329.67013693478,5.926599375518225
0.6,2751.467462187524,4.834149878822823
0.6,2751.467462187524,5.591390223212652
0.6,2325.1136100079348,5.933211324196151
0.6,2746.074829167344,4.839497175179809
0.6,2746.074829167344,5.597614432293466
0.6,2320.5499673673203,5.939859722662903
0.6,2740.708940265536,4.844838838716244
0.6,2740.708940265536,5.603832172059216
0.6,2316.008919841121,5.946021091525074
0.6,2735.352191490085,4.850192307156045
0.6,2735.352191490085,5.610063740315383
0.6,2311.475569890351,5.951919427481503
0.6,2730.004559507255,4.8555576196751815
0.6,2730.004559507255,5.616309183245961
0.6,2306.9498979592254,5.957829477124158
0.6,2724.666021062668,4.860934815623164
0.6,2724.666021062668,5.622568547240832
0.6,2302.43188455815,5.963751275381576
0.6,2719.336552980966,4.866323934524001
0.6,2719.336552980966,5.628841878896911
0.6,2297.921510263436,5.969684857321301
0.6,2714.0161321654778,4.871725016077168
0.6,2714.0161321654778,5.635129225019309
0.6,2293.418755717021,5.975630258150575
0.6,2708.7047355978807,4.877138100158591
0.6,2708.7047355978807,5.6409187965579966
0.6,2289.1312900703024,5.981587513217035
0.6,2703.3850269798213,4.882580975779438
0.6,2703.3850269798213,5.64653321859315
0.6,2284.920451151361,5.987576184548655
0.6,2698.0916394687138,4.888018224808295
0.6,2698.0916394687138,5.652140485205267
0.6,2280.730412481316,5.993557293727816
0.6,2692.8072075429905,4.893467597194042
0.6,2692.8072075429905,5.65775889943362
0.6,2276.54742853438,5.999550364153622
0.6,2687.531708494682,4.898929133528847
0.6,2687.531708494682,5.66338849455458
0.6,2272.3714815085978,6.005555431742812
0.6,2682.265119692526,4.9044028745863
0.6,2682.265119692526,5.669029303977095
0.6,2268.202553661858,6.011572532556069
0.6,2677.3449178117176,4.909269933331703
0.6,2677.3449178117176,5.674681361243352
0.6,2264.0406273116428,6.017601702798736
0.6,2672.43578978868,4.914141553932688
0.6,2672.43578978868,5.6803447000294325
0.6,2259.885684834782,6.023642978821556
0.6,2667.5349322629786,4.91902285265758
0.6,2667.5349322629786,5.68601935414599
0.6,2255.737708667196,6.029696397121385
0.6,2662.626348938288,4.923929857998828
0.6,2662.626348938288,5.691723957891802
0.6,2251.5831599067387,6.035781836560545
0.6,2657.741996687186,4.9288306315580295
0.6,2657.741996687186,5.697421381899463
0.6,2247.449086523572,6.041859689474244
0.6,2652.8658524284,4.933741170288799
0.6,2652.8658524284,5.703130223595777
0.6,2243.32192705282,6.047949795160596
0.6,2647.997895489411,4.938661503407037
0.6,2647.997895489411,5.708850517336898
0.6,2239.2016641645137,6.054052190708832
0.6,2643.1381052670613,4.943591660245307
0.6,2643.1381052670613,5.714582297616949
0.6,2235.088280586551,6.060166913358023
0.6,2638.2864612272665,4.948531670253415
0.6,2638.2864612272665,5.72032559906873
0.6,2230.98175910446,6.0662940004978445
0.6,2633.442942904724,4.953481562999004
0.6,2633.442942904724,5.726080456464403
0.6,2226.882082561153,6.072433489669331
0.6,2628.607529902624,4.958441368168133
0.6,2628.607529902624,5.731846904716202
0.6,2222.789233856696,6.078585418565655
0.6,2623.7644395423813,4.963427372901733
0.6,2623.7644395423813,5.737643880569585
0.6,2218.6898540295133,6.084769990648423
0.6,2618.9452025854853,4.968407125090707
0.6,2618.9452025854853,5.74343365400018
0.6,2214.61063210456,6.090946953649318
0.6,2614.1340101008423,4.973396879576271
0.6,2614.1340101008423,5.749235123986811
0.6,2210.538187003935,6.097136470500006
0.6,2609.330841962992,4.97839666652454
0.6,2609.330841962992,5.75504832600956
0.6,2206.4725018541126,6.103338579510446
0.6,2604.535678113556,4.98340651622305
0.6,2604.535678113556,5.760873295692153
0.6,2202.413559837541,6.109553319146629
0.6,2599.748498560948,4.988426459081385
0.6,2599.748498560948,5.766710068802684
0.6,2198.3958467149328,6.1157807280313845
0.6,2594.969283380105,4.993456525631776
0.6,2594.969283380105,5.772558681254362
0.6,2194.451990484049,6.122020844945166
0.6,2590.198012712204,4.998496746529726
0.6,2590.198012712204,5.778419169106229
0.6,2190.514294370802,6.128273708826873
0.6,2585.4191132439587,5.003563673880039
0.6,2585.4191132439587,5.784310778978576
0.6,2186.569905808813,6.1345598557583365
0.6,2580.6636980901185,5.008624329372355
0.6,2580.6636980901185,5.790195165500394
0.6,2182.6445067249256,6.140838373007734
0.6,2575.916168203323,5.013695232026239
0.6,2575.916168203323,5.796091536601538
0.6,2178.725224582309,6.147129755129574
0.6,2571.249982492392,5.018776412996964
0.6,2571.249982492392,5.801999928932358
0.6,2174.8120450940696,6.153434041705175
0.6,2566.6369400826707,5.023867903566231
0.6,2566.6369400826707,5.8079203792928
0.6,2170.904954017772,6.159751272478404
0.6,733.3448088300539,5.093461282529376
0.6,733.3448088300539,5.745386091744283
0.6,623.6814738889916,6.763323313990684
0.6,957.6619227100332,4.96086952252234
0.6,957.6619227100332,5.627768663683018
0.6,816.4951365024893,6.59297946349911
0.6,1181.7698779049394,4.878787810798365
0.6,1181.7698779049394,5.564575511209432
0.6,1007.9216387593408,6.478038442674994
0.6,1404.515056257586,4.845118307106927
0.6,1404.515056257586,5.517548086506051
0.6,1198.6968089067764,6.4187822660064535
0.6,1626.685084693445,4.832036484996573
0.6,1626.685084693445,5.478543572495745
0.6,1388.8095640889296,6.361810015398079
0.6,1848.4554574115527,4.8242286719552885
0.6,1848.4554574115527,5.445721846277445
0.6,1578.7227797097655,6.330215888667059
0.6,2070.497680490186,4.81556008613475
0.6,2070.497680490186,5.424583606107411
0.6,1768.0891048697424,6.301734192511581
0.6,2292.483241636008,4.809157703491338
0.6,2292.483241636008,5.396458075455463
0.6,1957.8367152385413,6.2905495202869
0.6,2515.459718584344,4.783492605334772
0.6,2515.459718584344,5.392766331468086
0.6,2145.3604118131225,6.268581478230819
0.6,2739.085238384858,4.756041805042537
0.6,2739.085238384858,5.392854535317805
0.6,2333.73917373943,6.241162611878764
0.6,2962.794661730041,4.719473025636894
0.6,2962.794661730041,5.372544983685569
0.6,2522.043610973598,6.241732559797944
0.6,3187.327169136021,4.674397856651319
0.6,3187.327169136021,5.353354003323712
0.6,2711.105429979972,6.232307328426296
0.6,3411.892257875494,4.620595847076111
0.6,3411.892257875494,5.333194188980351
0.6,2901.0390258511297,6.228582500097613
0.6,3636.411888005893,4.573128623883725
0.6,3636.411888005893,5.3073565826957205
0.6,3091.662678882723,6.227108453304814
0.6,3860.9846838984136,4.519718725179095
0.6,3860.9846838984136,5.293127308800846
0.6,3280.521758362623,6.219614364171768
0.6,4085.7982241637146,4.467067965781461
0.6,4085.7982241637146,5.266604242152803
0.6,3469.719283932124,6.226400034797018
0.6,4310.492826018992,4.41032985845948
0.6,4310.492826018992,5.2635784915187696
0.6,3657.756732298012,6.218686946698516
0.6,4533.609656824765,4.360491491992809
0.6,4533.609656824765,5.258786463936192
0.6,3844.343148474631,6.198458777474189
0.6,4758.780586472303,4.297871392745158
0.6,4758.780586472303,5.233841604155785
0.6,4031.661781869628,6.2001023122313335
0.6,4984.062468909854,4.23768534496005
0.6,4984.062468909854,5.208714326598719
0.6,4217.512952003585,6.178629799995765
0.6,5207.762729702773,4.17931988878636
0.6,5207.762729702773,5.192229750045678
0.6,4401.36488351217,6.168014750975586
0.6,5431.34184375192,4.112414593679119
0.6,5431.34184375192,5.1921693141944685
0.6,4584.700437479453,6.152170504386324
0.6,5654.600320563564,4.052986303915601
0.6,5654.600320563564,5.180550457898172
0.6,4766.73699701737,6.157430323195943
0.6,5878.782351976148,3.9910695257130513
0.6,5878.782351976148,5.163710902688327
0.6,4950.379317935191,6.162780913783878
0.6,6101.1029406942025,3.94253193989329
0.6,6101.1029406942025,5.131981963054089
0.6,5135.072802950886,6.151369940888478
0.6,6323.688146991303,3.8898361153642815
0.6,6323.688146991303,5.101824764457004
0.6,5318.589363276544,6.141849254856744
0.6,6546.125179492564,3.846516891407041
0.6,6546.125179492564,5.065041085722777
0.6,5504.984457219159,6.122533582836294
0.6,6768.754678444113,3.804010410151681
0.6,6768.754678444113,5.048942439953645
0.6,5690.20886138297,6.091998507568307
0.6,6992.681824354058,3.7433705163971247
0.6,6992.681824354058,5.046727818910424
0.6,5874.969541622576,6.065229778528635
0.6,7214.172689662606,3.7188230491304095
0.6,7214.172689662606,5.011071306849384
0.6,6065.344849198799,6.0364750080846274
0.6,7434.462467372737,3.6776268756448234
0.6,7434.462467372737,5.008101326404782
0.6,6253.782418208789,6.04122043716174
0.6,7656.459600532085,3.655391802452802
0.6,7656.459600532085,4.9733238158920186
0.6,6443.169489431271,5.989472903574041
0.6,7877.106159862277,3.619638808238564
0.6,7877.106159862277,4.975901427650215
0.6,6625.604777847685,5.963929225879573
0.6,8097.522595870439,3.5873275628561383
0.6,8097.522595870439,4.978388011544114
0.6,6812.091925601108,5.918999779180124
0.6,8317.467389947231,3.550324261828847
0.6,8317.467389947231,4.994023081131403
0.6,6993.868039252331,5.894789486883192
0.6,8541.244727592886,3.52765559796309
0.6,8541.244727592886,4.962262608063395
0.6,7187.0836028631575,5.884444165878021
0.6,8762.316311301054,3.508262425362295
0.6,8762.316311301054,4.950190216785956
0.6,7371.270975335582,5.896972826224617
0.6,8984.110908643206,3.4788726719862573
0.6,8984.110908643206,4.934240601350403
0.6,7553.8727519382865,5.884070314768772
0.6,9206.177101026098,3.455021742125081
0.6,9206.177101026098,4.920228371502364
0.6,7742.892436766941,5.867277029078228
0.6,9428.484828607045,3.432614225143089
0.6,9428.484828607045,4.903600161890082
0.6,7932.107933540876,5.853861160719262
0.6,9649.444681606565,3.416215847213119
0.6,9649.444681606565,4.891802314540853
0.6,8122.685814500941,5.827696374497921
0.6,9871.655232707912,3.393338354015462
0.6,9871.655232707912,4.876428484981575
0.6,8309.84275885989,5.812676753574899
0.6,10114.699481503343,3.36078596441108
0.6,10114.699481503343,4.782093308508906
0.6,8508.066589186641,5.818063489669401
0.6,10346.42033444179,3.3363030285186515
0.6,10346.42033444179,4.731210424620052
0.6,8703.267154387699,5.819819862307638
0.6,10570.081505769307,3.32250819150558
0.6,10570.081505769307,4.704018187928563
0.6,8892.838764666496,5.80155436752175
0.6,10791.850831728569,3.2904062701835644
0.6,10791.850831728569,4.735438600004752
0.6,9069.786269096126,5.768826049429267
0.6,11015.413445782237,3.272439592101832
0.6,11015.413445782237,4.722279385318784
0.6,9251.95061273318,5.753847290785735
0.6,703.9541294916086,5.211813351842268
0.6,703.9541294916086,5.993053477859994
0.6,577.9682824925019,7.201122048493957
0.6,926.7620976870148,5.053615613221857
0.6,926.7620976870148,5.818266903359757
0.6,768.9807109968135,6.92237783491283
0.6,1149.8087026168243,4.954808516235262
0.6,1149.8087026168243,5.721348122108413
0.6,958.9408923330278,6.743788459942198
0.6,1371.6061062901413,4.910269672424055
0.6,1371.6061062901413,5.651861889072937
0.6,1148.3499783719526,6.643664062000375
0.6,1592.9079008999483,4.889452485421715
0.6,1592.9079008999483,5.596704485999002
0.6,1337.197454308205,6.557291745047979
0.6,1813.893305166572,4.875732122968262
0.6,1813.893305166572,5.551041418944096
0.6,1526.089925145278,6.504132417007487
0.6,2035.237053552588,4.862301346953879
0.6,2035.237053552588,5.5191343891755045
0.6,1714.7791151603235,6.458817132716317
0.6,2256.592903114255,4.8520064809304975
0.6,2256.592903114255,5.482171191051851
0.6,1903.89237622314,6.4344385807325
0.6,2479.0325646851006,4.82286626450741
0.6,2479.0325646851006,5.471449672775671
0.6,2090.931582331209,6.401253281573359
0.6,2702.102914617431,4.790557514412425
0.6,2702.102914617431,5.458629828871552
0.6,2278.7625517382,6.377126960148998
0.6,2925.29836213897,4.753061072465636
0.6,2925.29836213897,5.433642810934959
0.6,2467.1307184966413,6.362943151971731
0.6,3148.98080997768,4.708692150922053
0.6,3148.98080997768,5.412407671660208
0.6,2655.417481282185,6.345180105575735
0.6,3373.551473638887,4.650121162459377
0.6,3373.551473638887,5.393340525418361
0.6,2844.9733859984867,6.332016280158308
0.6,3598.008071887261,4.599496037652437
0.6,3598.008071887261,5.364148350836939
0.6,3035.4876548482007,6.323946443390772
0.6,3822.5618244236407,4.544526998636481
0.6,3822.5618244236407,5.344250154422516
0.6,3224.47652960554,6.312040191625355
0.6,4047.394350798212,4.489677986153507
0.6,4047.394350798212,5.322861885162743
0.6,3413.613226511031,6.31586252011356
0.6,4272.520715960434,4.42985037793428
0.6,4272.520715960434,5.312897313929192
0.6,3600.5461868776965,6.3093584379452565
0.6,4495.612420132765,4.38014155184174
0.6,4495.612420132765,5.29829261264246
0.6,3788.217896829343,6.27184887051763
0.6,4720.707654441996,4.316007904708223
0.6,4720.707654441996,5.274194251217668
0.6,3975.590408201081,6.26764258204864
0.6,4945.896828754331,4.252359591547528
0.6,4945.896828754331,5.253751434276898
0.6,4160.852311299562,6.259458912496255
0.6,5169.635598466616,4.191206346398434
0.6,5169.635598466616,5.239818104643684
0.6,4344.331123897524,6.247598323252037
0.6,5393.332928176811,4.130849994477048
0.6,5393.332928176811,5.218990451888896
0.6,4530.387232705255,6.245768324234943
0.6,5616.95908595075,4.068123943688704
0.6,5616.95908595075,5.206773437900026
0.6,4713.14586863965,6.22960123145018
0.6,5840.931111293613,4.006181141368872
0.6,5840.931111293613,5.190721758448079
0.6,4896.345877378154,6.213096088568615
0.6,6063.170365444536,3.9506193579581255
0.6,6063.170365444536,5.173472183421099
0.6,5078.914300621616,6.203388492817663
0.6,6285.923795959766,3.894912697474232
0.6,6285.923795959766,5.147415061350346
0.6,5261.401447809881,6.191763471901913
0.6,6508.084349095472,3.851145194173849
0.6,6508.084349095472,5.110831458803991
0.6,5447.203234100339,6.176198710455187
0.6,6731.02535444922,3.8075433182636496
0.6,6731.02535444922,5.090271929782449
0.6,5633.048189021667,6.146116427962089
0.6,6954.52937644034,3.756149886707792
0.6,6954.52937644034,5.080185926069481
0.6,5818.153611240619,6.11491482357791
0.6,7176.0581022034485,3.72226297678244
0.6,7176.0581022034485,5.057003397856835
0.6,6007.019909365127,6.09146776655581
0.6,7397.393122096448,3.695776743528216
0.6,7397.393122096448,5.02025498640211
0.6,6199.765415127949,6.073670829478357
0.6,7618.459345126601,3.6563782610108455
0.6,7618.459345126601,5.016600077618444
0.6,6385.405276171422,6.036307411596826
0.6,7839.604505459326,3.618851049217653
0.6,7839.604505459326,5.01647599049448
0.6,6567.898697728816,6.009518829936066
0.6,8060.315051275089,3.5885570437127736
0.6,8060.315051275089,5.010720916055943
0.6,6754.615758435645,5.967660298040507
0.6,8280.8005506027,3.5640891810010293
0.6,8280.8005506027,5.006924288842736
0.6,6940.931440954863,5.928654939328276
0.6,8503.861082354531,3.536337713090444
0.6,8503.861082354531,4.983588014889024
0.6,7132.344460219109,5.921211610806995
0.6,8724.995205566722,3.516663835784368
0.6,8724.995205566722,4.970910657235218
0.6,7316.577183872578,5.932815320452139
0.6,8946.758677467284,3.487003930047884
0.6,8946.758677467284,4.954378651685959
0.6,7499.212627007665,5.918918875650476
0.6,9168.867087123052,3.462892679644397
0.6,9168.867087123052,4.939795226535922
0.6,7688.288050180846,5.901134816416032
0.6,9391.20279874677,3.440243222183314
0.6,9391.20279874677,4.922615248067635
0.6,7877.552210643767,5.886805425391807
0.6,9612.117052051944,3.423642931328632
0.6,9612.117052051944,4.910322459592778
0.6,8068.132823217402,5.859692917324011
0.6,9834.31524543962,3.400551372672771
0.6,9834.31524543962,4.894460316592537
0.6,8255.324018991882,5.8438555753754615
0.6,10077.340494269134,3.367761016057697
0.6,10077.340494269134,4.799354606728156
0.6,8453.569551078845,5.8485460892654455
0.6,10309.12649964301,3.343059744072243
0.6,10309.12649964301,4.747879430200027
0.6,8648.844896842158,5.849586529398343
0.6,10532.788043592504,3.32909399188173
0.6,10532.788043592504,4.720227480329919
0.6,8838.444192840405,5.830588628815175
0.6,10754.529818596706,3.2967986628563306
0.6,10754.529818596706,4.75141545493181
0.6,9015.46039612861,5.7970718069333405
0.6,10978.089891981035,3.2786680128079406
0.6,10978.089891981035,4.7378806253580645
0.6,9197.678536306934,5.781438268936535
