K,Rem,cdrag
1.2,5997.438404976292,1.6479647287582766
1.2,5987.378936834048,1.6497207107083178
1.2,5998.362209646061,1.6663247016325409
1.2,5977.053378548021,1.651525925445386
1.2,5988.846574114642,1.6679785124865891
1.2,5966.533041130432,1.653368860131005
1.2,5979.150993261408,1.6696688052427744
1.2,5955.818853015421,1.6552580317547212
1.2,5969.241200832069,1.671401361643907
1.2,5944.876826724458,1.657193737468821
1.2,5999.170983434132,1.601569708154436
1.2,5959.135652409121,1.67317085475715
1.2,5933.742964147746,1.6591707350780025
0.3,5806.487354441296,2.549479520017553
0.3,5158.168392005201,2.460336266815483
0.3,4754.447898203854,2.830822942607741
0.3,4447.922353991863,2.6479225198475045
0.3,4102.626474373954,2.486478093134288
0.324,5643.1248147468605,2.784935151477236
0.324,5093.188765158243,2.6295309001508893
0.324,4624.397944247816,2.704660520013193
0.324,4407.363437215391,2.733086681946395
0.324,4168.476784442873,2.667885963110077
0.349,5850.7092166674975,2.534376023326379
0.349,5236.9350422042135,2.4608001520219225
0.349,4793.813210558466,2.509146239318836
0.349,4626.395904629824,2.596560699334406
0.349,4368.126637168804,2.4874255323589995
0.349,4169.80981139761,2.6235657494313345
0.349,4025.6768365234543,2.49206116661492
0.373,5819.708694451395,2.605652842733277
0.373,5207.924594009592,2.5504818578355515
0.373,4725.349834772631,2.357867173589812
0.373,4612.552664279991,2.6786550031056744
0.373,4413.0751681232505,2.499366853589648
0.373,4153.624531838451,2.737556391488925
0.373,4053.542819712356,2.0310035489344407
0.398,5769.054357184203,2.3268256953747866
0.398,5289.30819928223,2.212386381981645
0.398,4839.740920076938,2.5791854658567903
0.398,4801.771431656844,2.259757720170583
0.398,4368.567472645676,2.2885247708775727
0.398,4489.617899408376,2.2297918400266896
0.422,5711.990403484628,2.162715831426886
0.422,5420.380979422087,2.384090654221085
0.422,5098.133958499923,2.251003110487353
0.422,4775.273771250728,2.2098051581353864
0.422,4607.446273684853,2.461188079622206
0.422,4531.191302050064,2.1203495796732743
0.447,5894.632755532462,2.268845445878698
0.447,5454.403932491523,2.236469705893906
0.447,5226.860200290219,2.363930272127714
0.447,4906.997323441782,2.2685024749986376
0.447,4710.606112465308,2.370297179664675
0.447,4655.520191392888,2.309063548769596
0.471,5696.517932766538,2.328090125499935
0.471,5337.158568494057,2.355560495207221
0.471,5147.5392007743285,2.340004771100602
0.471,4846.720191513237,2.386920824535018
0.471,4681.891215885045,2.329464728949772
0.471,4544.852641213923,2.2675187754802546
0.496,5886.469540354608,2.4297039239969567
0.496,5434.216447809544,2.5825643815762813
0.496,5021.425050513731,2.505000209100935
0.496,4793.5129671838295,2.752513647742984
0.496,4613.487721906787,2.298122676874877
0.496,4416.311346917616,2.391323004908361
0.52,5883.938169264528,2.322447339511718
0.52,5384.624778052436,2.572306180449501
0.52,5218.306696404506,2.509151546588125
0.52,4883.776076978822,2.418023208203421
0.52,4725.424751014806,2.27155537401709
0.52,4616.765736425109,2.2363315612699317
0.545,5909.485560379394,2.316458254955156
0.545,5658.612895310174,2.2905742767318804
0.545,5163.70956115971,2.294175911331684
0.545,5065.374256093634,2.269388513141858
0.545,4903.5046183312,2.3032217713346967
0.545,4910.864052820269,2.1683322212846776
0.569,5637.578296440157,2.2927182458097666
0.569,5404.318732115179,2.169562140414007
0.569,5165.941138397599,2.2256299726179054
0.569,5006.444269528838,2.277144754435541
0.569,4925.710397874604,1.9540782631429063
0.594,5814.218019396876,2.0312381748877337
0.594,5635.379986274326,2.2650993648760767
0.594,5355.566691703275,2.157555341459112
0.594,5310.121670755488,2.222259960428113
0.594,4903.085309765776,2.0049675650535423
0.618,5827.307166498964,1.8720585569431585
0.618,5664.238901809578,2.151472435130824
0.618,5525.4188137342935,1.8128289043616488
0.618,5316.53324664395,2.138681242316743
0.618,5439.731197078035,1.88734143562744
0.643,5992.451319360168,2.0630243723581136
0.643,5700.400080982015,2.0714225652896823
0.643,5512.726999227902,2.0996603121505046
0.643,5466.457475924833,1.981198118330621
0.643,5371.768228910354,2.042055662989471
0.667,5901.76524022627,2.085360362830645
0.667,5739.781180687867,2.063432928260286
0.667,5418.869138526829,1.989124706024766
0.667,5404.904616193037,1.8563681055113503
0.692,5859.806921948879,1.9890369711465623
0.692,5777.464649921182,1.7985379612321686
0.692,5698.860028307683,2.005460144122731
0.692,5526.11174057569,1.7954395967748218
0.716,5911.5429977677695,1.9092053493509864
0.716,5937.238229510917,1.7757637668683903
0.716,5800.827319794412,2.0827044565185746
0.716,5627.88711330638,1.8335224553508285
0.741,5983.569649998196,1.853632824948361
0.741,5978.819230007777,1.902675585614171
0.741,5811.587635526601,1.7907702645092876
0.741,5840.350371130773,1.838340517287388
0.765,5919.648296367094,1.8050801910382628
0.765,5820.08872478603,1.820760796783382
0.765,5768.281712474989,1.818355071422028
0.79,5930.118624275387,1.878655925478813
0.79,5737.051757588702,1.9248132594253613
0.79,5886.469851189362,1.8685663749793973
0.814,5798.334960625608,1.9368483545115147
0.814,5828.633919824186,1.8878497628602695
0.839,5781.949869734236,1.758979567253268
0.839,5859.573663167826,1.8045682913746013
0.863,5810.225143564359,1.7775433939027714
0.863,5913.248660561267,1.8074460435221449
0.888,5959.666455640111,1.6431723519694654
0.888,5853.155318180186,1.8402120305288536
0.912,5920.600867730974,1.567840300132166
0.912,5990.045379482146,1.6976164143786594
0.937,5948.70096047985,1.7130705647127045
0.961,5912.330558064902,1.660269095914778
0.961,5955.488493923944,1.645768904791458
1.133,5960.953876908709,1.6765127973160314
1.231,5997.112765950371,1.630702542589525
1.28,5962.376680367476,1.5876430737559597
1.304,5952.017144544603,1.619194512512984
1.329,5996.9691952197545,1.6321920558666505
1.353,5967.6359317448005,1.6637950953961271
1.378,5932.683378148229,1.6251085495844075
1.378,5955.025646575863,1.6107245093610405
1.402,5957.632801836578,1.6116138051204634
1.402,5923.17093843453,1.6308769127291
1.427,5970.922849052418,1.5608433603049872
1.427,5897.081166540876,1.558321168586495
1.451,5928.051358463027,1.5030255894256834
1.451,5986.528521303742,1.6102921895476707
1.476,5994.469679042838,1.6129778994729074
1.476,5955.840924234339,1.589027685066435
1.476,5940.766418704078,1.5534619488137555
1.476,5812.930420756101,1.555089938421432
1.5,5936.235508343591,1.5425018952079137
1.5,5982.416896685572,1.5747851363173198
1.5,5895.214847146356,1.616002134163029
1.5,5850.664553059559,1.5191740710558066
1.2,5955.850416258571,1.578370867862167
1.2,5667.213866958427,1.6455479118303156
1.2,5442.555996232859,1.6430682579387113
1.2,5295.399425410448,1.6639906488610257
1.2,5132.544401842887,1.7449465660837589
1.2,4882.860619352309,1.658896991315144
1.2,4853.310203414469,1.6680703649602815
1.2,5932.663879426628,1.6418234107461729
1.2,5672.973371468486,1.5755178984761955
1.2,5479.261533143971,1.6412257575748042
1.2,5289.9918086941625,1.6541318576198758
1.2,5143.980166511674,1.7033718032363916
1.2,5021.932350268532,1.7132330649723742
1.2,4891.613548677293,1.6980761639139954
1.2,5622.932434110206,1.6340547099731368
1.2,5501.515460247524,1.644945766643278
1.2,5333.2228989972655,1.6525128425115403
1.2,5158.057602471894,1.713538604315057
1.2,5068.614032762818,1.7040595502050897
1.2,4958.946579190346,1.6705901114304968
1.2,5986.301795317561,1.6761039631025985
1.2,5788.070183661984,1.5525640846510025
1.2,5536.270057713295,1.613876035704188
1.2,5334.533324713456,1.6517316445566028
1.2,5307.475359387,1.6837370874065307
1.2,5104.44756121125,1.6912379550173775
1.2,4982.775252784022,1.6389277382811742
1.2,5978.641840666684,1.6207731415282105
1.2,5774.9583980617335,1.6276848841531977
1.2,5533.161432064352,1.628052204632746
1.2,5378.524267410176,1.6274445765726049
1.2,5236.3286398307055,1.664304842779237
1.2,5141.609641673778,1.6232704448654205
1.2,5079.872472514412,1.6607707375494356
1.2,5734.319222321528,1.6365957723633464
1.2,5575.675504028329,1.6059594053746002
1.2,5414.687762978312,1.5761623729064254
1.2,5347.065280049435,1.6531509987379898
1.2,5229.876887475345,1.6649456889467695
1.2,5066.429130974098,1.694879152470098
1.2,5996.947480454419,1.6116016335204235
1.2,5795.555166467823,1.6507795075035212
1.2,5556.324755017806,1.5597962756254145
1.2,5442.355415597708,1.6695686626684378
1.2,5311.495966331456,1.6622518017957653
1.2,5215.147212347675,1.657226304876002
1.2,5124.190408734294,1.7290568555668613
1.2,5820.29863252633,1.628737374149085
1.2,5661.775298278009,1.6284565137146871
1.2,5494.070955325794,1.6140772168533084
1.2,5378.630521779166,1.602672808911317
1.2,5317.102610883526,1.7269523969433742
1.2,5125.470063266141,1.63084739509791
1.2,5836.368243733319,1.6392575881724074
1.2,5684.358958425675,1.565119546079525
1.2,5474.955657949316,1.640834287315278
1.2,5412.178339167956,1.6393882072827932
1.2,5354.5313577800725,1.6586073792656462
1.2,5200.962153394801,1.6937174516763271
1.2,5832.815952948836,1.6069533117557857
1.2,5685.619277394301,1.6293939440998826
1.2,5568.200662355532,1.6615516322317172
1.2,5353.330064091084,1.6278704276325386
1.2,5308.011798631707,1.6927241529052466
1.2,5206.8698450522925,1.6006756164494436
1.2,5893.40587232998,1.6814523991145842
1.2,5683.847745381194,1.573364235066652
1.2,5546.923572750991,1.6628174151720732
1.2,5415.119703959647,1.637208824966008
1.2,5326.40971341399,1.6889436619539282
1.2,5252.858855630831,1.6132086730190185
1.2,5935.338349498524,1.571920658571273
1.2,5772.8774743913045,1.6770406586936744
1.2,5587.367758484139,1.6534523475668192
1.2,5454.4597987239285,1.634704207429859
1.2,5380.765574542424,1.6223046339149327
1.2,5295.231163461835,1.5986237078211702
1.2,5953.532128269521,1.5944370344039844
1.2,5791.774419782469,1.6153243063504856
1.2,5613.216296926154,1.6486298354044269
1.2,5463.269187254219,1.6436430742228545
1.2,5439.060322621888,1.646991861617115
1.2,5251.001107400818,1.6095019985040282
1.2,5992.305942597489,1.6150620989369249
1.2,5814.601886787128,1.5964649687855097
1.2,5631.412989206351,1.6553180280146125
1.2,5526.858180877211,1.58977538739433
1.2,5419.88354414527,1.616876337245987
1.2,5409.279156821151,1.6596339844392614
1.2,5985.852656854228,1.6275762310463044
1.2,5853.76786777681,1.63506084946216
1.2,5663.592294273561,1.597897901593312
1.2,5508.460406099604,1.6740096932802546
1.2,5520.402183828745,1.597518653048006
1.2,5377.057680592405,1.6229988859476878
1.2,5905.933338926675,1.6586150467884857
1.2,5687.50790063743,1.6308797251680858
1.2,5570.662493942334,1.6787316321240957
1.2,5489.035676152102,1.5930616792468075
1.2,5397.908847818862,1.6637255242337212
1.2,5971.724048113845,1.5798037432948615
1.2,5699.05068643727,1.6425889216644065
1.2,5586.406160295748,1.5921909236898657
1.2,5525.274864204303,1.6441738143391926
1.2,5453.490023557622,1.5609346577795802
1.2,5873.409352192856,1.6075009601877943
1.2,5623.794015191411,1.6092340883397172
1.2,5644.029967720991,1.621490384278479
1.2,5491.062787088781,1.5069191819903234
1.2,5932.926858013585,1.5847057127478168
1.2,5723.381147507312,1.613461941925857
1.2,5645.070013640167,1.6049192006676003
1.2,5627.961438857651,1.666353253650806
1.2,5451.533192272288,1.5368344440902442
1.2,5945.745904788192,1.6082057472997189
1.2,5743.89681863848,1.6359923730780728
1.2,5747.4435692823245,1.625400498948084
1.2,5598.429051055419,1.6691063243548825
1.2,5569.578759539348,1.5268361912204718
1.2,5821.841650500346,1.6013650000866633
1.2,5794.228826387179,1.74557981100365
1.2,5539.095897123068,1.704113091861328
1.2,5518.1814885437125,1.5828136183293948
1.2,5958.359253417984,1.6479254130282903
1.2,5889.8063936672215,1.6536102804360595
1.2,5684.392458930067,1.6659273113515112
1.2,5656.797127193468,1.6292943381188134
1.2,5567.621439925172,1.6374278916352392
1.2,5998.258577056243,1.620336781941628
1.2,5891.114091971481,1.6530396219483825
1.2,5806.7812458305325,1.6212920919891085
1.2,5652.37481803293,1.6477012327245075
1.2,5604.263437679524,1.628790334035558
1.2,5998.019979574958,1.5603435529738798
1.2,5801.955751507211,1.666086909893172
1.2,5803.915475116383,1.5766746056663627
1.2,5639.821560912671,1.7022474642488274
1.2,5680.657308734189,1.672549352848714
1.2,5816.666279288866,1.688365073713647
1.2,5810.37031373859,1.619358962567059
1.2,5719.175838245268,1.6560497433814132
1.2,5627.765243238936,1.643633412335811
1.2,5941.258521444853,1.6918126129587463
1.2,5748.792972702189,1.6446850337237866
1.2,5713.2025366095,1.7315378522675546
1.2,5613.423569269179,1.591041330285738
1.2,5890.541009894372,1.6960425260366765
1.2,5750.973616232583,1.6243405272701144
1.2,5673.603440776732,1.6115266577816614
1.2,5923.674228750012,1.6690180700339072
1.2,5916.824859433656,1.654608471844954
1.2,5751.084172411982,1.6431500106514132
1.2,5657.706120231232,1.6072235566851487
1.2,5815.426755517398,1.6238085373045812
1.2,5828.32705361272,1.6012831675213437
1.2,5783.202881739448,1.6922221072338086
1.2,5857.085745319645,1.626879279366512
1.2,5886.83332088111,1.630889512141978
1.2,5793.63854647797,1.596567038774147
1.2,5980.285123212378,1.6719543713941971
1.2,5913.820990590688,1.6275794820816938
1.2,5913.021285390679,1.6292849744955744
1.2,5896.5017172880025,1.6114821754774882
1.2,5982.596947694446,1.5915908801067842
1.2,5974.469347768016,1.5610201751425408
1.2,5932.423983309602,1.6702181012392383
1.2,5901.632632902485,1.5149559037649836
1.2,5985.3892096273685,1.6081062481570878
1.2,5944.366156654359,1.626832073715143
1.2,5942.740087797988,1.6667767750556106
1.2,5977.695725498247,1.6200124787325818
1.2,5952.240455591769,1.631067260869906
1.2,5990.912442016564,1.5800386248485705
1.2,5987.2523225277455,1.6500131796999404
1.2,5990.470287242996,1.6659774744767464
1.2,5976.505984591964,1.6519361825927712
1.2,5979.684110257548,1.6676282768572688
1.2,5965.741367248022,1.6538694076165443
1.2,5996.236991820624,1.5998106080356878
1.2,5968.949864653569,1.6692770592108022
1.2,5955.028559025161,1.6558002724938783
1.2,5985.474266999727,1.6014402763918425
1.2,5958.232349652917,1.6709292035298104
1.2,5944.332429621596,1.657735080004064
1.2,5974.728323538401,1.6030732663389324
1.2,5947.531526171083,1.6725847201076591
1.2,5933.652940116635,1.6596738422351356
1.2,5963.999122218695,1.6047095880424211
1.2,5936.847355245211,1.674243619279778
1.2,5922.99005171059,1.6616165713245925
0.6,4117.5556331285725,1.9963021095886893
0.6,4117.5556331285725,2.230770571174365
0.6,4345.464900186393,1.98160229793163
0.6,4345.464900186393,2.22063365219298
0.6,4573.618602062416,1.966495687215115
0.6,4573.618602062416,2.208344165242329
0.6,4802.05494984547,1.9528039143720808
0.6,4802.05494984547,2.198292032169161
0.6,4016.2292303869926,2.2278354089300136
0.6,5029.839269425958,1.9388863274748984
0.6,5029.839269425958,2.18652459209537
0.6,4206.166319220698,2.219190926847579
0.6,5257.542713227409,1.924045871803324
0.6,5257.542713227409,2.174555604016081
0.6,4396.231226478412,2.2106317443285866
0.6,5484.630734979113,1.9088401860763415
0.6,5484.630734979113,2.1616981592580857
0.6,4589.246252168454,2.2011537104183607
0.6,5711.664739783728,1.8934738583850932
0.6,5711.664739783728,2.14942631056126
0.6,4779.440282336349,2.191199686692745
0.6,4138.24519735454,2.278976040514631
0.6,5937.153622702325,1.8791963785597687
0.6,5937.153622702325,2.137876318834259
0.6,4968.98245100545,2.1810036486299538
0.6,4308.6919820453095,2.271403713740543
0.6,4015.655946550586,2.2115389043208333
0.6,5160.938046728271,2.170290928681182
0.6,4478.600540472766,2.260767304635151
0.6,4174.059433996454,2.20413274684551
0.6,5349.724493680448,2.1611270307792485
0.6,4649.966003160237,2.252864592430055
0.6,4332.809295298737,2.1959330184277386
0.6,4083.059621683757,2.243906802056818
0.6,5538.643682227779,2.1489922988641283
0.6,4818.602613866269,2.2423128514985167
0.6,4488.920887055525,2.1852551135800997
0.6,4231.910876770509,2.2342047473934827
0.6,4044.399490130456,2.2668173125989344
0.6,5922.892245146071,2.1254466108964185
0.6,5160.319858412324,2.22283251106451
0.6,4804.058202308905,2.171917450832692
0.6,4530.03517649925,2.219702825729352
0.6,4327.364676381827,2.248810491499555
0.6,4028.9581164154406,2.222123676482313
0.6,5332.113225892671,2.214315048682616
0.6,4963.668677535969,2.1636678177018007
0.6,4679.271766461283,2.2100732606226843
0.6,4469.873761086325,2.2412466134804068
0.6,4161.681023382151,2.214391074810842
0.6,5502.362167660628,2.2061575142525216
0.6,5122.336905512112,2.1564663603291025
0.6,4829.132284385322,2.203474644461988
0.6,4611.387834322131,2.2338352553171457
0.6,4293.486255286636,2.2099269204683267
0.6,4073.2137190493127,2.068436556922367
0.6,4001.060985992816,1.9513506071687816
0.6,5674.771762977821,2.1966804681038563
0.6,5282.811687094938,2.1478695731489736
0.6,4980.213694694193,2.197983020531088
0.6,4753.539611369005,2.224689946944605
0.6,4423.561750632145,2.205366308884936
0.6,4199.295448409133,2.064743430563255
0.6,4122.36972254684,1.9448606015496672
0.6,5848.3854476111765,2.1877702636197025
0.6,5442.281120885091,2.139409127456315
0.6,5128.443885131799,2.1948165539518256
0.6,4896.305359091692,2.214961459646112
0.6,4553.978378212629,2.20362235488175
0.6,4326.170544010341,2.062824116190871
0.6,4241.899865540588,1.9378676875363985
0.6,5598.739685896542,2.13227378502539
0.6,5278.909384825157,2.18935681483419
0.6,5037.75678807052,2.2035953185729467
0.6,4683.25777972475,2.1941348609453017
0.6,4457.213646301998,2.0578660294452287
0.6,4367.134368134088,1.934837389995136
0.6,5757.163050227275,2.124362555416393
0.6,5427.814975823153,2.184006701407106
0.6,5180.58134903602,2.196308376776588
0.6,4815.149252616165,2.190354427336674
0.6,4582.004824231129,2.0546432598683326
0.6,4490.1777149463005,1.9300536519768727
0.6,5916.665911527027,2.117936735184474
0.6,5579.872807829935,2.176501161427975
0.6,5323.344356526603,2.184731711936877
0.6,4946.7399237734735,2.181812122488999
0.6,4711.119760993267,2.047753510907145
0.6,4612.857498157753,1.9260370996784293
0.6,5731.809198072286,2.172604068848618
0.6,5468.58105397967,2.1785435750999897
0.6,5077.412310632867,2.176672177547323
0.6,4836.969765994036,2.043101309992084
0.6,4734.684052220202,1.920254772873086
0.6,5883.515028649008,2.168377422405842
0.6,5613.274382362592,2.170347620760808
0.6,5210.007678695319,2.1716540809132527
0.6,4963.764047305083,2.0378714948178147
0.6,4857.0763261541215,1.915841094498224
0.6,5757.174466247849,2.162284254177879
0.6,5343.4887112727865,2.1645086070818373
0.6,5089.799835660899,2.031880242238311
0.6,4980.859917384102,1.9095272706851223
0.6,5904.49155114022,2.1556093932036062
0.6,5475.697533084312,2.1593727150905697
0.6,5215.493878587242,2.027082357933592
0.6,5103.070403940389,1.9057154850259137
0.6,5608.847361895307,2.153731329214122
0.6,5342.126953495212,2.022820520772273
0.6,5223.965013286993,1.9025025145855
0.6,5746.402681658321,2.1471908382631906
0.6,5468.809121373046,2.010649300932753
0.6,5343.744735636656,1.9025690502913533
0.6,5881.48444898391,2.1419058290496755
0.6,5596.662724620975,2.005678298341691
0.6,5465.745537210554,1.9022402868416264
0.6,5722.096904276596,1.996072221420313
0.6,5588.900215715076,1.8995854983368048
0.6,5848.645436599992,1.9890254063714217
0.6,5711.616281983465,1.892520327517476
0.6,5973.9394582049,1.9820542820726184
0.6,5835.625129228207,1.890553273876433
0.6,5955.533678181984,1.884359762708416
0.6,4081.774303805309,2.00394918474684
0.6,4081.774303805309,2.248877162284511
0.6,4309.890715671823,1.988732875509601
0.6,4309.890715671823,2.2376888596008
0.6,4538.277279665914,1.97315784338264
0.6,4538.277279665914,2.2244421273902955
0.6,4766.911368491093,1.9590522569021207
0.6,4766.911368491093,2.2135488300328285
0.6,4994.910000533794,1.944761317560312
0.6,4994.910000533794,2.2009828294200355
0.6,4151.340757597345,2.2430880375950992
0.6,5222.815901895841,1.9295788448290727
0.6,5222.815901895841,2.1882850566611545
0.6,4341.507838309802,2.2333595211908337
0.6,5450.091307617282,1.914068719601264
0.6,5450.091307617282,2.1747492359578957
0.6,4534.626066390107,2.222765300164827
0.6,5677.290108877141,1.898418190322364
0.6,5677.290108877141,2.1618609731496314
0.6,4724.940900860155,2.2118039614526634
0.6,4067.1594788108937,2.308081832852409
0.6,5902.929080334665,1.8838878815635305
0.6,5902.929080334665,2.149752310789919
0.6,4914.597749525101,2.2006719890501545
0.6,4237.671866669964,2.2991868744528614
0.6,5106.670446500028,2.189083245326684
0.6,4407.667716173858,2.2872960465618357
0.6,4086.236792025749,2.2375303690871102
0.6,5295.602651870676,2.1791231280852044
0.6,4579.084924802595,2.278274194282364
0.6,4245.095042979638,2.227926248816073
0.6,5484.642259230158,2.166231122478945
0.6,4747.790897432163,2.2666714990304717
0.6,4401.339847183579,2.215923834727795
0.6,4126.804217377141,2.2728130645153466
0.6,5677.204151345853,2.1540002860113505
0.6,4918.37043577222,2.2567039692523303
0.6,4557.879750557567,2.209472607135275
0.6,4275.617318784999,2.264241151541445
0.6,4061.4153800985487,2.3017700995711827
0.6,5869.1543356368265,2.1412928793147046
0.6,5089.705580639058,2.245281414388847
0.6,4716.7814415895855,2.200268694753828
0.6,4425.167377444981,2.2553996326700494
0.6,4204.049946866412,2.29315159311481
0.6,5261.568895125005,2.235913881340201
0.6,4876.501214869488,2.1909566880139373
0.6,4574.520334253999,2.244417677199143
0.6,4346.65946351878,2.2839566486581657
0.6,4022.986852931124,2.263575481984456
0.6,5431.890875132474,2.226961119227177
0.6,5035.312666530372,2.182763994036672
0.6,4724.502244195182,2.236598817980905
0.6,4488.296179030446,2.2750192386224444
0.6,4154.886428373145,2.2576051422685324
0.6,5604.419846256264,2.216726949274028
0.6,5195.901286857964,2.1732218168373665
0.6,4875.679090267441,2.2299730403012994
0.6,4630.566912105656,2.2644193166095743
0.6,4285.115179172022,2.2516167010117925
0.6,4046.919081895028,2.11390657539293
0.6,5778.114647918934,2.207103778109872
0.6,5355.503204750487,2.1638715717830777
0.6,5024.092149952644,2.22576791230431
0.6,4773.443858094261,2.2533126687743588
0.6,4415.665645974492,2.2485816482751773
0.6,4173.495073465542,2.110596636911301
0.6,4072.778739952933,1.9879279382228907
0.6,5945.759772785921,2.196465229508843
0.6,5512.056769817946,2.1559285694918136
0.6,5174.607346777318,2.219314788509384
0.6,4914.979674179343,2.240633540963224
0.6,4545.109609131455,2.2376196680818192
0.6,4304.320228330966,2.104246285018559
0.6,4197.701295472053,1.983483041460728
0.6,5670.564527944116,2.1472522194584247
0.6,5323.584249715589,2.2130299346003803
0.6,5057.852055944076,2.2321597586522466
0.6,4677.065137746674,2.232513522836284
0.6,4429.203315667108,2.099756765079774
0.6,4320.493948340707,1.9773337026057276
0.6,5830.090327283193,2.1401137334786284
0.6,5475.663796445662,2.204607669240385
0.6,5200.69447027601,2.2193949351339577
0.6,4808.762852717811,2.222608868859221
0.6,4558.307393570824,2.0915872718472928
0.6,4442.962175936962,1.9720338894852745
0.6,5989.021427629092,2.1294539327322304
0.6,5627.65975574883,2.19988782941645
0.6,5345.937534833592,2.2121681816979963
0.6,4939.539033134144,2.216249580201847
0.6,4684.2480060152175,2.0857716408144533
0.6,4564.590649068691,1.9650111355336364
0.6,5779.417724053325,2.194877855409683
0.6,5490.670781130855,2.202959531304409
0.6,5072.17162387302,2.210084864615702
0.6,4811.077596039459,2.0794273356090214
0.6,4686.793637555302,1.959431555937252
0.6,5930.247818924946,2.1867203907325106
0.6,5634.636415813577,2.1939219905626675
0.6,5205.720978595943,2.201806602262958
0.6,4937.222222786978,2.0722446095682296
0.6,4810.605733319933,1.9519664732548736
0.6,5781.92525174739,2.1863470878456246
0.6,5338.007010553186,2.195632049232279
0.6,5063.008196987728,2.0663110482489184
0.6,4932.955544200003,1.947125619476171
0.6,5927.08797019124,2.178282937423006
0.6,5471.206046758434,2.1889938594296043
0.6,5189.695436215894,2.06098783529199
0.6,5053.999119937948,1.9429472095195488
0.6,5608.778437693969,2.181476750946606
0.6,5316.474622469758,2.047668096021789
0.6,5173.993770304287,1.9421367329376136
0.6,5743.897060413096,2.1752867570632586
0.6,5444.375765717331,2.0417268292488484
0.6,5296.124021581571,1.9409397087782807
0.6,5875.987063678199,2.16582377300818
0.6,5569.892347076306,2.03112112188496
0.6,5419.346086502008,1.9373052463121243
0.6,5696.503495631682,2.023148161276474
0.6,5542.174166124192,1.9292455648601008
0.6,5821.874450782225,2.015301856689972
0.6,5666.224970752649,1.9264282603359488
0.6,5948.856086290205,2.0052636531358283
0.6,5786.303722744816,1.919344286330551
1.2,4119.295558896004,1.658501907575332
1.2,4119.295558896004,1.6139133476380918
1.2,4313.192157708165,1.653965197338543
1.2,4313.192157708165,1.6067405760766973
1.2,4113.800638478361,1.65125324842759
1.2,4506.928890237162,1.6489247978596726
1.2,4506.928890237162,1.598843693494212
1.2,4299.4189702682825,1.6424986555614458
1.2,4064.864945537424,1.6988689623808997
1.2,4700.461271120243,1.6432623296094189
1.2,4700.461271120243,1.5913261892979225
1.2,4484.517994930799,1.6351034530034694
1.2,4241.762482525812,1.6891579445897724
1.2,4072.742679829131,1.7049120986387327
1.2,4893.946289576963,1.638007185267229
1.2,4893.946289576963,1.5819460578122826
1.2,4670.625186081611,1.625962114914132
1.2,4419.493582125592,1.6820814982192491
1.2,4241.467714131904,1.697726297669055
1.2,4116.6365542344,1.6554990629318913
1.2,5086.731641263192,1.6320333166051122
1.2,5086.731641263192,1.5752079660700753
1.2,4854.946597958272,1.6166427406358852
1.2,4594.599758048573,1.6748948777542674
1.2,4410.477855888647,1.68984755393681
1.2,4281.81033083635,1.6522853792131422
1.2,4141.173452178451,1.654601020546809
1.2,4055.082546919977,1.688584100912702
1.2,5279.138874260909,1.6264786886318676
1.2,5279.138874260909,1.5685833916089926
1.2,5038.443522134808,1.6097068008777926
1.2,4769.802481367467,1.66704269563757
1.2,4579.994803533502,1.6818887499752493
1.2,4448.5184340213145,1.6458637087535324
1.2,4301.894493916127,1.6485369486225363
1.2,4212.224701361259,1.6839640590691245
1.2,4083.613021229535,1.7132126388469189
1.2,4063.418197184154,1.6267828551301444
1.2,5471.207490528319,1.6201554402332108
1.2,5471.207490528319,1.562594783436429
1.2,5221.219762668696,1.604297401903464
1.2,4945.680446517766,1.659984978718528
1.2,4748.608070479312,1.6734088188685454
1.2,4616.095581057887,1.637982604700697
1.2,4463.333575299162,1.6395598014944726
1.2,4369.520943792523,1.6808224485058134
1.2,4237.495568407064,1.7085252522160137
1.2,4213.269179641976,1.6203445384676165
1.2,5663.024197324437,1.6138857668376334
1.2,5663.024197324437,1.5566762881901566
1.2,5403.4196563081305,1.5960216219982153
1.2,5122.572957777888,1.652895889402086
1.2,4917.369484912191,1.6677352350023438
1.2,4780.532364885364,1.6318591112520455
1.2,4624.773482893386,1.632746294773859
1.2,4527.262278177569,1.673724278148228
1.2,4390.7804881731645,1.7038177055016062
1.2,4363.852584087092,1.6119592460053378
1.2,5854.324424064867,1.6075376352117177
1.2,5854.324424064867,1.5497008981932647
1.2,5586.526759178016,1.588556445257317
1.2,5299.978353619836,1.645621774850197
1.2,5086.569456941821,1.6600545110186975
1.2,4946.716541757976,1.627007219893401
1.2,4786.102445184868,1.6264698328538252
1.2,4684.532746554686,1.6675356954668856
1.2,4544.426734048984,1.6968420643794389
1.2,4515.564805709366,1.6074178632419711
1.2,5769.605298967726,1.5798194148694875
1.2,5475.761240213459,1.639298352692403
1.2,5257.001336393263,1.6514637511019614
1.2,5114.761935806142,1.620283625489234
1.2,4947.592967141967,1.621834184693332
1.2,4842.274312169265,1.6604805238314757
1.2,4697.8950838312185,1.6883142720545288
1.2,4666.339692022192,1.6038208369289726
1.2,5953.605898595512,1.573107800729302
1.2,5650.484444200606,1.631181897763836
1.2,5426.737938026816,1.6463162516378638
1.2,5279.822414206957,1.616312790728775
1.2,5107.872016443815,1.6164165156276569
1.2,4999.640347269538,1.6541210128112738
1.2,4849.136541917867,1.6831070569554172
1.2,4818.923530965382,1.592878309802172
1.2,5826.853212735075,1.6241811846223513
1.2,5596.273097527436,1.6402387968480228
1.2,5444.12496695272,1.6104069799382903
1.2,5268.617747857541,1.6083513305263475
1.2,5157.139091315034,1.6491529818662063
1.2,5003.053871744663,1.6777205410999565
1.2,4970.936824198306,1.5856059811591616
1.2,5766.197066566718,1.6334158884940946
1.2,5609.639001881424,1.6043570763324273
1.2,5429.514098147447,1.6025706226282228
1.2,5314.1390744993005,1.6421560320655697
1.2,5156.416176204602,1.670982111672185
1.2,5121.5063904984,1.578514972910739
1.2,5936.144940020465,1.625818152610505
1.2,5776.039643013468,1.5981740748280788
1.2,5590.406861383352,1.5958767375207414
1.2,5470.900678426971,1.6358768886769497
1.2,5309.394677702072,1.6627397169828908
1.2,5273.933272071488,1.5729022556479944
1.2,5945.22671225188,1.5907599365234106
1.2,5750.602827878519,1.5905450262179233
1.2,5630.259475049156,1.62964821787722
1.2,5463.607191459393,1.6526714470563997
1.2,5426.502976845147,1.5706204349027693
1.2,5910.449123468813,1.5818733823425275
1.2,5788.291270126633,1.622197936853911
1.2,5617.79883189514,1.649902949301978
1.2,5576.84795493793,1.5613291302004042
1.2,5946.298014747651,1.6160960775236366
1.2,5771.632047748547,1.6458757833143631
1.2,5728.801508445081,1.5538277455981773
1.2,5926.513487037676,1.637999170227486
1.2,5880.997630061627,1.5481575027115675
1.2,4053.831264188052,1.689622117900032
1.2,4053.831264188052,1.6913449088924637
1.2,4254.227270992419,1.6849830983667056
1.2,4254.227270992419,1.6814979284667222
1.2,4130.760330540966,1.7681140574416154
1.2,4454.109738807571,1.6767024235991164
1.2,4454.109738807571,1.6735500005136217
1.2,4323.937395251612,1.7582756381599696
1.2,4103.449856011293,1.6776226269626822
1.2,4653.929932698017,1.6690308332747923
1.2,4653.929932698017,1.6673479577532904
1.2,4515.484169208169,1.749961177094129
1.2,4288.4532484200645,1.6662204095210809
1.2,4177.064211155817,1.7543561519825837
1.2,4142.168027177431,1.663764127599208
1.2,4058.762291427071,1.7163214379955034
1.2,4853.235608875588,1.6615581183929309
1.2,4853.235608875588,1.659581258510125
1.2,4709.408194355614,1.738921932412271
1.2,4474.861945075957,1.6555870521060878
1.2,4359.957454449072,1.7469465777359383
1.2,4321.589765415763,1.6560412385608392
1.2,4236.052042625739,1.709303621585753
1.2,4169.934919220981,1.627162132056838
1.2,4165.584178100901,1.709119952834833
1.2,4135.572391683055,1.7010695377761054
1.2,5051.909562721499,1.6550635803643603
1.2,5051.909562721499,1.6501304210241756
1.2,4904.241455301976,1.731331582545046
1.2,4659.123478957672,1.6461981632061036
1.2,4542.960764206659,1.7373586610141258
1.2,4502.05414033457,1.650901115391666
1.2,4412.744918924864,1.7034879946566843
1.2,4344.1075020803855,1.6204385459758983
1.2,4339.527913657488,1.7042682823375916
1.2,4308.593525366419,1.6908401742350347
1.2,5250.667937666219,1.646689836639236
1.2,5250.667937666219,1.6448678317556449
1.2,5096.342086004853,1.7236724591429804
1.2,4843.559239959455,1.6390057512678309
1.2,4723.937552106925,1.7289518226211174
1.2,4681.2934295082405,1.6434430708687566
1.2,4590.1541514115615,1.6976316830809972
1.2,4516.861404183021,1.6148118209648636
1.2,4511.636687358603,1.6993499302518298
1.2,4480.575484695351,1.6790814955440256
1.2,5448.835078799727,1.6399097470663668
1.2,5448.835078799727,1.6384108756146267
1.2,5288.759437683421,1.7140545330162351
1.2,5029.55931237188,1.6316672706453474
1.2,4906.82440061516,1.7212488409036926
1.2,4861.3316219023945,1.6357880408207333
1.2,4767.242860196412,1.6923405300842462
1.2,4689.627383419158,1.6072538871733175
1.2,4684.9866525169045,1.6934811841276356
1.2,4651.871545946982,1.6718220140399005
1.2,5647.215436863996,1.630730519743708
1.2,5647.215436863996,1.6362239561967598
1.2,5479.63066078036,1.70738947874325
1.2,5213.006235065735,1.6238666680843472
1.2,5086.350444824167,1.7146946340419211
1.2,5040.540113839706,1.6304690613272312
1.2,4943.7921217673065,1.6857997396106934
1.2,4862.76030516272,1.6008271984573068
1.2,4858.818135471521,1.6861552771465191
1.2,4824.953454189247,1.6645002918132965
1.2,5845.305692770847,1.6228954213922897
1.2,5845.305692770847,1.627776926792275
1.2,5673.978979599092,1.7007722261298135
1.2,5397.208124407665,1.617334341299806
1.2,5267.086076328931,1.707714955237449
1.2,5219.668120842455,1.623001654271955
1.2,5119.342727476764,1.6793213389005863
1.2,5035.6964545722285,1.5951199006976104
1.2,5032.292156380003,1.6790799614303005
1.2,4998.412971062258,1.6568307672987643
1.2,5867.792389452442,1.6908040710788206
1.2,5580.467154339072,1.6108603737141505
1.2,5446.138194141716,1.6997205539074558
1.2,5398.012236619148,1.6183714443318564
1.2,5294.977598786209,1.6721996859381976
1.2,5208.637020514059,1.587898329611332
1.2,5205.308576069739,1.6734617034407335
1.2,5171.273697253604,1.64863085789473
1.2,5763.393131573132,1.604981597313178
1.2,5625.722437979414,1.6930647609779037
1.2,5576.330365180289,1.6118089507100095
1.2,5469.463417205657,1.6654038985185182
1.2,5382.150821143736,1.5812467417505378
1.2,5378.979197792923,1.6658530520474122
1.2,5343.613889933514,1.6407959623810318
1.2,5947.005531057353,1.5979745414365911
1.2,5805.936228324914,1.6851818826440037
1.2,5755.8342400388665,1.6048098212712631
1.2,5646.759604378668,1.65866738374804
1.2,5554.821119713717,1.5746334769220436
1.2,5552.848680637708,1.6590057147010293
1.2,5516.8144988803015,1.6322579814466316
1.2,5986.375246912396,1.678945448484003
1.2,5934.173702615503,1.5963400056920567
1.2,5823.732733352668,1.65191280068648
1.2,5728.122884901202,1.568539790271161
1.2,5726.95632685628,1.651128180214663
1.2,5689.955162337317,1.6226342542680072
1.2,5900.259008777855,1.5611861684242048
1.2,5901.399456100074,1.6443014087060472
1.2,5862.530040288111,1.6124337877679813
1.2,4059.5510754586894,1.7268867344294232
1.2,4059.5510754586894,1.7203822336970755
1.2,4250.174982587504,1.7183828462605586
1.2,4250.174982587504,1.7123076011566096
1.2,4127.030968762363,1.8014236427192918
1.2,4440.735399476085,1.710470670929134
1.2,4440.735399476085,1.7060439942036292
1.2,4309.708276689413,1.793002031295447
1.2,4094.092601700746,1.7087322287935611
1.2,4630.808632442523,1.702826287603788
1.2,4630.808632442523,1.6981497237465866
1.2,4494.653218425006,1.7817539207761268
1.2,4271.871049626558,1.6978271306989792
1.2,4163.226049131174,1.7898582149608622
1.2,4127.612912174703,1.696757230052329
1.2,4046.947837218089,1.7527508230552304
1.2,4820.280833582588,1.696215746293758
1.2,4820.280833582588,1.6884537061182887
1.2,4680.467708655007,1.7740907373768426
1.2,4447.601828689517,1.6882217539733293
1.2,4337.759132407095,1.7800901616719274
1.2,4299.721584322702,1.6915728000676684
1.2,4215.45996115695,1.746885083314664
1.2,4150.966484006435,1.6605984429466023
1.2,4147.800917902927,1.745246800186612
1.2,4119.280542624252,1.7398114487575846
1.2,5009.833660165176,1.6876136828566437
1.2,5009.833660165176,1.6831131152448189
1.2,4863.673943995235,1.7662946099105274
1.2,4623.498678719585,1.680885983981443
1.2,4510.357671462235,1.771575638674428
1.2,4470.6598535737685,1.683948597250421
1.2,4384.654397557848,1.7409587414331935
1.2,4315.7198014094265,1.6549710678955818
1.2,4311.801860915943,1.7402775313151349
1.2,4283.549929541034,1.7276219012173917
1.2,5198.822328207715,1.6806657305361692
1.2,5198.822328207715,1.6765686891116771
1.2,5047.183346882319,1.756492525883952
1.2,4800.8881351183245,1.6733717471647194
1.2,4684.776951625623,1.763748617769168
1.2,4642.3594126329945,1.6761274232805967
1.2,4553.542164576854,1.7356388049214708
1.2,4480.482240554064,1.6472936280866546
1.2,4477.110855434185,1.7344526352189882
1.2,4446.775445943955,1.7200895455133365
1.2,5388.01207139471,1.6712210233036064
1.2,5388.01207139471,1.674378736217905
1.2,5229.215334505389,1.7496953460674698
1.2,4975.841228409411,1.6654381913675755
1.2,4855.990655676154,1.757099043512467
1.2,4813.267769270601,1.6707221482204504
1.2,4721.913810764171,1.7290318998361407
1.2,4645.596085618244,1.6408019094682185
1.2,4642.891994655217,1.727062693816387
1.2,4611.704762793691,1.712512708089605
1.2,5576.925223904528,1.6632266588242888
1.2,5576.925223904528,1.6657128208873562
1.2,5414.565331589461,1.7429546490184311
1.2,5151.514050473584,1.6587731017887823
1.2,5028.357509250956,1.7499866407127336
1.2,4984.099519496312,1.663127201095421
1.2,4889.332874088416,1.722476893025341
1.2,4810.522433600983,1.6350584463680184
1.2,4808.331124988625,1.7199357782280824
1.2,4776.994015982498,1.704659703511663
1.2,5765.2760419053975,1.6576233321337992
1.2,5765.2760419053975,1.656569958699577
1.2,5599.40333355625,1.732756119011503
1.2,5326.286030650292,1.6521835102330278
1.2,5199.117688537079,1.7418488865358863
1.2,5154.181729916859,1.6584365391422242
1.2,5056.831834830677,1.7152445441596285
1.2,4975.453753670093,1.6277508734350474
1.2,4973.33405364257,1.7142889349155084
1.2,4941.842169574865,1.696351648111961
1.2,5955.219007802269,1.6469041294441862
1.2,5955.219007802269,1.6467871381499617
1.2,5783.693254607879,1.7251094967923613
1.2,5500.740156750501,1.646189959465641
1.2,5370.384616374136,1.7350548806466206
1.2,5324.2394979608825,1.6517965394779328
1.2,5223.233511499831,1.7083436697608272
1.2,5140.931384966831,1.620994109109764
1.2,5138.961350098211,1.7066144432130816
1.2,5106.1989243574935,1.688428258245838
1.2,5968.848386436657,1.7149405874870962
1.2,5675.84925609771,1.6390473672147792
1.2,5542.252219441802,1.7270349143422807
1.2,5495.427935166456,1.6446256702893691
1.2,5392.317476741528,1.701521971581251
1.2,5305.60163399577,1.6142871897766338
1.2,5304.775701718778,1.69969114839809
1.2,5271.3737710561145,1.6797521385938703
1.2,5850.022081705499,1.6305149663215857
1.2,5714.333292273023,1.7207159421615852
1.2,5665.504240502676,1.6359646412350768
1.2,5561.092531832773,1.6946672884669831
1.2,5470.873710788078,1.6081025178380417
1.2,5470.815089803709,1.691727271370479
1.2,5436.489865731141,1.6699461370896975
1.2,5887.340513674523,1.7128859428741088
1.2,5837.2554748642615,1.6284546772632336
1.2,5729.806154842297,1.6875003290306307
1.2,5635.032533931484,1.600601939594867
1.2,5637.176051756292,1.6848269657375128
1.2,5601.065648292844,1.6595137806565792
1.2,5899.893115499401,1.680878689039745
1.2,5799.50874257869,1.5922438392513316
1.2,5804.307774464779,1.6782371903211244
1.2,5767.876328872376,1.6498619103686416
1.2,5964.527946357998,1.585285141422624
1.2,5970.075423323485,1.6698573925051574
1.2,5931.800240495412,1.644194779466582
