K,Rem,cdrag
1.2,5994.113792232537,1.6244604601607164
1.2,5986.772393332333,1.6256239949533176
1.2,5979.115835085968,1.6268424671104986
1.2,5971.163171889384,1.6281081021855714
1.2,5962.915493141953,1.629426470864345
1.2,5954.3739265588365,1.6307950380949356
1.2,5945.48602456475,1.6322223225268613
1.2,5936.32459909558,1.6337003419342908
1.2,5997.294487721541,1.6982676341291816
1.2,5926.890820300728,1.635229471989134
1.2,5987.042021583453,1.6999763753705683
1.2,5917.150302580867,1.6368099929679023
1.2,5976.481819890677,1.7017425616825046
1.2,5998.626581914135,1.6021911702591325
1.2,5907.122209920708,1.6384449022508685
1.2,5965.597444691003,1.7035693537029035
1.2,5989.813798401836,1.603603725860257
1.2,5896.772418724435,1.6401345174803958
1.2,5954.390535261302,1.7054571258277624
1.2,5980.7429365093285,1.6050609389568375
1.2,5886.155620325715,1.6418764496822156
1.2,5942.982039550477,1.7074034363936583
1.2,5971.433040157936,1.6065603925603251
1.2,5990.4904081214245,1.672987266483718
1.2,5875.280870323938,1.6436737462065698
1.2,5931.450125601301,1.7094115040446098
1.2,5961.831341193735,1.6081127030569815
1.2,5979.9016560763375,1.674757882147176
1.2,5864.328413171488,1.645532113727425
1.2,5919.572812836336,1.7114909136106111
1.2,5952.028675053449,1.6097026897914202
1.2,5969.272227679131,1.6765739447109074
1.2,5853.136057374752,1.6474384841574683
1.2,5907.438675769488,1.7136209282385826
1.2,5941.972325465451,1.6113407394150918
1.2,5958.45788236853,1.6784444745420686
1.2,5841.653595487935,1.6494011933406152
1.2,5894.997205562586,1.7158174748854829
1.2,5995.945483756665,1.6953121683012815
1.2,5931.8980334762255,1.613022298716586
1.2,5947.398731369652,1.6803666511832298
1.2,5829.89967827992,1.6514208433348778
1.2,5882.25014685439,1.7180711583709007
1.2,5987.222536589959,1.696802172435919
1.2,5921.602816676697,1.614755163820654
1.2,5936.043717623704,1.6823439917784293
1.2,5817.858691537519,1.6534948651478156
1.2,5869.21652859439,1.7203923082112853
1.2,5978.2772059024,1.6983338408204194
1.2,5911.080238063448,1.6165291606766783
1.2,5924.463951382084,1.6843710661812985
1.2,5805.566347247679,1.6556265224653914
1.2,5855.880856175932,1.7227779150609406
1.2,5969.146336839561,1.6999017578356732
1.2,5900.331387870237,1.6183526334557368
1.2,5912.608517171175,1.686453843183385
1.2,5792.99003461876,1.6578134707991563
1.2,5842.26216173387,1.7252227061600514
1.2,5959.968777053055,1.7015117659004455
1.2,5889.340081968277,1.620223205144157
1.2,5900.496238207348,1.68858989592634
1.2,5780.148406165425,1.6600589065763809
1.2,5828.345086735987,1.7277358435535772
1.2,5950.63791999259,1.7031693883222192
1.2,5878.07300459184,1.6221463462232828
1.2,5888.093924255206,1.6907882821607136
1.2,5766.992176944694,1.6623687484806664
1.2,5814.097341131636,1.7303214407281078
1.2,5941.145403534506,1.7048586267590264
1.2,5866.617758262569,1.6241147947937515
1.2,5875.455037106783,1.6930377435671595
1.2,5753.5909736957465,1.6647325478815007
1.2,5799.589383255813,1.7329671531020072
1.2,5931.457101844833,1.7065878133549697
1.2,5854.9409277502,1.626125885749885
1.2,5862.598196807623,1.6953416978130549
1.2,5739.929455591886,1.6671562359549332
1.2,5784.788919889883,1.7356770661818182
1.2,5921.556488039261,1.708359660563101
1.2,5843.0093529079695,1.6281905707721624
1.2,5849.455872414808,1.6977007543574494
1.2,5726.009301153668,1.669634577756988
1.2,5769.731965604899,1.7384553209280078
1.2,5911.461876889979,1.710177649371699
1.2,5830.8415790769095,1.6303012985186585
1.2,5836.081310736654,1.7001151543572748
1.2,5711.832215293761,1.6721765980436851
1.2,5754.36947911425,1.74130187324023
0.3,5711.71413940648,2.474175646192543
0.3,5190.808435789515,2.5278214867442315
0.3,4702.621815127237,2.5881288174997303
0.3,4355.506730224044,2.4617765850499747
0.3,4081.076204527327,2.3385624955399567
0.3,4023.496944886285,2.547428307180607
0.324,5758.118472804559,2.6488540011435524
0.324,5015.4654257791735,2.64592530570866
0.324,4793.006984130523,2.75672683460288
0.324,4402.888502519948,2.8017948297805924
0.324,4055.4130408701735,2.986901230944046
0.349,5740.65093503238,2.401320799733301
0.349,5336.172592442504,2.568962799491598
0.349,4907.289686471895,2.5270911070401905
0.349,4529.730012081113,2.522347994171442
0.349,4304.523029095562,2.571450780801072
0.349,4118.9108010506,2.701827325868436
0.349,4067.018749358195,2.327614422569563
0.373,5964.068581699278,2.475769936242425
0.373,5457.323716304762,2.36375946672734
0.373,5048.754238036835,2.438140537621952
0.373,4798.858495502988,2.3924686481612887
0.373,4611.157483948095,2.375829667264698
0.373,4439.344466548964,2.223089172133333
0.373,4277.0824843987375,2.483500133645721
0.373,4272.960060754978,2.314434832324125
0.373,4126.790491336913,2.478394856893959
0.373,4072.57193173774,2.240036116103471
0.398,5979.090529821636,2.189853586739499
0.398,5595.627649224832,2.1090205468720287
0.398,5235.1195745292,2.3883166178614355
0.398,5171.090063775481,2.376381346556191
0.398,4812.388238942454,2.333262957639562
0.398,4555.352781212389,2.135864161924026
0.398,4434.212043374197,2.439596637396643
0.398,4436.917461904951,2.3344270909391285
0.398,4182.6055140115495,2.2852131600550405
0.398,4217.603408357556,2.370806851965098
0.398,4144.243425201273,1.8698410886298649
0.422,5910.904409791702,2.150157125284696
0.422,5547.445732489956,2.1785272484293268
0.422,5037.450785830042,2.189981254975268
0.422,4814.560036033843,2.12275126792059
0.422,4626.175655075959,2.2078338756834137
0.422,4533.345216436857,2.1174188141781527
0.422,4460.451290532704,2.2654048203720625
0.422,4499.686727288969,2.25347543250661
0.422,4328.242390456005,2.173927119939751
0.422,4220.571984064081,2.035028563319389
0.447,5986.629574796431,2.2071229507178147
0.447,5583.11554809678,2.3127140391228065
0.447,5266.939578341866,2.2101466370070595
0.447,4769.120631542739,2.228347061361964
0.447,4987.8572442689,2.4569163635957154
0.447,4636.2676240993205,2.2338791415669603
0.447,4392.105466913972,2.274844110873503
0.447,4539.526508372921,2.264432763720405
0.447,4486.510779596437,2.397662618202574
0.447,4440.283362617745,2.105917222185633
0.471,5916.083963682966,2.2329560874791734
0.471,5537.316130915178,2.5348759414518254
0.471,5061.558882583037,2.3427244369101743
0.471,4833.144349598089,2.232392521858574
0.471,4799.4473034281145,2.3402924147733533
0.471,4626.141176739246,2.345610739730129
0.471,4443.851184994383,2.2563937630592728
0.471,4643.640762866754,2.4537996934712223
0.471,4466.666654523867,2.2111134277544373
0.471,4212.819003490496,2.090507530006358
0.496,5821.903549867863,2.2610281391004423
0.496,5517.979189578598,2.3243012499322644
0.496,5236.919691915035,2.398912709763059
0.496,4928.027911623866,2.2197767649519875
0.496,4846.023479020465,2.1907248551619967
0.496,4653.362555670387,2.288319632791932
0.496,4655.892295348298,2.393024932867243
0.496,4593.053799251998,2.3244010022740094
0.496,4467.0597321899895,2.141233510572563
0.496,4375.538867320715,1.7755385207473815
0.52,5845.543389491468,2.3987027385437427
0.52,5396.998123446845,2.37205540333064
0.52,4944.131651370569,2.2816693021700067
0.52,4936.468089871699,2.3991490544173333
0.52,4787.855196728193,2.3271705011212407
0.52,4754.005620122784,2.4144111989091432
0.52,4741.501772006557,2.401517779869052
0.52,4453.174426460692,2.292900214965185
0.52,4506.585386758195,2.547959249675955
0.52,4475.032769885225,2.004100277280692
0.545,5376.953217247018,2.271495513595472
0.545,5456.710003965077,2.35692064184698
0.545,4953.49510115767,2.2617774413878258
0.545,4857.607328539085,2.5130556828414536
0.545,4732.686269334367,2.362272117322972
0.545,4681.139170540586,2.1723492938071174
0.545,4670.160643144091,2.2668684572324045
0.545,4768.852106307686,2.353030031216716
0.545,4609.71875650593,2.1028995584890264
0.569,5664.629244665744,2.2948732620434056
0.569,5229.266022121706,2.151485445226067
0.569,5169.85212827725,2.184734456698844
0.569,5003.24128591095,2.188302079559809
0.569,4964.77011671195,2.1058887871769016
0.569,4854.023446580091,2.2295842984376977
0.569,4736.536947345319,2.213051572149306
0.569,4694.114215154774,2.064730485378872
0.569,4745.479473576681,2.162105764831394
0.594,5913.035771143362,2.1476573601713533
0.594,5693.819591180037,2.3402420330535536
0.594,5342.555181902489,2.1375554284070875
0.594,5065.16292841267,2.195017272615741
0.594,5049.694332464024,2.1632007738686974
0.594,4951.677355771664,2.349031526487264
0.594,4841.647023763832,2.153837696245616
0.594,4788.647117715374,2.177483255161836
0.594,4827.81120984984,2.107920022223197
0.618,5764.506061461543,2.0694409278513763
0.618,5662.467592957181,1.9787233377737437
0.618,5549.499596855302,2.081004243786612
0.618,5375.780246228578,2.079625317446524
0.618,5248.05821568135,2.0834268247499814
0.618,5167.202830972716,2.130866233759798
0.618,4992.017755917252,2.0267313515880216
0.618,4953.00704320502,2.050780789295854
0.618,5138.68949934232,2.0573193574833537
0.643,5985.326984009843,1.970655374477654
0.643,5621.4074602758365,2.08023486863834
0.643,5561.715034714956,2.031204231109775
0.643,5418.699261741285,2.0406266526938484
0.643,5364.222636753586,2.002820556521372
0.643,5203.888082601739,2.2051028561929167
0.643,5210.873363771191,2.0491660279715367
0.643,5169.155363140748,2.040781100490671
0.643,5102.563510812576,2.091844049984666
0.667,5852.162936834526,1.9789973246108907
0.667,5720.542733169454,2.041466293391054
0.667,5407.773449932844,1.9794947224810011
0.667,5450.120185474226,2.073410393880066
0.667,5367.619367204663,2.05161189330799
0.667,5113.674169236196,2.0225520765670653
0.667,5193.142153365055,2.201648620516626
0.667,5129.1865546601775,2.1334204693613903
0.692,5860.2320698339845,1.964613917956635
0.692,5658.178740228259,1.9539667760923856
0.692,5521.418439019899,1.998764482543422
0.692,5571.106168557879,1.936646778144067
0.692,5380.492756118021,1.9696258198802812
0.692,5387.628878498844,2.019033926757795
0.692,5360.303986434876,2.017848302765967
0.692,5216.453112178921,1.9552238445272137
0.716,5918.967554509069,1.8662830472431915
0.716,5687.257377923199,1.910384560890023
0.716,5695.300437915133,1.9626604492197857
0.716,5636.832437652433,2.082182506870216
0.716,5365.123671873128,1.9538913379639096
0.716,5395.443926939618,2.074013169483275
0.716,5322.355507845706,1.997809550504792
0.741,5676.600794231345,1.7358391288936492
0.741,5830.178068211631,1.8386773722034264
0.741,5840.317895400116,1.7469972514947647
0.741,5787.249556407343,1.9343344762845096
0.741,5566.597126046585,1.907302677585549
0.741,5544.2494037836805,1.9265606876039627
0.741,5428.8102358534825,1.9545120966685368
0.765,5852.113579878837,1.8995122086905287
0.765,5767.814384708097,1.803200084444192
0.765,5796.175750459329,1.966374000953023
0.765,5779.6550428010205,1.8464816084628464
0.765,5650.31481932418,2.0340097424910337
0.765,5469.111898542743,1.931444333902136
0.765,5476.583170882036,1.9156678851086264
0.765,5504.326583937053,1.7431738816713078
0.79,5842.966728757291,1.874682660102141
0.79,5793.941247745622,1.9037738874630128
0.79,5707.014701615824,1.790168550050773
0.79,5711.125647201958,1.9409743441259049
0.79,5603.646542715612,1.935648367094681
0.79,5437.850131951736,2.013643284530511
0.79,5399.213536731541,1.7556963002525294
0.814,5940.879974662925,1.9819339285831457
0.814,5777.164198742743,1.899038566359854
0.814,5619.797076226724,1.9185012360987364
0.814,5638.9460003076965,1.7464353213834984
0.814,5524.6878410760255,1.8985999561768008
0.814,5743.210266368185,1.895412207674443
0.839,5958.925882776919,1.9027494147754669
0.839,5856.154985449689,1.9112003773283868
0.839,5785.001750233403,1.7257796595585082
0.839,5806.840882743615,1.9891292511518803
0.839,5710.464306242293,1.7790443855244398
0.839,5579.387256608858,1.8368116089345068
0.839,5628.92393169565,1.8491887419480093
0.863,5998.813994883236,1.7373193883911608
0.863,5958.488821837165,1.879727603003131
0.863,5950.953666485091,1.7844053108077529
0.863,5861.235364179166,1.6845499427446569
0.863,5767.845326065164,1.7287497996696843
0.863,5801.640787347846,1.836844250157917
0.863,5724.8080888228615,1.7453486588332
0.888,5803.298681728476,1.7099437809112472
0.888,5902.949035259629,1.826066963119612
0.888,5919.676545760565,1.688244283085448
0.888,5878.872412924623,1.7455169181519965
0.888,5799.920357775939,1.7397544917424113
0.912,5937.170598325764,1.6870214411064797
0.912,5913.689631872476,1.7019606630280453
0.912,5945.587132089148,1.609543477218212
0.912,5954.202147548725,1.8598259409962443
0.912,5787.07706350336,1.7305308604481946
0.937,5885.477396814753,1.7321744078609516
0.937,5861.893987692239,1.6059318419209487
0.937,5827.01913240782,1.8265374927196287
0.937,5730.681245099332,1.818675980477894
0.961,5995.408367742632,1.7177188995901735
0.961,5944.481043235496,1.7558476526679865
0.961,5905.98109071571,1.7541450419542808
0.961,5764.120333149987,1.7646684273015802
0.961,5666.850942324966,1.825440937093843
1.01,5997.896907473703,1.6690437152046709
1.01,5963.976231460393,1.714442960959901
1.01,5840.070390319833,1.7977677277634088
1.01,5748.811388885384,1.6584185025537737
1.035,5940.57652815762,1.7111956247781426
1.035,5867.011414690915,1.6472833804847953
1.059,5974.611650229642,1.6160848358589746
1.059,5910.8209325018015,1.6385301213890875
1.059,5830.827139640598,1.7083142277650916
1.084,5889.096888126609,1.6326389347753754
1.108,5936.5434611615565,1.6677509697802662
1.108,5980.317831590102,1.6206747950583342
1.108,5875.0485511148645,1.6684131881505864
1.133,5973.505884939281,1.6312145441444372
1.133,5936.575205324566,1.7257760330554972
1.133,5843.285373025691,1.6228593553695796
1.133,5829.787881957045,1.6926439004081195
1.157,5810.111906555061,1.6744995770527489
1.157,5844.0874908024025,1.675565485413311
1.182,5971.853525739682,1.6694638349800843
1.182,5963.05119419337,1.6932439427001196
1.182,5866.252643888156,1.5823027676108494
1.182,5865.729740593079,1.7402769953025663
1.206,5968.151911013427,1.6576683847784532
1.206,5948.062725146079,1.6148160737624104
1.206,5866.105649975524,1.6343763689638406
1.206,5876.827184309841,1.6619621299899972
1.206,5859.937287733068,1.6575624813638412
1.231,5995.707816030354,1.680538576201879
1.231,5911.219306786908,1.614312280995769
1.231,5894.612546928588,1.649548471033931
1.231,5815.75504101279,1.6609575825622642
1.255,5946.391754102671,1.6330631316826434
1.255,5878.806136609543,1.6763940911838384
1.255,5937.651804341262,1.647819698097584
1.255,5822.23395425087,1.6415681663699824
1.255,5869.708934219726,1.623968232325344
1.255,5891.593424754099,1.6950023939005183
1.28,5958.547816488377,1.6341458996365752
1.28,5912.962918674311,1.605503742854108
1.28,5920.232883443001,1.6361222485047573
1.28,5859.363657960896,1.6315178027138275
1.28,5858.685124490955,1.691485756328838
1.304,5946.84156357536,1.6556032114333694
1.304,5938.086234557904,1.7294080043227464
1.304,5849.732790176449,1.631980374583479
1.304,5756.306723230327,1.7314557771833834
1.304,5805.417341885343,1.6258860728672837
1.329,5916.079972027868,1.589632035116724
1.329,5956.605082612667,1.6546823898656031
1.329,5838.666005109752,1.6306571234339655
1.329,5826.609946574096,1.621653217821218
1.329,5847.7000052353205,1.6491365695832465
1.353,5868.328737472558,1.5878152597252242
1.353,5892.1774515673405,1.5877542270786813
1.353,5898.263433074356,1.5959779257640816
1.353,5929.83329952021,1.63423370246345
1.353,5910.3060777898645,1.5238655725088417
1.353,5861.077685929542,1.657221476681895
1.378,5994.221676489862,1.6351971620651369
1.378,5983.419510412163,1.5912215578512656
1.378,5971.195863983036,1.6460427523921195
1.378,5816.63385117641,1.6273848243099884
1.378,5834.59336736526,1.6242815891047748
1.378,5811.002248459128,1.534134289279257
1.378,5829.749190138379,1.6006370859257286
1.402,5956.272322664282,1.5975082787242685
1.402,5991.355749808945,1.5426739041981274
1.402,5841.95784465174,1.5989487159824782
1.402,5882.455077238629,1.5498697023712389
1.402,5880.801706890327,1.561836246140777
1.402,5925.520361740421,1.5208022251561208
1.427,5997.679720291003,1.5322325821293812
1.427,5934.65419744873,1.5612025490591404
1.427,5880.624355433853,1.5797892263670985
1.427,5928.539327274985,1.5509855454512067
1.427,5855.158268043828,1.567469272774055
1.427,5852.306812844488,1.5532467234708656
1.451,5985.128141094459,1.5735494262056118
1.451,5921.678167968459,1.6080875814112816
1.451,5870.820206640176,1.5987068357028602
1.451,5814.548762628455,1.495084930333745
1.451,5816.598401122533,1.6163833279600015
1.451,5864.665399316018,1.544286107075194
1.476,5983.357691691182,1.553954742672142
1.476,5889.125536649887,1.6219159832355252
1.476,5836.969628708755,1.5653709690125257
1.476,5845.735839227073,1.5990777779411236
1.476,5849.690165165917,1.573141227857478
1.476,5780.111064322632,1.4994648441639846
1.5,5975.211631210371,1.5315576395692434
1.5,5990.36140701337,1.5692792659215695
1.5,5888.038040527873,1.5137732697028266
1.5,5898.910590506423,1.5221038079922573
1.5,5869.902180318508,1.558523113685719
1.5,5776.706410966266,1.546922659391409
1.2,5951.963499632989,1.6212959273996526
1.2,5557.791482989021,1.5735658217826898
1.2,5479.892675168539,1.6561648277851524
1.2,5259.76796031877,1.640938159104428
1.2,5186.403766238139,1.6304408978263656
1.2,5061.423284818612,1.672638320289565
1.2,5012.49690008829,1.741744428100741
1.2,4800.197945100051,1.655005821027241
1.2,4785.3498486199815,1.6912727021232683
1.2,4723.559338178659,1.6830895811047588
1.2,4680.118208856136,1.6968085430026996
1.2,5911.011189780765,1.593528734267075
1.2,5648.032411568173,1.5973271329116787
1.2,5441.622386655891,1.7192450916252016
1.2,5238.29418915406,1.6030683158094852
1.2,5167.9696617479885,1.6171536417632566
1.2,5064.5296193820905,1.6841741859616155
1.2,5040.2835041760845,1.6983967572259415
1.2,4820.494118175517,1.656784467060057
1.2,4819.350284955953,1.6158392756533515
1.2,4792.0425458948885,1.7372432960238202
1.2,4782.467747518095,1.6550772622067569
1.2,5910.674095195029,1.6261768492023374
1.2,5784.916889995349,1.558021768277768
1.2,5499.217624640504,1.6487155253543362
1.2,5363.416682858981,1.6916360046586911
1.2,5143.127233778276,1.6754172832404584
1.2,5096.846835355478,1.608605726315293
1.2,5083.828208542749,1.7300929306281032
1.2,4920.887702333382,1.6435052668789047
1.2,4837.738519152493,1.7052955895755737
1.2,4783.717065445649,1.691975952214383
1.2,4724.766016629462,1.6666713260611148
1.2,5939.537738215608,1.609371526796123
1.2,5828.486190199682,1.5516628388308389
1.2,5532.694417193514,1.640245910760632
1.2,5363.232801484697,1.6297158290571905
1.2,5215.948126918172,1.591653812571377
1.2,5154.013347082803,1.6443833420317782
1.2,5079.5099448824585,1.7137917040018464
1.2,4929.120625099385,1.663044029696321
1.2,4898.142385829561,1.632083718396213
1.2,4892.476591845658,1.67569393853462
1.2,4784.4472929325575,1.7004107742542502
1.2,5811.565843085349,1.6070061745678936
1.2,5579.13361511808,1.657652755652163
1.2,5362.272692025408,1.6700424842812107
1.2,5218.030088104831,1.6290890166948642
1.2,5159.353534366791,1.632328478686015
1.2,5138.593079340931,1.6597466642542866
1.2,5034.262552905799,1.697683734743919
1.2,4988.546663282466,1.6048092293210037
1.2,4973.916299178997,1.6897037078801862
1.2,4893.985498326115,1.6882958625280358
1.2,5996.624740106286,1.6215422056084814
1.2,5861.469181930564,1.6145404885060275
1.2,5532.163612407011,1.6881822409863985
1.2,5320.226804024223,1.6980709427264349
1.2,5291.374990144875,1.5797345310043809
1.2,5196.05574586418,1.626999429776015
1.2,5163.156380230225,1.6987988437708772
1.2,5014.484813862904,1.631450741861877
1.2,4959.168159755126,1.723840984214645
1.2,4948.573128961293,1.7584608202580316
1.2,4781.093372098037,1.7279350796423516
1.2,5875.927645018818,1.5809126708988406
1.2,5667.213099756593,1.6428420761913372
1.2,5463.662659414595,1.634932321315317
1.2,5297.998665682033,1.6074310096738396
1.2,5187.577982222849,1.623234286963589
1.2,5188.440689785524,1.7486694160413585
1.2,5030.805497162515,1.617226491404582
1.2,5004.402409029672,1.6644079936360194
1.2,4998.2153381842445,1.6688217570718682
1.2,4910.007898075292,1.7041071202718114
1.2,5876.395476596163,1.604869419050608
1.2,5591.266246139861,1.6530450891408182
1.2,5482.933713231005,1.6448364635375228
1.2,5355.342136552048,1.611356462950056
1.2,5228.688290533179,1.668772159147635
1.2,5266.226349248094,1.656780208415087
1.2,5097.610857676626,1.626630282072497
1.2,5069.677148969937,1.6937234994817805
1.2,4968.007950434077,1.6392361682687224
1.2,4914.670366774024,1.6311091479553164
1.2,5895.099609528604,1.596687398503081
1.2,5619.65724709638,1.6433597683191332
1.2,5519.775170105048,1.607989688628692
1.2,5314.752204596537,1.6104942009193106
1.2,5276.88399033323,1.6715861944117711
1.2,5280.731186204945,1.6515392431240687
1.2,5157.811006313716,1.7270137940234254
1.2,5064.032602569414,1.6235718861505148
1.2,5042.441135932119,1.6800831888436147
1.2,4983.252462743418,1.652968872988559
1.2,5847.960277528181,1.5912595851885567
1.2,5720.976259761334,1.628599077197094
1.2,5570.97790496053,1.6176717471352695
1.2,5470.0009908541815,1.5861145941260928
1.2,5293.901268278391,1.6592969716621562
1.2,5280.2543381658525,1.640533962875985
1.2,5158.321408497466,1.6272498874719137
1.2,5141.260641969198,1.62917016436924
1.2,5174.670518446793,1.7221137293385609
1.2,5022.388308643677,1.6726606690374497
1.2,5891.583194565215,1.635029818743785
1.2,5751.056873082986,1.6108967650374335
1.2,5641.747702010388,1.6837006517674842
1.2,5435.120235482339,1.6284907937991684
1.2,5292.967408893505,1.6682960471393165
1.2,5320.068903598794,1.6340668153675186
1.2,5278.953544518908,1.628838876156104
1.2,5170.5329951414815,1.722511354742104
1.2,5098.328979639353,1.6914851313697414
1.2,5018.329172361103,1.6310226198889046
1.2,5986.838634414263,1.6011626785520303
1.2,5709.81540025433,1.5893029556425808
1.2,5681.9338896717845,1.6784276588543583
1.2,5443.451613684021,1.6796125526907362
1.2,5308.799469291753,1.6598374353396694
1.2,5284.54817282571,1.6098302343900603
1.2,5244.441758174823,1.6974102705443417
1.2,5246.561485715513,1.606400492305751
1.2,5249.614285857175,1.684771447939919
1.2,5109.885052942045,1.6488028794295362
1.2,5872.607655330364,1.6490613615866652
1.2,5727.094270547341,1.548245779814953
1.2,5689.955766366496,1.6160705274277256
1.2,5576.067040114771,1.6509665652031045
1.2,5365.776731184048,1.6203555619073542
1.2,5380.865592529292,1.7444077478681048
1.2,5388.566868501461,1.5879331809167676
1.2,5180.560687577235,1.6743526193807332
1.2,5260.086386284905,1.656538729934359
1.2,5136.304954325024,1.6665306982913155
1.2,5999.454039509016,1.6164929015148557
1.2,5844.9350690691535,1.6480441764816955
1.2,5612.737704621628,1.632015247111558
1.2,5523.064100505831,1.6048593062769985
1.2,5453.891197082367,1.6372471921777243
1.2,5423.182393381651,1.6599946568893298
1.2,5325.973489052311,1.6248409625669646
1.2,5232.430908323374,1.656144959995591
1.2,5325.316643438763,1.6715127487742063
1.2,5183.052545888145,1.643589175989242
1.2,5878.556845578335,1.60125863101228
1.2,5658.999548012011,1.6150191853345115
1.2,5645.947550980066,1.6302838904200707
1.2,5434.381597434801,1.6762101908274378
1.2,5466.770688503958,1.5985389758523338
1.2,5391.507392819544,1.615459958072384
1.2,5273.716971080459,1.6498258718217869
1.2,5270.296904273287,1.6595873230469496
1.2,5208.038924046466,1.6816853392434832
1.2,5856.185957318822,1.6960896568935102
1.2,5765.566003412129,1.5549095301704337
1.2,5666.348162492712,1.6515520768133432
1.2,5529.045963060064,1.632404680897542
1.2,5485.596641196641,1.6418034430184565
1.2,5434.448608974167,1.5958887782304816
1.2,5224.4832977015885,1.6756759072215557
1.2,5377.233596770056,1.6189068185589872
1.2,5245.184894710684,1.583069516330271
1.2,5863.6957295033535,1.593966657808359
1.2,5850.245748380576,1.6210914410764243
1.2,5650.555402830658,1.6131990193404375
1.2,5493.016855687951,1.61938434988215
1.2,5573.355647014378,1.667113262014328
1.2,5440.486663493769,1.643797030926335
1.2,5268.554638641557,1.6321456286092144
1.2,5327.92379716384,1.6501446871355243
1.2,5396.157840546111,1.5892045324862798
1.2,5820.992772992068,1.571248860400479
1.2,5897.270586551949,1.6112180118053423
1.2,5716.182049657502,1.5746114678340712
1.2,5616.662779580232,1.636586074455027
1.2,5642.500894638337,1.6124343540438644
1.2,5488.069008102863,1.7282075211627863
1.2,5328.98217408474,1.6533995630200091
1.2,5327.600127712284,1.6330171235928324
1.2,5301.694765305434,1.6089978089750652
1.2,5843.120717443306,1.645174477488231
1.2,5857.001098744785,1.5978688792083675
1.2,5664.837080179337,1.6537897195400986
1.2,5637.057517695124,1.6374371477530327
1.2,5493.705701122956,1.6667698896482848
1.2,5484.996140376622,1.6762193793876656
1.2,5349.23197845205,1.7241675288823253
1.2,5301.964436843824,1.6713325143222115
1.2,5301.681615768401,1.530021140139682
1.2,5830.50972774481,1.611203401211497
1.2,5837.1685420487565,1.6371814470965125
1.2,5704.805654563875,1.666720216029712
1.2,5574.405090177107,1.6304641961278925
1.2,5584.327446319449,1.6624516523356865
1.2,5527.62006869984,1.6369527980180492
1.2,5419.012658063432,1.6676859281367022
1.2,5453.255779596983,1.6634512964625905
1.2,5361.964384434763,1.5098594924287985
1.2,5913.3368689841545,1.5541472657898836
1.2,5895.434084489189,1.6464434126705323
1.2,5802.565902647025,1.618676631768731
1.2,5697.324230270666,1.647803117331143
1.2,5605.49650638851,1.6892146868263305
1.2,5502.50462668098,1.6213188559616605
1.2,5422.599636838097,1.6733227154178
1.2,5417.508095246027,1.6617533945089042
1.2,5393.864964109171,1.607980441530659
1.2,5885.412213449344,1.620349536478892
1.2,5798.094935897287,1.6050867961671689
1.2,5795.660021906216,1.6474722880416317
1.2,5630.071463212793,1.61315027556368
1.2,5647.21324237866,1.6457260550689925
1.2,5582.407885246712,1.642440337441363
1.2,5603.908770152614,1.6560711989425538
1.2,5442.625713031988,1.624769851603098
1.2,5442.171962321389,1.6548320594405637
1.2,5838.331984937889,1.5714217077222543
1.2,5734.947809227862,1.6726320833469417
1.2,5710.690810846175,1.6147573355419031
1.2,5634.513992182362,1.709017200746345
1.2,5559.680622174041,1.637201332517784
1.2,5478.663471273208,1.5948210061384271
1.2,5578.785301028447,1.676613630797254
1.2,5564.601586792633,1.644678728857963
1.2,5992.981647942595,1.576345397103562
1.2,5855.964176053263,1.7026695518362809
1.2,5772.017073694909,1.5973865818515645
1.2,5601.5300539119735,1.6607196314371644
1.2,5591.817795204553,1.633122742598961
1.2,5569.254901632232,1.655926048080925
1.2,5506.720261974161,1.5859474139553746
1.2,5445.525103029689,1.6669803167924584
1.2,5933.706413912327,1.5970368356979645
1.2,5857.914204773831,1.6627219291444608
1.2,5776.229949123775,1.614535935705819
1.2,5713.618605898438,1.709192200478043
1.2,5598.934132221372,1.629868767224494
1.2,5612.780007466188,1.6657910115243375
1.2,5549.00545905938,1.6341236203452776
1.2,5519.13020802823,1.5326866394707652
1.2,5957.033794671466,1.6598950736359324
1.2,5807.567983955468,1.5388682841724703
1.2,5783.640504725319,1.6203755697114024
1.2,5791.234493930008,1.6968016534607306
1.2,5683.006996835652,1.6105588706487386
1.2,5606.718070927074,1.6759537926106487
1.2,5636.394877817636,1.6787722350135768
1.2,5522.416566759152,1.5722784119403224
1.2,5863.081130812635,1.636686125878024
1.2,5867.419598711741,1.6287025099380663
1.2,5741.885182197531,1.6916317118807989
1.2,5728.385476046868,1.6293548733753311
1.2,5628.501176383341,1.6348280863158418
1.2,5706.736901618312,1.6645424774703177
1.2,5573.4505870636,1.5750719323926872
1.2,5854.612165665898,1.589528541654983
1.2,5811.584248429913,1.6638052512287531
1.2,5746.733608605975,1.7114009244735242
1.2,5651.178443974004,1.5875046440501317
1.2,5593.665046057757,1.6476092341673714
1.2,5717.206629379549,1.6514754648228227
1.2,5597.718207426516,1.5408333558500786
1.2,5931.5235731343855,1.6378021290616378
1.2,5797.059403431341,1.6739332136044491
1.2,5744.430606537349,1.6180887425624602
1.2,5716.595020009011,1.6980952978287716
1.2,5688.642620712694,1.5730569636624432
1.2,5636.5144998374335,1.6408378937248844
1.2,5975.430263454533,1.5535055660532706
1.2,5933.685911918697,1.650715702516355
1.2,5883.311358165386,1.6631186433745315
1.2,5802.27606180584,1.6737727131257625
1.2,5796.089945739787,1.584243693833794
1.2,5675.365644472327,1.6806545752067872
1.2,5630.878546510715,1.6178757085562
1.2,5974.441362712884,1.6286240767764388
1.2,5857.631142757553,1.6460355956562265
1.2,5821.995959550221,1.6425253896516945
1.2,5775.523866122045,1.6293757847503936
1.2,5747.582380369651,1.599233730093107
1.2,5641.935784495706,1.6864739747282786
1.2,5848.546864503751,1.6773845214442482
1.2,5883.437214319111,1.584868710291668
1.2,5816.417224929908,1.6414184163331047
1.2,5781.903860412248,1.647972832819378
1.2,5619.313252972679,1.5923644692442158
1.2,5950.5137492529775,1.5985567687264948
1.2,5900.691477375895,1.636142525833661
1.2,5974.846922917936,1.6412190061357268
1.2,5916.271128995216,1.6454645362318163
1.2,5762.585562442318,1.6170531769156151
1.2,5780.586230002931,1.600127576820642
1.2,5958.344641007781,1.6120235777536984
1.2,5922.398850519132,1.6368234564890924
1.2,5970.863033442321,1.6126225063204525
1.2,5846.342035420418,1.6662616416460043
1.2,5821.487606818584,1.6710041717833373
1.2,5654.921674660843,1.702539700308532
1.2,5979.583558967217,1.6467947165954837
1.2,5877.181383955917,1.7099774048347134
1.2,5739.207230664451,1.668664990505468
1.2,5733.439011360428,1.671921232535319
1.2,5844.835272663482,1.655256780061571
1.2,5872.318219547301,1.606177713606782
1.2,5892.745442828098,1.5633994210203563
1.2,5984.2711229148135,1.6642824019215163
1.2,5909.017792488181,1.666229795376715
1.2,5790.004601184549,1.6123119740395262
1.2,5886.935149600969,1.7185565304631472
1.2,5965.503558750316,1.6496028624533396
1.2,5979.41064073865,1.6286413058820688
1.2,5907.289894893995,1.6398443070011914
1.2,5933.665574060976,1.7088738019875205
1.2,5997.717828967298,1.6679877227077526
1.2,5925.668175289145,1.5687634360522749
1.2,5903.252931549178,1.7325915380180603
1.2,5963.15263199806,1.6646881556361206
1.2,5963.112405250689,1.622682783919595
1.2,5949.960873681185,1.6776222372289835
1.2,5923.531207884864,1.5699854073102322
1.2,5991.927721462178,1.6302920936260004
1.2,5994.369958032613,1.625855660792628
1.2,5983.360632829876,1.6274510894707808
1.2,5972.369692551348,1.629049725658516
1.2,5961.397091182839,1.6306515790383134
1.2,5950.407014408594,1.6322619099927376
1.2,5939.471012987694,1.6338702375537455
1.2,5994.55548755144,1.699674186730579
1.2,5928.553213203618,1.6354851084693185
1.2,5983.533690576053,1.7015930762000664
1.2,5917.653569652556,1.6371042032043646
1.2,5972.530201239679,1.7035101836263524
1.2,5906.772037081585,1.6387265727905298
1.2,5961.544973965608,1.7054311733347232
1.2,5996.353148822399,1.604917569378847
1.2,5895.908570388036,1.6403522271736553
1.2,5950.577963328284,1.7073560571299884
1.2,5985.328966256237,1.6064618130101254
1.2,5885.063124618882,1.641981176339898
1.2,5939.775012473567,1.7092848468648634
1.2,5974.323102476088,1.608009180487758
1.2,5989.045042806954,1.6743594670900606
1.2,5874.2668371792815,1.6436134303159355
1.2,5929.118762097698,1.7112175544402168
1.2,5963.299634606611,1.609564753443271
1.2,5977.99121683725,1.6761198559451436
1.2,5863.6947145325,1.6452543496106438
1.2,5918.444411075526,1.713160527140922
1.2,5952.330331176091,1.6111184074038143
1.2,5967.173505717728,1.6778780784212104
1.2,5853.173517871081,1.646893254331992
1.2,5907.821460092202,1.71510111919505
1.2,5998.100282927024,1.6955169594929678
1.2,5941.395881090765,1.612675213822913
1.2,5956.467784532351,1.679639873732795
1.2,5842.668744826105,1.648535494221585
1.2,5897.215073270051,1.717045665123075
1.2,5987.068768452805,1.697123002451673
1.2,5930.737880009342,1.6142351823051075
1.2,5945.778781019085,1.6814052527813643
1.2,5832.180356971595,1.6501810794703835
1.2,5886.625211896995,1.718994177021094
1.2,5976.055553050006,1.6987323006402304
1.2,5920.096529835721,1.6157983224939931
1.2,5935.106456049901,1.6831742265127816
1.2,5821.708316001358,1.6518300203109106
1.2,5876.051837381491,1.7209466670345963
1.2,5965.103562877718,1.7003448639655383
1.2,5909.471791579998,1.6173646440724192
1.2,5924.4507706187815,1.6849468059175308
1.2,5811.252583728517,1.6534823270174646
1.2,5865.494911252066,1.7229031473587144
1.2,5954.402799185073,1.7019607023747385
1.2,5898.863626373902,1.6189341567626905
1.2,5913.811685841242,1.6867230020309454
1.2,5800.813122085034,1.6551380099063293
1.2,5854.954395156845,1.7248636302384794
1.2,5943.718751970383,1.703579825855418
1.2,5888.27199547032,1.6205068703267669
1.2,5903.189162953867,1.6885028259334374
1.2,5790.389893121267,1.6567970793359907
1.2,5844.4302508631,1.7268281279690731
1.2,5933.016548704089,1.7052075518700769
1.2,5877.662327977009,1.6220879499197889
1.2,5892.548530229083,1.6902921230381742
1.2,5779.948875597414,1.6584649841841108
1.2,5833.888127741049,1.7288030925995326
1.2,5922.365871455518,1.706833286437048
1.2,5867.103703638045,1.623667105217733
1.2,5881.959069122307,1.6920792478882718
1.2,5769.558051354783,1.6601308690931282
1.2,5823.396666018033,1.7307756703408923
1.2,5911.731793502152,1.708462336316107
1.2,5856.561497957293,1.6252494909476838
1.2,5871.386054211813,1.6938700340781938
1.2,5759.183346525982,1.6618001719081208
1.2,5812.921461984919,1.732752300162887
1.2,5901.1142760687,1.7100947116588312
1.2,5846.035672667995,1.626835117032393
1.2,5860.829447214138,1.6956644928711355
1.2,5748.82472363072,1.6634729031586966
1.2,5802.462477881309,1.734732994564065
1.2,5890.513280500553,1.7117304226582857
1.2,5994.871712108081,1.6258037504655556
1.2,5835.526189622216,1.6284239934352904
1.2,5850.289209964545,1.697462635576535
1.2,5738.482145304802,1.6651490734177612
1.2,5792.01967606365,1.7367177660944304
0.6,4054.844274217157,2.093287056759313
0.6,4054.844274217157,1.9626548158121424
0.6,4279.521324614761,2.0793983385963166
0.6,4279.521324614761,1.9555096386559367
0.6,4504.13483114689,2.0647490673180364
0.6,4504.13483114689,1.950289414392244
0.6,4730.688206620705,2.0467277514018507
0.6,4730.688206620705,1.9422809675609205
0.6,4070.441379070863,2.179658894738856
0.6,4955.5819904247055,2.0303942962838444
0.6,4955.5819904247055,1.9314336806815144
0.6,4259.094664217591,2.1731448108025435
0.6,5178.700943332022,2.015695967716149
0.6,5178.700943332022,1.9236945965291457
0.6,4446.167518570465,2.1660373007502765
0.6,5401.128968728322,2.001133504671331
0.6,5401.128968728322,1.914593343574823
0.6,4631.915832992507,2.1580910840902385
0.6,4129.048682169855,2.1480357059013384
0.6,5623.406990503967,1.9842279206619096
0.6,5623.406990503967,1.904769405553672
0.6,4817.1853631176455,2.150246953299276
0.6,4301.037829117815,2.1413748454243664
0.6,5845.033526324447,1.9687534397148885
0.6,5845.033526324447,1.89383566665805
0.6,5006.112049979526,2.139999196906268
0.6,4475.341906604343,2.1366285643946266
0.6,4069.553801769802,2.2033481152906247
0.6,5190.510195424723,2.132138447093156
0.6,4646.219733101056,2.130245086392742
0.6,4226.663714444379,2.196849249920856
0.6,4016.203232924509,2.2251221394713983
0.6,5377.439688486861,2.1233696894151413
0.6,4819.541415227902,2.123294297556
0.6,4383.820149972454,2.1904818416669776
0.6,4163.711647468136,2.218028746933457
0.6,5564.509293983837,2.1153084500994312
0.6,4995.564419006877,2.11485009228979
0.6,4540.0791313200925,2.183567771157536
0.6,4309.599741243392,2.211333392494629
0.6,5750.816004958573,2.1074579257731294
0.6,5166.75537070742,2.107259522374378
0.6,4700.34066291756,2.175436729768711
0.6,4458.649440325172,2.204186120623194
0.6,4133.176722793894,2.3481012567486594
0.6,5934.95894072008,2.0974449149584045
0.6,5341.249987570185,2.10004023476016
0.6,4856.323534015922,2.1687388032439445
0.6,4605.97357672925,2.197769536149294
0.6,4270.841479875265,2.3409215812688635
0.6,4068.827261052624,2.032549450932289
0.6,5513.823366368562,2.0927212933427337
0.6,5010.669278209351,2.165186910986218
0.6,4752.113195515355,2.192502549988435
0.6,4406.183560552002,2.3371654758594085
0.6,4202.810287795728,2.026732900431904
0.6,4018.889259740711,2.086102583247099
0.6,5691.834467578769,2.085286581075659
0.6,5167.638899310228,2.1595617933786437
0.6,4897.340824591765,2.1863401115694785
0.6,4546.894547594816,2.339801328216109
0.6,4334.878591616272,2.023373908305613
0.6,4095.180232738172,2.139532170716156
0.6,4142.84829167338,2.0806093269239865
0.6,4035.082316256012,2.165472327428174
0.6,4039.344223895964,2.062705477567559
0.6,5866.2676852412005,2.077524548166772
0.6,5323.222278443073,2.152590758754662
0.6,5047.02015731877,2.179837034597554
0.6,4685.813423620471,2.335071268112284
0.6,4466.249590719342,2.0213495884286363
0.6,4218.491933786674,2.134675009764817
0.6,4268.244245128984,2.0754140223827995
0.6,4156.59856651995,2.1617816048121754
0.6,4161.276901540497,2.056557407288613
0.6,4063.549128745071,2.2461941198972264
0.6,5477.442660956418,2.1497281677258626
0.6,5196.208796726708,2.1626245465989915
0.6,4816.513517430321,2.334119481311927
0.6,4583.692581402259,2.028656358439439
0.6,4358.5371911601,2.1321385348221216
0.6,4399.798858850999,2.0706754386295656
0.6,4280.184937838264,2.161039121484196
0.6,4282.873142497268,2.047485798883756
0.6,4180.169590301134,2.2383780656513323
0.6,4105.428253358795,1.7584743809435393
0.6,5633.681850418542,2.144907855666633
0.6,5345.556946474884,2.154016811875603
0.6,4954.797994342666,2.3258358172490605
0.6,4716.950884467716,2.015562867935546
0.6,4492.494133249786,2.1279666984326155
0.6,4522.497273327361,2.0655146069454213
0.6,4399.261716560444,2.154136253329674
0.6,4402.667667330979,2.046832656675772
0.6,4296.801460604661,2.2328152827286325
0.6,4221.551808226203,1.753153593873913
0.6,5788.55807814624,2.1386603112257903
0.6,5493.8212516368,2.1466031547216584
0.6,5093.42035624243,2.3122959862125336
0.6,4848.723396127577,2.0171488002191245
0.6,4619.425252981943,2.1215171959076766
0.6,4647.194816612433,2.061409300080008
0.6,4518.705061940985,2.1457178643260337
0.6,4521.970482015504,2.046159420304265
0.6,4412.739130927569,2.225975923398981
0.6,4334.85839416658,1.7487367631216877
0.6,5946.9196526483765,2.1332398253887064
0.6,5641.50438849226,2.14113616222281
0.6,5230.171665467206,2.2991543744039165
0.6,4977.946638579264,2.021701326205911
0.6,4741.95999367747,2.116606137290576
0.6,4773.506797379729,2.055603785985105
0.6,4638.419599832749,2.139461226548109
0.6,4642.363703276343,2.045035083665927
0.6,4529.214724749146,2.219832368765652
0.6,4445.240789169144,1.744250188283432
0.6,5788.055465610378,2.132230060148114
0.6,5368.390562103758,2.290878585094368
0.6,5111.527128186435,2.0208291041785125
0.6,4863.092627826184,2.112648670973027
0.6,4899.329199116015,2.0491279929188204
0.6,4757.136666422417,2.1334972761686206
0.6,4762.232697988767,2.039537255508199
0.6,4646.925240956647,2.2157263320270526
0.6,4561.178516420573,1.7373143485201852
0.6,5932.838049888626,2.1266838084417583
0.6,5502.630295211299,2.287780416748776
0.6,5243.916982156956,2.023372356170642
0.6,4976.253237732269,2.1083321792585563
0.6,5023.667023497516,2.0421123159603494
0.6,4876.225365346184,2.1242634085650858
0.6,4880.848614979027,2.0317496775792607
0.6,4772.736399500816,2.207247219352331
0.6,4681.152619478834,1.7330969103131684
0.6,5640.728565737668,2.285701997527105
0.6,5376.152935360845,2.0155964127345034
0.6,5098.357970172935,2.1003821445375155
0.6,5149.797503730469,2.0371600639633365
0.6,5000.619416452758,2.120981740996449
0.6,5006.315652564342,2.024070033596727
0.6,4893.078924446205,2.2025929818313137
0.6,4797.6554495766095,1.7281076091939127
0.6,5779.517688901914,2.293416256022472
0.6,5508.251657647374,1.995057851914798
0.6,5218.217039307176,2.092849866798889
0.6,5273.867572475614,2.03102397519585
0.6,5121.491405101268,2.116490891022571
0.6,5127.334514739754,2.0203556285231072
0.6,5011.358596480838,2.197365643912138
0.6,4911.872858200168,1.7225331912408892
0.6,5916.183492957579,2.28568639458269
0.6,5638.903994234339,1.9756537400766765
0.6,5358.011681018173,2.0842122256545688
0.6,5404.492849819207,2.029721911256391
0.6,5248.344529359077,2.111142511606674
0.6,5245.732825077956,2.0193248139570192
0.6,5124.62586430264,2.189894043362825
0.6,5025.317598004973,1.719545535038688
0.6,5768.49687683951,1.9732216444833144
0.6,5486.25920940036,2.0791578151017136
0.6,5530.396301470786,2.023872055505026
0.6,5370.933437877681,2.104076586559008
0.6,5367.96462941518,2.0157487170985253
0.6,5243.07112231943,2.1836973254346423
0.6,5142.783627527024,1.7150956198653438
0.6,5897.506326132275,1.970799313249352
0.6,5605.443154229547,2.0764073490862134
0.6,5655.051800562183,2.016204712250315
0.6,5492.293429776955,2.0995406305915942
0.6,5490.001986659941,2.0091040753316327
0.6,5362.631609521144,2.1791282058466286
0.6,5258.638215758385,1.7083949302786978
0.6,5718.705541537684,2.0728579965690743
0.6,5772.732181379908,2.007531226359581
0.6,5606.844799102856,2.09232173808814
0.6,5609.578607804906,2.0006551624718094
0.6,5481.867516077521,2.1746190258903444
0.6,5373.838456870016,1.7011640204834937
0.6,5852.244039885622,2.0689417653772058
0.6,5895.945745824291,2.005205320214805
0.6,5724.367551868357,2.088731919356312
0.6,5726.303166374909,2.00020087375714
0.6,5593.491692540761,2.1702129073803085
0.6,5488.250733248369,1.6921294638165465
0.6,5971.216297409966,2.06437776717757
0.6,5844.3658814194,2.083303834790689
0.6,5846.370200736452,1.995214970413607
0.6,5709.905690399582,2.165069549078753
0.6,5603.555848198516,1.6870754959132432
0.6,5963.82171577572,2.0739604033358843
0.6,5967.203233003017,1.986830524852964
0.6,5832.363157812173,2.1573907220957738
0.6,5719.100135813452,1.692308239654252
0.6,4018.029975859986,2.1026642820514176
0.6,4018.029975859986,1.978067475371881
0.6,4242.722466694315,2.08834527506723
0.6,4242.722466694315,1.9706725412262929
0.6,4467.271928527652,2.073123640796789
0.6,4467.271928527652,1.96378372152258
0.6,4693.837201249186,2.0547486439482863
0.6,4693.837201249186,1.955348513453056
0.6,4015.0567406151463,2.2036017558318584
0.6,4918.79686809493,2.038049199888067
0.6,4918.79686809493,1.9426563803068
0.6,4202.87657263689,2.196537387890138
0.6,5141.742303809131,2.023299628665434
0.6,5141.742303809131,1.9357287678921944
0.6,4389.862866088382,2.188249239830842
0.6,5364.129252343104,2.0073824438877064
0.6,5364.129252343104,1.9264723658503693
0.6,4575.371079013146,2.1793310513855246
0.6,4054.1932776959575,2.17670694802123
0.6,5587.009110286903,1.9902055648150647
0.6,5587.009110286903,1.915545544095849
0.6,4761.262078765176,2.1706395410382293
0.6,4226.021380830286,2.16922931140106
0.6,5808.614496401894,1.9749764311676536
0.6,5808.614496401894,1.904840374407225
0.6,4949.371863043279,2.159457386056752
0.6,4401.379472474459,2.162470179454405
0.6,5133.259752976372,2.1500865330350125
0.6,4572.027335206894,2.1543779809773453
0.6,4136.806058007711,2.23228511664801
0.6,5321.147298894052,2.141581385123791
0.6,4745.3927783962135,2.147038947308291
0.6,4293.247310400886,2.224754932257239
0.6,4056.150018975644,2.244293545137025
0.6,5508.63608805386,2.132382174794133
0.6,4919.204825221183,2.139087013651851
0.6,4448.841378098428,2.2179878839832985
0.6,4203.058334747026,2.2370638381962373
0.6,5695.905737428859,2.123065675291097
0.6,5091.419616573741,2.1295434988161865
0.6,4608.840297540784,2.211385879090621
0.6,4350.696446489282,2.2273983709065925
0.6,4001.227093550059,2.3855733884304477
0.6,5878.729984755854,2.113508345937518
0.6,5266.043986816093,2.12040757011774
0.6,4765.249224349814,2.201138352625092
0.6,4498.628023506161,2.219164782318946
0.6,4140.368305061505,2.3981523993189247
0.6,5439.132553866624,2.113404984308521
0.6,4917.732047694904,2.1945280989678566
0.6,4645.537406227599,2.213216416546909
0.6,4275.6105363472725,2.3919749291357566
0.6,4050.7703686192735,2.080405589238001
0.6,5616.671186576618,2.105247418921976
0.6,5076.523907424699,2.187874802575075
0.6,4790.441976262065,2.2078565859943784
0.6,4415.088704648028,2.387567105921349
0.6,4181.215537524378,2.0797218685654904
0.6,5791.270875837099,2.095826357118456
0.6,5232.326737951704,2.180320087171425
0.6,4939.9015329478025,2.200901050010947
0.6,4555.554273617924,2.380290235476445
0.6,4311.979156190653,2.074695123904848
0.6,4080.716472435355,2.1890599170838425
0.6,4096.969217263251,2.131900618564664
0.6,5965.207634764282,2.089630745490749
0.6,5387.691992569017,2.174452465214961
0.6,5088.279990946953,2.1938845784583765
0.6,4693.204077450333,2.374969981788228
0.6,4442.868055141382,2.070976512892305
0.6,4202.4946102501535,2.181959786076763
0.6,4221.166374527807,2.1251425107256896
0.6,4085.973179725776,2.223435289274671
0.6,4068.5207591014296,2.112400389227961
0.6,5544.0292208349065,2.16893673948732
0.6,5237.692285623731,2.1843109107781293
0.6,4831.520669736016,2.365432318970841
0.6,4576.122166306112,2.0564772491215297
0.6,4335.88660897689,2.1764364942464405
0.6,4343.68840451999,2.118424115990068
0.6,4204.864119384949,2.2147240091026323
0.6,4188.067447012501,2.110032996821795
0.6,4067.486632947256,2.3078699494417485
0.6,5698.918070351917,2.161956709142176
0.6,5385.962120073583,2.175950112648344
0.6,4970.129967545487,2.3505529395234075
0.6,4707.911324765422,2.056925591014701
0.6,4462.799158824059,2.1686195760186604
0.6,4468.132833500413,2.1128708104984333
0.6,4324.111267280462,2.2045160698486392
0.6,4307.170816442639,2.1076911960443208
0.6,4183.267230375824,2.2988374016500024
0.6,4090.093193900148,1.8110533677470488
0.6,5857.3170465960575,2.155837978995109
0.6,5533.718873813446,2.169606586726319
0.6,5106.937831182875,2.3361472779157224
0.6,4837.223763312118,2.0604762308555222
0.6,4585.456032363178,2.162450416296356
0.6,4594.112848500636,2.105663791350123
0.6,4443.586590889106,2.196630205417546
0.6,4427.2866333139045,2.10497925578693
0.6,4299.51051382954,2.290662801419137
0.6,4200.461005508623,1.8048248063238344
0.6,5680.339913184143,2.15982738204183
0.6,5245.189630977434,2.3267406644472537
0.6,4970.768688738879,2.0585631996557034
0.6,4706.723714052785,2.157318586007775
0.6,4719.628379759459,2.09783655785536
0.6,4562.135739233896,2.189129389252824
0.6,4546.919916338986,2.0978586965140043
0.6,4416.94519341964,2.284672748853094
0.6,4316.09526599303,1.7961638360817171
0.6,5825.184865623042,2.153461501155244
0.6,5379.498619266518,2.3225882436108725
0.6,5103.124019595999,2.060223020097483
0.6,4820.199856986444,2.1518719024976565
0.6,4843.623862331062,2.089538331524728
0.6,4680.978831125446,2.178355967993968
0.6,4665.322544242525,2.0884359278867004
0.6,4542.086433585635,2.274244991874375
0.6,4435.620701047931,1.7904950002901123
0.6,5974.658879025953,2.143922368807112
0.6,5517.648923950615,2.319581118779107
0.6,5235.396561815006,2.0513734494782354
0.6,4942.4341458811,2.1427823630286738
0.6,4969.489824195967,2.083384074192855
0.6,4805.051512740328,2.1737292219522546
0.6,4790.39550118661,2.079218446048064
0.6,4662.094843110144,2.267878270273684
0.6,4551.827282276979,1.7840103490145411
0.6,5656.50407619999,2.326562829184006
0.6,5367.490577204001,2.029605249325756
0.6,5062.438794176431,2.1340642659847946
0.6,5093.597893081404,2.0760978021178564
0.6,4925.648504083889,2.167958567119845
0.6,4911.117871639772,2.074163327076154
0.6,4780.069373033973,2.2610157028437587
0.6,4665.8191979167,1.776995911255461
0.6,5793.263212044276,2.317936002211389
0.6,5498.253713966159,2.008994517787631
0.6,5201.909267618729,2.124236654383357
0.6,5224.179151869255,2.0737649792229207
0.6,5052.097703015964,2.161348635153245
0.6,5029.400543756126,2.07192506674142
0.6,4893.30644142993,2.2519260998744577
0.6,4779.114551639,1.7726972441520443
0.6,5931.497811076722,2.305273188316016
0.6,5627.946692664224,2.005718992956283
0.6,5330.124931216343,2.118127751448045
0.6,5350.151672332664,2.066858000623383
0.6,5174.427322631861,2.153046477232348
0.6,5151.34238886103,2.067125607719139
0.6,5011.5060495999005,2.244196043320889
0.6,4896.292202494801,1.7669424171706614
0.6,5757.055671092374,2.002509258501194
0.6,5449.477309469183,2.114450581841388
0.6,5474.885197405793,2.0581474592933877
0.6,5295.566316996837,2.14741300075167
0.6,5273.113232954304,2.0592580423897573
0.6,5130.747184429441,2.2382460559505675
0.6,5011.874239252684,1.7588210800091777
0.6,5883.673604891284,2.0103360089162763
0.6,5562.937333734023,2.10998816980729
0.6,5592.651509917717,2.048508071973299
0.6,5409.922492095322,2.1390855176797747
0.6,5392.311932855313,2.0495897104177265
0.6,5249.513320138984,2.232419393749022
0.6,5126.6735256600205,1.7505002622323391
0.6,5696.2491970111305,2.1051889479377586
0.6,5715.904043937463,2.045280738904496
0.6,5527.422611921889,2.134513088098576
0.6,5508.840730289129,2.0481777243693573
0.6,5361.063879945824,2.226743939648195
0.6,5240.815555643687,1.7402425220086826
0.6,5815.40167925068,2.0997604796006697
0.6,5837.77071037861,2.04148183114764
0.6,5647.510714061,2.128093550149253
0.6,5628.649961051316,2.0421507597399167
0.6,5477.250937477613,2.220370412367944
0.6,5355.829569853505,1.734112619210776
0.6,5939.173565559701,2.0931652163912404
0.6,5962.473776904427,2.0356836904005613
0.6,5767.065354161584,2.1177211191847447
0.6,5749.22178078905,2.032668308682423
0.6,5599.298351726474,2.2114209782955965
0.6,5471.199494432158,1.7385239409469917
1.2,4150.819003547403,1.546353783357207
1.2,4150.819003547403,1.6252773075621023
1.2,4346.655014580929,1.5404163520865222
1.2,4346.655014580929,1.616514715989223
1.2,4143.797896327154,1.6349835505512025
1.2,4541.875906279574,1.5346735618580216
1.2,4541.875906279574,1.6063131478452353
1.2,4331.788678389084,1.6279319787519917
1.2,4106.842555349683,1.7218022420300774
1.2,4736.553425388779,1.5291170957211333
1.2,4736.553425388779,1.5987799991951324
1.2,4519.030296516125,1.6197203736930532
1.2,4284.448058081505,1.7133505329095506
1.2,4079.304588494966,1.627702533104736
1.2,4931.1432259107205,1.5233810055941566
1.2,4931.1432259107205,1.5915533295091695
1.2,4705.041328424413,1.6090634235286048
1.2,4463.774114750622,1.7037264984111675
1.2,4252.651360682175,1.619782385437126
1.2,4166.935792954428,1.569339405273929
1.2,4050.056074061557,1.6756988767109209
1.2,5125.951686002994,1.517125911527581
1.2,5125.951686002994,1.5856247683892923
1.2,4889.4610707625725,1.601197911872828
1.2,4645.308599332559,1.6988165729763889
1.2,4423.838451520739,1.6142914334087208
1.2,4332.101868611445,1.5604338469081442
1.2,4216.469779494643,1.6710235888036231
1.2,4125.088613508084,1.6544186024765033
1.2,4005.2958219021584,1.652281138246628
1.2,5320.225964161494,1.510455332288326
1.2,5320.225964161494,1.5795496455589282
1.2,5074.467536490161,1.590509512746809
1.2,4826.636215569837,1.690645702561557
1.2,4596.528318343347,1.605865618585911
1.2,4499.341645110003,1.554887588503261
1.2,4380.342952332303,1.6638512039222373
1.2,4285.7911401048505,1.648007870377726
1.2,4162.555777800264,1.648445672397992
1.2,4075.720284694834,1.720874318097753
1.2,4035.141431660125,1.668550084359906
1.2,5513.482124220064,1.5036037825506368
1.2,5513.482124220064,1.5727818335097803
1.2,5259.508116949446,1.583954742495569
1.2,5003.592897202572,1.6865184193351386
1.2,4766.143402218214,1.60008886809403
1.2,4665.028726260151,1.5478349814967922
1.2,4543.985440204606,1.6576790371491663
1.2,4446.942209290557,1.6400326656218376
1.2,4318.106660295323,1.6431192911838215
1.2,4230.746816323916,1.7123679366868187
1.2,4188.149285812759,1.660810082866443
1.2,4137.606911953583,1.670289650657425
1.2,4120.523821054487,1.6925733629516042
1.2,4057.604669122493,1.6655820661638512
1.2,5706.597702140227,1.4965993646606173
1.2,5706.597702140227,1.5662175704441064
1.2,5444.5868036182055,1.5780168328004502
1.2,5181.50494486238,1.6794798598656198
1.2,4936.9985161730665,1.5949152901632335
1.2,4831.204227945522,1.5404187934839464
1.2,4708.92936506648,1.6504323404137948
1.2,4608.816641785371,1.63220624902191
1.2,4474.402316873743,1.6368177587082235
1.2,4385.199567949135,1.7040370786089285
1.2,4340.975435408348,1.651397554523334
1.2,4287.34342562934,1.6636461435398346
1.2,4273.52972096977,1.6853471810722065
1.2,4206.287346481119,1.659986841960137
1.2,5899.303949898489,1.4904208752136792
1.2,5899.303949898489,1.5592422128722507
1.2,5629.415815892707,1.5720172386932962
1.2,5361.301995606054,1.6719419413460352
1.2,5107.966208083823,1.5879806666791334
1.2,4997.548856571333,1.5339640913120378
1.2,4873.686346040436,1.643838820005344
1.2,4770.03155218922,1.6275493038310904
1.2,4630.900036711634,1.6332445329817111
1.2,4540.715959645178,1.6945950495529485
1.2,4494.9296272880565,1.6454866821481502
1.2,4436.39916804616,1.6567424290793469
1.2,4425.36999659448,1.678118534365319
1.2,4353.656614801582,1.6513105445964489
1.2,5813.818561910777,1.565933378343845
1.2,5538.428271969924,1.6651561868766949
1.2,5276.950335050832,1.5833711109315318
1.2,5160.828791324511,1.5276318030009082
1.2,5039.344686762337,1.6376913606978882
1.2,4931.407577448283,1.6222886934826188
1.2,4786.686367748433,1.626467865589995
1.2,4697.816671344989,1.686583086308462
1.2,4648.328728989987,1.6391410811808491
1.2,4584.276135183458,1.6502143859660858
1.2,4577.989215154917,1.6716342003510227
1.2,4503.08884559605,1.6418722092187288
1.2,5997.608341823416,1.560484475331704
1.2,5716.147630490309,1.658806039634844
1.2,5447.211280060355,1.5773621626426753
1.2,5325.918139881388,1.522777759167586
1.2,5203.426923906182,1.6310145635493996
1.2,5092.708007908835,1.6179625798975488
1.2,4940.65374831684,1.6216150170793675
1.2,4853.938672598019,1.6773102169376497
1.2,4802.851625843929,1.6340107349464814
1.2,4733.3687633010695,1.6434800107115797
1.2,4731.281365415126,1.666833766697557
1.2,4650.88524608094,1.635914333105838
1.2,5895.621146683136,1.652247137332142
1.2,5615.569371672615,1.5725617751887273
1.2,5488.738996357472,1.5172723433861015
1.2,5366.327786178142,1.623142963983268
1.2,5254.030922270345,1.617785664176178
1.2,5094.441937242769,1.6207331429232643
1.2,5011.034634215564,1.660453014681964
1.2,4960.659054144862,1.6275028308726047
1.2,4881.141541918896,1.6368747914697577
1.2,4884.635814217918,1.6607300719138631
1.2,4798.80998155431,1.6280239689124545
1.2,5785.811160240537,1.5663130052039924
1.2,5653.420708487251,1.5110190817364326
1.2,5529.610957846071,1.615724925732241
1.2,5414.328583550273,1.6119747355773928
1.2,5249.436051792609,1.6183598134851476
1.2,5166.232565243586,1.653187720041029
1.2,5113.894179534029,1.6167461847452151
1.2,5029.081288991646,1.630438243522347
1.2,5037.313546715964,1.6543335274140143
1.2,4947.829841018375,1.6223095933087477
1.2,5954.255247196649,1.5616636039422176
1.2,5816.942277083882,1.5053409022064284
1.2,5694.200127812456,1.6094226427401872
1.2,5575.503862109008,1.6058965186219465
1.2,5403.941140985688,1.6062804177179535
1.2,5323.704556027365,1.6564887554529872
1.2,5263.310632896853,1.6110417569590103
1.2,5176.98303346198,1.6250102200842185
1.2,5191.711220174459,1.6486509648113874
1.2,5099.060362853513,1.617849006180997
1.2,5982.883391461099,1.5011132376636749
1.2,5856.177188229254,1.6035561740736084
1.2,5735.225596119139,1.60329158674965
1.2,5557.912669619239,1.6015359363968713
1.2,5481.566852817486,1.640729989968455
1.2,5423.124700174108,1.6096058501656894
1.2,5325.104937832229,1.6190823393110676
1.2,5342.519979134954,1.642432034666537
1.2,5246.262244237335,1.6089541754438823
1.2,5896.661516758456,1.5970205847907584
1.2,5711.496015319711,1.591217581020333
1.2,5638.450509787551,1.6428461714883942
1.2,5572.149576845358,1.6044452346371505
1.2,5473.356016282363,1.6113486120363123
1.2,5497.63093300541,1.634929341656413
1.2,5397.210411169524,1.60281506825764
1.2,5867.97896817488,1.5906883766775972
1.2,5794.874849328805,1.6291992174103782
1.2,5728.389090411278,1.5974652093833763
1.2,5620.921444929822,1.6055541814576888
1.2,5648.671763277782,1.6296539854345768
1.2,5542.265538087651,1.598350954641333
1.2,5951.655171341882,1.6291749375942963
1.2,5877.055115893793,1.5914763700882268
1.2,5769.314741662103,1.5989126485674086
1.2,5804.602291911233,1.622811744022289
1.2,5694.202061166721,1.59194462745484
1.2,5916.936421894162,1.5908554300155606
1.2,5956.577199311938,1.617340226037913
1.2,5838.8288896989925,1.5847369462073138
1.2,5988.025004125843,1.5784151160553916
1.2,4064.0341351233938,1.6310827741022196
1.2,4064.0341351233938,1.6032698548348752
1.2,4265.830689012208,1.6239786499153022
1.2,4265.830689012208,1.59269669785468
1.2,4156.560165135037,1.6437572844162205
1.2,4034.7886639036055,1.6417480113509908
1.2,4466.88491809722,1.6188020722043737
1.2,4466.88491809722,1.5802307516975689
1.2,4352.524845835063,1.636789428634542
1.2,4224.0702057301405,1.6380596133098062
1.2,4057.520103864701,1.724628127745898
1.2,4667.585909479631,1.6129438330250023
1.2,4667.585909479631,1.5741819969782185
1.2,4546.095663303106,1.6297012735698169
1.2,4410.972323880169,1.6292297408209144
1.2,4242.961949213552,1.713723329949928
1.2,4142.910941094332,1.6209595631064848
1.2,4130.537215949691,1.5981744772704165
1.2,4039.895039575581,1.6707360344468518
1.2,4019.080986675512,1.6636577862556872
1.2,4867.711789131548,1.605569773347112
1.2,4867.711789131548,1.5627654102131454
1.2,4740.187479344305,1.6234755411931387
1.2,4599.416327602572,1.6261982458235151
1.2,4426.233608231967,1.708414140494794
1.2,4322.739428918613,1.6137275576754844
1.2,4309.642975358731,1.5921386383999334
1.2,4217.67613358848,1.6631452083175051
1.2,4125.2770233447,1.735933470821072
1.2,4194.379433184497,1.6563063677254048
1.2,4046.8713166029374,1.6556287567878778
1.2,4075.187815872338,1.7093070758209246
1.2,4014.592988139977,1.6853316576666908
1.2,4025.77399853433,1.763646099884696
1.2,5067.664543296769,1.5976920339530605
1.2,5067.664543296769,1.5573616815349087
1.2,4934.754384352859,1.615873048283884
1.2,4789.132484663791,1.6216116449800024
1.2,4609.747170848786,1.7014700997917234
1.2,4502.91066109897,1.6075760343266776
1.2,4489.7946354924,1.584880754823638
1.2,4393.939489100141,1.6557169490877324
1.2,4298.418751707623,1.7280755948885609
1.2,4370.545559949908,1.6494209164199891
1.2,4219.435461766904,1.6477440007985769
1.2,4247.949913870337,1.7011030889071697
1.2,4183.810759376117,1.6779332789743326
1.2,4196.485757787499,1.7547408830253184
1.2,5267.322810205126,1.589817584218725
1.2,5267.322810205126,1.5513963952765204
1.2,5127.724182844712,1.6097999960526517
1.2,4977.22747628179,1.6167900927336838
1.2,4792.73843576951,1.6965859244828658
1.2,4681.929793079254,1.600043266936685
1.2,4667.859773214189,1.5760222782771032
1.2,4569.627015410472,1.6478411110707585
1.2,4470.259932743952,1.7213363897849765
1.2,4545.713678860124,1.64384373723419
1.2,4391.659741938331,1.6401070728658842
1.2,4419.545484931529,1.6934872351844592
1.2,4352.332265259716,1.6702935518323463
1.2,4367.600866030096,1.7468345895666535
1.2,5466.964582189204,1.5812305230353243
1.2,5466.964582189204,1.5457370167438251
1.2,5318.85039328306,1.6063439518016056
1.2,5161.7893432729625,1.6107938942977469
1.2,4975.156161123051,1.69087760544578
1.2,4860.635284495521,1.5937056254211202
1.2,4845.615514684693,1.5696625830813544
1.2,4746.26977231223,1.6414104482105027
1.2,4641.324782852408,1.7145234441462671
1.2,4721.126127462433,1.6375804261006703
1.2,4563.40274728692,1.6337984623659063
1.2,4591.705457453824,1.6864132100990663
1.2,4521.440719622545,1.662817243613636
1.2,4537.978997472827,1.7417224236583757
1.2,5665.341683359556,1.5769985640446893
1.2,5665.341683359556,1.538656396564562
1.2,5509.898286646755,1.5994868499512085
1.2,5349.079746218548,1.6055625487329517
1.2,5156.6773516001085,1.6849930054899598
1.2,5039.85389200365,1.5873478991186942
1.2,5023.372428986704,1.564067676549763
1.2,4922.932262258862,1.6321657774773413
1.2,4813.657740793252,1.7094338009637646
1.2,4893.087049822474,1.6307507338654308
1.2,4734.467967221336,1.627464649558484
1.2,4763.305428219569,1.679747560515274
1.2,4690.363371859061,1.658556475753472
1.2,4708.08190907485,1.7345379187410417
1.2,5863.670941855757,1.5696788914446236
1.2,5863.670941855757,1.536348878546901
1.2,5700.729479659808,1.5923190202663011
1.2,5535.385172668258,1.596221900929099
1.2,5341.401733835248,1.677248013622067
1.2,5218.786538571924,1.5799854416646442
1.2,5201.6535299437855,1.557272107853311
1.2,5099.935107897316,1.6261919817505033
1.2,4986.351979798331,1.700816090845891
1.2,5069.061957794357,1.6254429412192288
1.2,4905.31630427214,1.6204969934741962
1.2,4934.2496984337085,1.674351529440164
1.2,4856.621251755468,1.6530292676302225
1.2,4878.2760406485895,1.7265927604826563
1.2,5891.386105228171,1.587047870819774
1.2,5721.86637762768,1.5921630849523654
1.2,5522.908927514049,1.6721114211797334
1.2,5396.805268390975,1.573026476449904
1.2,5380.887418900058,1.549784166721038
1.2,5277.425563625922,1.6205637399908954
1.2,5157.040669442948,1.6958864197094543
1.2,5242.894524416707,1.617736057634375
1.2,5076.828702924955,1.6135512206990488
1.2,5105.6952145164405,1.6702831479406608
1.2,5021.5127959204,1.647611666424231
1.2,5047.325027863592,1.7196188943994315
1.2,5909.857315853208,1.5885244388743114
1.2,5702.426250402033,1.6675204079187946
1.2,5573.470277350591,1.566096895465683
1.2,5558.982812980029,1.5421482459831626
1.2,5454.632153821443,1.613648238834391
1.2,5328.62044510521,1.691184918947514
1.2,5416.517404526977,1.6105074038264018
1.2,5251.09083998708,1.605764031647032
1.2,5277.428999058745,1.663011893918293
1.2,5185.787138749605,1.640775857799533
1.2,5216.574211405391,1.7110931940664376
1.2,5883.279905696855,1.6606537613083656
1.2,5751.235884657852,1.5590956268893994
1.2,5736.514694298893,1.536179221382958
1.2,5631.361358862293,1.607668405678607
1.2,5499.320936078752,1.685100826600585
1.2,5589.674768093412,1.5999721449125852
1.2,5422.337449547975,1.6021469251573142
1.2,5445.448467381021,1.6607279171469695
1.2,5351.026555265083,1.6360869598804606
1.2,5385.929004930238,1.7020192520390836
1.2,5928.709604003287,1.552293023078078
1.2,5914.30299252087,1.5289633476730102
1.2,5807.248472504636,1.6008948419961655
1.2,5669.108586694003,1.676429582791806
1.2,5763.534537666516,1.597618473117158
1.2,5595.052436456723,1.5950983765235909
1.2,5617.041754607903,1.6527082009903458
1.2,5517.280095016632,1.6288309879221174
1.2,5556.06142941793,1.6952682187638306
1.2,5983.698505825074,1.5943783361006678
1.2,5838.718700478294,1.6709298522742482
1.2,5937.514411086116,1.5920656648419669
1.2,5767.192161085232,1.588542865183417
1.2,5788.105762120653,1.6461746040566778
1.2,5684.408957750712,1.6231161091906372
1.2,5727.933038090704,1.6867717748905775
1.2,5941.834002130998,1.5835777921296226
1.2,5959.284782640587,1.6433799490224956
1.2,5849.838187979671,1.6152460261854382
1.2,5899.955278442495,1.678740607075571
1.2,4070.6654264862527,1.6646322122911303
1.2,4070.6654264862527,1.631692752605031
1.2,4262.405862782748,1.6593393860282433
1.2,4262.405862782748,1.6189025465890894
1.2,4154.384917995844,1.6753610297961858
1.2,4032.869731227633,1.6779270175561938
1.2,4453.8065367499385,1.653299792696072
1.2,4453.8065367499385,1.612694653766327
1.2,4338.997766742225,1.6682753485856532
1.2,4211.121896194784,1.668964689853036
1.2,4051.78487027539,1.7576956947128568
1.2,4644.662943279576,1.6457272620692625
1.2,4644.662943279576,1.601001282487783
1.2,4524.108467896353,1.661972346672943
1.2,4390.844365393464,1.6659319205738774
1.2,4226.573458642749,1.7523192936178325
1.2,4128.742046426512,1.6527034729693295
1.2,4117.239202597419,1.6300899561540794
1.2,4030.4701872559112,1.7072337446946424
1.2,4010.2318791553057,1.699111721241774
1.2,4835.358573604038,1.6376493528857288
1.2,4835.358573604038,1.595494011084014
1.2,4709.67474430663,1.6542270276183484
1.2,4571.782087832155,1.6613001572885815
1.2,4401.59316131874,1.7452790365514197
1.2,4300.571952977125,1.646472130607974
1.2,4289.047516434171,1.6227607351504572
1.2,4198.57069336306,1.6997481291337142
1.2,4108.551368555529,1.7673312627839592
1.2,4178.525003184485,1.691963752139169
1.2,4034.3882657895415,1.6875458306235909
1.2,4061.999526278242,1.744617283953904
1.2,4000.9925621326975,1.719818684640268
1.2,4013.426189244446,1.803629713607593
1.2,5025.7715043513,1.6295480662200386
1.2,5025.7715043513,1.5894055983410031
1.2,4893.716775831486,1.6480688497459273
1.2,4751.173962693113,1.6564043124023038
1.2,4576.116487236911,1.740319652125713
1.2,4471.302908858426,1.638854533803879
1.2,4458.863065491292,1.6137610068760009
1.2,4366.121299364287,1.691802253195001
1.2,4272.301712566057,1.7604549868673107
1.2,4345.863884678703,1.6861400106904785
1.2,4198.918710194992,1.679645314489954
1.2,4225.9305961572,1.736807865126607
1.2,4161.9879692483855,1.7118642480407575
1.2,4176.9026030119,1.79552927877649
1.2,5216.169627790041,1.620680709034174
1.2,5216.169627790041,1.5835901739041212
1.2,5076.002546176794,1.6446490231980804
1.2,4927.1958859846745,1.6503046778154955
1.2,4750.0931257690245,1.734510505844247
1.2,4641.7355565766375,1.632484462628985
1.2,4628.384633077489,1.6072722033366458
1.2,4534.585348801833,1.685344631817901
1.2,4435.421635509142,1.7536460025203
1.2,4513.042620735338,1.67965029311914
1.2,4362.988739992938,1.6731135990553303
1.2,4390.400630424089,1.72951856228192
1.2,4323.544231764084,1.7040821855340471
1.2,4339.674723371182,1.7902893312841484
1.2,5405.361885113153,1.6163088258655378
1.2,5405.361885113153,1.576373339796204
1.2,5258.21314761914,1.6376582244033684
1.2,5105.821809244892,1.645017508113386
1.2,4923.213728521882,1.7285048943919503
1.2,4812.657870212302,1.6260846758727756
1.2,4797.907724349742,1.601596669858943
1.2,4703.06809988609,1.6758660143451491
1.2,4599.777829636851,1.7486641235802656
1.2,4676.90043245021,1.6725889487292622
1.2,4526.410419506005,1.6665705742350232
1.2,4554.335029932291,1.7226476140831184
1.2,4484.922228091307,1.6995661415640133
1.2,4502.182364287242,1.7829428785727643
1.2,5594.506864883377,1.608766799656154
1.2,5594.506864883377,1.5740370653358111
1.2,5440.21735731846,1.630428956101477
1.2,5283.509096636454,1.6354340213722085
1.2,5099.391899263874,1.720606596604574
1.2,4983.305646065981,1.6186429622671106
1.2,4967.928242573444,1.5946866165039562
1.2,4871.873541847641,1.6698313808143672
1.2,4764.477099934245,1.739951055928184
1.2,4844.589379822957,1.6671135216481456
1.2,4689.537322817295,1.6593300653507177
1.2,4717.640968431462,1.7171535267095892
1.2,4643.750959124886,1.6938267321157072
1.2,4664.775293117,1.774788150662447
1.2,5783.67066062305,1.600451215085731
1.2,5783.67066062305,1.5688060715387606
1.2,5622.055152323494,1.625071214259416
1.2,5461.362773654358,1.6313155206128058
1.2,5272.499339893705,1.7154215955769376
1.2,5153.081780700479,1.6115975074996032
1.2,5138.858975910142,1.587004274127519
1.2,5041.145193220496,1.6641426955639456
1.2,4927.261140471129,1.7350642277945056
1.2,5010.341914290287,1.6592957698495727
1.2,4852.978304226809,1.652072970408733
1.2,4881.426235352038,1.7130248673113526
1.2,4801.273242677252,1.688212088285158
1.2,4826.273320856686,1.7676195984336576
1.2,5972.810017113755,1.5892549295970373
1.2,5972.810017113755,1.5643966781382663
1.2,5805.884782498152,1.617831969571574
1.2,5640.655753531565,1.6276374620277658
1.2,5443.704061341389,1.7107964028125286
1.2,5321.562895671056,1.6045931859224258
1.2,5308.701358505519,1.5791965438820077
1.2,5210.143086890451,1.657102350803917
1.2,5090.894050122807,1.7304687736809476
1.2,5175.9196513975885,1.6519019449943877
1.2,5019.047507210341,1.6439406359773931
1.2,5045.487284485409,1.70563066032972
1.2,4958.204982850004,1.6811558881699555
1.2,4987.961371495655,1.7588672987180671
1.2,5985.929855070326,1.6153235999776798
1.2,5814.582961225723,1.621422926381883
1.2,5616.188681883774,1.7037949302471649
1.2,5491.097725698064,1.5975101134238912
1.2,5478.007125227347,1.5730863088056224
1.2,5378.688135894139,1.6510271972491328
1.2,5253.6901456635605,1.7243822643826836
1.2,5341.056775610745,1.6410970344946558
1.2,5182.234834040921,1.640240116663835
1.2,5205.873074052257,1.7033245735946327
1.2,5116.059308082683,1.676307840323654
1.2,5149.750579920191,1.7495757803996828
1.2,5992.7493896161,1.6126621065894284
1.2,5792.122370836706,1.697823792675086
1.2,5660.35054641055,1.5906017546423967
1.2,5647.556498068666,1.5656943012080813
1.2,5546.425451107877,1.644170845142772
1.2,5415.610135725602,1.7156534913479224
1.2,5506.858835450722,1.638721003048258
1.2,5346.921169957662,1.6330582124742667
1.2,5369.392320171568,1.6951317953187195
1.2,5274.881250105373,1.6687347487928874
1.2,5312.281161273781,1.7426935430422787
1.2,5964.208013643693,1.6915156176849906
1.2,5828.958471592405,1.5841172820774965
1.2,5817.548278724588,1.55914690397754
1.2,5714.701455061115,1.6375793968287695
1.2,5577.36207137656,1.7101507028940657
1.2,5672.779414056409,1.6330626646302693
1.2,5511.093693913447,1.6264085997486324
1.2,5532.4068122928575,1.6884798862892691
1.2,5434.540376440975,1.6627990160580546
1.2,5476.474469287942,1.7340009755923966
1.2,5997.914968207035,1.5772029941424377
1.2,5986.720880857271,1.5528979296977197
1.2,5882.37164421649,1.6319982311455663
1.2,5739.680038837245,1.7042193152079543
1.2,5838.170269082243,1.6188271262660308
1.2,5677.651818389412,1.6213428404824397
1.2,5695.524579674376,1.685774061884073
1.2,5592.341250188102,1.6546375416828476
1.2,5640.810308040858,1.7257456380349956
1.2,5902.902656346813,1.6972830904378868
1.2,5840.026876909235,1.612635165703992
1.2,5860.433668865055,1.6789296987783715
1.2,5747.379120786169,1.6491816034911733
1.2,5802.364059882702,1.7172605515141448
1.2,5906.762354254272,1.643236180674274
1.2,5963.333266773187,1.7090819031430278
