K,Rem,cdrag
1.2,7089.264354127106,1.5596327694951742
1.2,7089.264354127106,1.641870569183611
1.2,6869.993326303035,1.6232400166597367
1.2,6611.560368089606,1.5906328254863416
1.2,6489.505704894673,1.6495373816446262
1.2,6440.566901406342,1.587561378136613
1.2,6357.5270254685465,1.6380164826064756
1.2,6231.001984682196,1.564427305438215
1.2,6218.872617485347,1.6304083809966117
1.2,6220.39678120704,1.6115121486081778
1.2,7089.179284280342,1.559642500748483
1.2,7089.179284280342,1.6418887350306572
1.2,6869.849059286193,1.623260857548982
1.2,6611.401693946272,1.5906559785805805
1.2,6489.330492087858,1.6495666787569911
1.2,6440.354367949804,1.5875972016155762
1.2,6357.26001703216,1.63805903906761
1.2,6230.702905958158,1.5644730656171422
1.2,6218.536809725781,1.6304638557098408
1.2,6220.0049110850505,1.6115705338077877
1.2,7089.030414300378,1.5596590239871102
1.2,7089.030414300378,1.6419138874669044
1.2,6869.642968365684,1.6232970061388212
1.2,6611.124022595793,1.5906995940704756
1.2,6488.999546396301,1.6496197290732135
1.2,6439.967959955573,1.5876556632903955
1.2,6356.821382632876,1.6381281581810123
1.2,6230.216931099261,1.5645468010668937
1.2,6217.995821077743,1.630548160246985
1.2,6219.407819178136,1.6116671417369597
1.2,7088.817747871965,1.559682745098276
1.2,7088.817747871965,1.6419492040065762
1.2,6869.354450598895,1.6233434482533675
1.2,6610.767032282662,1.5907586134503455
1.2,6488.551820969939,1.649694042515075
1.2,6439.427024468221,1.5877370591272784
1.2,6356.211154837994,1.6382265378707157
1.2,6229.525411399521,1.5646536013974592
1.2,6217.212396764061,1.6306694132678003
1.2,6218.549591612635,1.6118012086634212
1.2,7088.541290258715,1.5597136647797654
1.2,7088.541290258715,1.6419973542209068
1.2,6868.962908540071,1.6234080998275315
1.2,6610.27124171885,1.5908382105483243
1.2,6487.948409766408,1.6497896248835469
1.2,6438.731597185261,1.5878439767314698
1.2,6355.410312346494,1.638354188691372
1.2,6228.628409602816,1.5647883938769958
1.2,6216.2239190154405,1.63082498081105
1.2,6217.448980378022,1.611975372820433
1.2,7088.201048302793,1.5597517839399702
1.2,7088.201048302793,1.6420556720802664
1.2,6868.4889639459225,1.6234830503455082
1.2,6609.696167365845,1.590930635049891
1.2,6487.2477387262825,1.649903802202532
1.2,6437.901038151295,1.58797126477283
1.2,6354.457049015806,1.6385084612151175
1.2,6227.544690381425,1.5649562803002632
1.2,6214.9931858331065,1.631017533755098
1.2,6216.087454261559,1.6121870390194832
1.2,7087.81829399705,1.5597945690033714
1.2,7087.81829399705,1.6421241598620395
1.2,6867.932632453848,1.6235762185068716
1.2,6608.982345760336,1.591041063157594
1.2,6486.410916993373,1.6500392641391053
1.2,6436.916083807111,1.5881240959198235
1.2,6353.313306000053,1.6386920342086144
1.2,6226.255663282266,1.565154737640131
1.2,6213.538970886018,1.631244446522769
1.2,6214.48381514172,1.6124388576028272
1.2,7087.350508907833,1.5598466850537036
1.2,7087.350508907833,1.6422023113796065
1.2,6867.293932417632,1.6236820732831418
1.2,6608.1694683257,1.5911719806815663
1.2,6485.41853575314,1.6501985175755298
1.2,6435.757490803836,1.5882996121764998
1.2,6351.998234763112,1.6389022339747297
1.2,6224.780120885956,1.5653812477478637
1.2,6211.88005519836,1.6315055881957656
1.2,6212.638234820732,1.6127290205014897
1.2,7086.840230176664,1.5599038749293297
1.2,7086.840230176664,1.6422911473978472
1.2,6866.572884905945,1.6237984994469998
1.2,6607.27739125486,1.5913158535758167
1.2,6484.329022509196,1.65037658270855
1.2,6434.463954463281,1.5884958282925588
1.2,6350.5309859872295,1.6391391390350176
1.2,6223.118184780064,1.5656383735155082
1.2,6209.997957035344,1.6317986576699823
1.2,6210.569544922889,1.613056012488346
1.2,7086.244947551879,1.559970399342821
1.2,7086.244947551879,1.6423923231358324
1.2,6865.748915571672,1.6239329018490718
1.2,6606.2466840910965,1.5914776473636816
1.2,6483.103520593562,1.650573099504668
1.2,6433.035549398313,1.5887173442341909
1.2,6348.873559058367,1.639405380560641
1.2,6221.251325813937,1.5659261524161985
1.2,6207.892862410644,1.6321313341370531
1.2,6208.222066953324,1.6134240580358843
1.2,7085.585938104826,1.5600441308479145
1.2,7085.585938104826,1.6425036825397412
1.2,6864.842653963477,1.6240802686389824
1.2,6605.11703974068,1.591660068996843
1.2,6481.7226537427805,1.650796320499473
1.2,6431.414468681946,1.588964472638594
1.2,6347.026090505034,1.6397010161707506
1.2,6219.179713095546,1.5662420666818833
1.2,6205.583599178172,1.632493202219779
1.2,6205.670572531456,1.6138298076346114
1.2,7084.905729205837,1.5601204055635378
1.2,7084.905729205837,1.6426230686802463
1.2,6863.874722880941,1.6242408665851278
1.2,6603.888504744828,1.5918580637382125
1.2,6480.22539850113,1.6510357131160018
1.2,6429.678011749718,1.5892297737999443
1.2,6345.045846478947,1.6400234386249255
1.2,6216.922188301588,1.566591244603146
1.2,6203.033150403586,1.632895089747871
1.2,6202.840840965317,1.6142751659664183
1.2,7084.140565727202,1.5602060213238722
1.2,7084.140565727202,1.6427548084906582
1.2,6862.803966127488,1.624414184409619
1.2,6602.561129706624,1.5920688378672712
1.2,6478.63126725141,1.6512962909908613
1.2,6427.787691465826,1.589523027385775
1.2,6342.856812301579,1.6403752906253486
1.2,6214.460289748721,1.5669711876973478
1.2,6200.260394074381,1.6333314186547223
1.2,6199.770429869456,1.6147617546335116
1.2,7083.311724083862,1.5602988506362798
1.2,7083.311724083862,1.6428994174059095
1.2,6861.630427823244,1.6246057740873354
1.2,6601.095357746896,1.5923028695631145
1.2,6476.862590864562,1.6515836345046206
1.2,6425.705070857886,1.5898419690823584
1.2,6340.4782116321485,1.6407566390701211
1.2,6211.794240132752,1.5673819369493178
1.2,6197.265603666682,1.6338024043540451
1.2,6196.459667157878,1.6152836058650963
1.2,7082.41922476988,1.5603984906188144
1.2,7082.41922476988,1.643048378244133
1.2,6860.41590637847,1.6248074611008512
1.2,6599.550677538102,1.59255229891929
1.2,6474.977785346207,1.651886833784885
1.2,6423.507419391381,1.5901785744654704
1.2,6337.967295765376,1.6411621524710038
1.2,6208.961544904986,1.567820991338656
1.2,6194.06766263242,1.634307946909618
1.2,6192.908906163736,1.6158468299949795
1.2,7081.463089849636,1.5605057554083677
1.2,7081.463089849636,1.6432134010320896
1.2,6859.078102268795,1.6250250593418305
1.2,6597.887546004044,1.5928173567854162
1.2,6472.976943711527,1.65221165710887
1.2,6421.1563089697165,1.5905412170419009
1.2,6335.267175115627,1.6415972710318747
1.2,6205.925165392156,1.568290945434269
1.2,6190.648280708082,1.6348484308065134
1.2,6189.118525545273,1.616447317802563
1.2,7080.464586311121,1.5606177051158037
1.2,7080.464586311121,1.6433886407506326
1.2,6857.658233221496,1.625258321969732
1.2,6596.106045270405,1.593100543213968
1.2,6470.84074760377,1.652557943693816
1.2,6418.651894180888,1.5909270505678177
1.2,6332.3970748285965,1.6420620126667484
1.2,6202.685375775456,1.5687918582664373
1.2,6187.007794465305,1.6354237651473342
1.2,6185.088929185147,1.6170885669845751
1.2,7079.381249668218,1.560739011910676
1.2,7079.381249668218,1.643573594951612
1.2,6856.156345983492,1.6255043579747808
1.2,6594.226050090042,1.5934017694553064
1.2,6468.569319952267,1.6529255343024671
1.2,6415.994339607307,1.591338409495765
1.2,6329.33821194478,1.642559074802702
1.2,6199.223862839369,1.5693263504661743
1.2,6183.128003661916,1.6360365308695646
1.2,6180.801993773633,1.6177688133117396
1.2,7078.255590128772,1.5608650096424876
1.2,7078.255590128772,1.6437661059745323
1.2,6854.5930573984215,1.6257607933154106
1.2,6592.267419172918,1.5937185697022185
1.2,6466.182195618276,1.6533146441093054
1.2,6413.183819798773,1.5917704389596994
1.2,6326.128809639282,1.643077832988126
1.2,6195.6153493224365,1.5698868074617809
1.2,6179.064962637505,1.6366843028403537
1.2,6176.276750386955,1.6184900122526036
1.2,7077.066392146094,1.5609986452620197
1.2,7077.066392146094,1.6439747132296063
1.2,6852.906717348216,1.6260358379216044
1.2,6590.1708895067295,1.5940536664988172
1.2,6463.660094841031,1.6537254901705447
1.2,6410.220519243915,1.5922286542760702
1.2,6322.731124513285,1.643629076330938
1.2,6191.785730346021,1.5704809657809
1.2,6174.763397253839,1.6373646525169891
1.2,6171.532206701784,1.6192462030243333
1.2,7075.813685091188,1.5611391111778248
1.2,7075.813685091188,1.644190383653303
1.2,6851.159082857529,1.626323695717517
1.2,6587.976120982591,1.5944068664572684
1.2,6461.003162548671,1.654157731838645
1.2,6407.1046323399605,1.5927099207892863
1.2,6319.164402009427,1.6442101300515346
1.2,6187.753956246408,1.571108908866048
1.2,6170.223764846467,1.6380853626576664
1.2,6166.5132877527685,1.620049627443357
1.2,7074.497499896269,1.5612868172712282
1.2,7074.497499896269,1.644416309187529
1.2,6849.329643980526,1.626624640640404
1.2,6585.683203695439,1.5947757039850086
1.2,6458.230933718427,1.6546088927313125
1.2,6403.855584016415,1.5932145727699272
1.2,6315.42890485578,1.644815718835816
1.2,6183.557514729985,1.571763015974179
1.2,6165.502077223662,1.6388386701290265
1.2,6161.276104274359,1.620886396442499
1.2,7073.117869052873,1.561441767895713
1.2,7073.117869052873,1.644655175768892
1.2,6847.397913146677,1.6269413371245056
1.2,6583.272474934816,1.5951628001474214
1.2,6455.324170194172,1.6550844006805658
1.2,6400.435137698482,1.5937426549901104
1.2,6311.524907994295,1.6454512680075926
1.2,6179.159612801911,1.5724510560868965
1.2,6160.543229684406,1.639630023037313
1.2,6155.784200317346,1.6217672158213934
1.2,7071.674826609839,1.561603561672592
1.2,7071.674826609839,1.644901129621667
1.2,6845.405054032637,1.6272708930233315
1.2,6580.763803262885,1.5955680732711823
1.2,6452.283038728267,1.6555787111039382
1.2,6396.881948465718,1.5942939222647412
1.2,6307.452698530388,1.6461168174697536
1.2,6174.560645360167,1.573167980418417
1.2,6155.384712299929,1.640454006536337
1.2,6150.075138037083,1.6226850436676747
1.2,7070.189623292502,1.5617704738958575
1.2,7070.189623292502,1.6451605548645978
1.2,6843.310042660914,1.6276164965019289
1.2,6578.137548803908,1.5959917678777515
1.2,6449.107713671012,1.65609763486731
1.2,6393.157836745866,1.5948716111857983
1.2,6303.193652394349,1.646809807647719
1.2,6169.7795497525,1.5739164326739292
1.2,6150.008519060782,1.6413164096248791
1.2,6144.112570015208,1.6236437499323872
1.2,7068.619861703672,1.5619467796920434
1.2,7068.619861703672,1.6454297650496936
1.2,6841.13349551217,1.627977647773906
1.2,6575.393840754192,1.5964336965096662
1.2,6445.798376945748,1.656635437616741
1.2,6389.301438052715,1.595469983603302
1.2,6298.785939503834,1.64753294147406
1.2,6164.798203938391,1.5746990847462412
1.2,6144.396722326472,1.6422143431941725
1.2,6137.915609111207,1.6246450423484038
1.2,7067.008006193427,1.562128213004509
1.2,7067.008006193427,1.6457124711231714
1.2,6838.854959758796,1.6283522341675645
1.2,6572.552541334757,1.5968888964235537
1.2,6442.393895869776,1.6571952354407695
1.2,6385.293802748345,1.5960974940188075
1.2,6294.1731510090685,1.648286356072088
1.2,6159.617053836729,1.575510874033186
1.2,6138.586787490079,1.643145554147597
1.2,6131.503325576779,1.625682176244596
1.2,7065.332881376873,1.5623165083832475
1.2,7065.332881376873,1.6459996223629076
1.2,6836.536082215488,1.628737098112525
1.2,6569.6334861055,1.5973649928631275
1.2,6438.836421333337,1.6577766988989189
1.2,6381.135192383398,1.5967431873192193
1.2,6289.431242514194,1.6490646802115212
1.2,6154.273527435692,1.5763518968548695
1.2,6132.579232366262,1.6441152204203582
1.2,6124.839543183026,1.6267621886690111
1.2,7063.573331527681,1.5625146212600551
1.2,7063.573331527681,1.646305147072704
1.2,6834.074344507925,1.629140485646942
1.2,6566.577637274878,1.597856915485708
1.2,6435.164824206017,1.65838006084972
1.2,6376.825878123563,1.5974178482108925
1.2,6284.484994647219,1.6498788136819156
1.2,6148.69414535104,1.5772299929603115
1.2,6126.31938313452,1.6451236383204784
1.2,6117.925016641542,1.6278844583516383
1.2,7061.771798437548,1.562717470442288
1.2,7061.771798437548,1.6466156482296288
1.2,6831.572408580061,1.6295544497733272
1.2,6563.444276854563,1.5983673032846752
1.2,6431.359975310521,1.6590080803658107
1.2,6372.347006330791,1.5981163219607049
1.2,6279.372566230037,1.6507180496035152
1.2,6142.953302238986,1.5781375246413183
1.2,6119.863105182171,1.64616824828702
1.2,6110.778888610666,1.6290491537841827
1.2,7059.928311636258,1.5629250598788
1.2,7059.928311636258,1.646936501230867
1.2,6828.989320773438,1.6299843261987812
1.2,6560.194119986013,1.598893580051204
1.2,6427.441389844792,1.6596526733111223
1.2,6367.756270391894,1.598836054549421
1.2,6274.113174259338,1.651585169288892
1.2,6137.032980185766,1.579077181627276
1.2,6113.192604464352,1.6472491865429024
1.2,6103.401907495956,1.6302510921350288
1.2,7058.0005378508295,1.563142485484012
1.2,7058.0005378508295,1.6472730903785189
1.2,6826.284186065097,1.6304301404088313
1.2,6556.82732601357,1.5994383903908227
1.2,6423.389972208496,1.6603193092890869
1.2,6363.01567571557,1.5995797224015944
1.2,6268.688330392233,1.6524829681591031
1.2,6130.915238948677,1.58004648387756
1.2,6106.326874779016,1.6483665943202344
1.2,6095.794844623716,1.6314957972765924
1.2,7056.030892834112,1.5633646624832724
1.2,7056.030892834112,1.6476146877457072
1.2,6823.539065845431,1.6308892561718094
1.2,6553.363734611679,1.6000017720880575
1.2,6419.205953321752,1.6610080413130963
1.2,6358.125530258626,1.6003500138340214
1.2,6263.079616357304,1.6534115449236249
1.2,6124.600622247375,1.5810507310381607
1.2,6099.229865699171,1.6495206179070458
1.2,6087.958494041715,1.632780770004831
1.2,7053.977067432014,1.5635962836367605
1.2,7053.977067432014,1.6479715418305068
1.2,6820.672106876511,1.6313640997131382
1.2,6549.78382192353,1.600583655597684
1.2,6414.889571452996,1.661721456990899
1.2,6353.0670697197975,1.6011440881981054
1.2,6257.306284009125,1.6543682576105982
1.2,6118.108074128791,1.5820848585058955
1.2,6091.938937925657,1.6507112470849954
1.2,6079.893672314536,1.6341096714532872
1.2,7051.881458722179,1.563833074530052
1.2,7051.881458722179,1.6483366270818265
1.2,6817.7448487217225,1.6318498889359685
1.2,6546.12707286173,1.6011790605590852
1.2,6410.479575269558,1.6624518271988364
1.2,6347.897865707092,1.6019626035791454
1.2,6251.368752954665,1.655355979053999
1.2,6111.419751493689,1.583151576804225
1.2,6084.436445705584,1.651938961502336
1.2,6071.601218313688,1.635478432699447
1.2,7049.701783035721,1.5640793248966356
1.2,7049.701783035721,1.6487143139538494
1.2,6814.716446752376,1.6323514565528867
1.2,6542.354316831462,1.6017956624400531
1.2,6405.918425512346,1.6632097211470904
1.2,6342.541956360458,1.6028050469265516
1.2,6245.267454181964,1.6563693167483702
1.2,6104.572939649596,1.5842510224975217
1.2,6076.723110646873,1.653206323519861
1.2,6063.063762154003,1.636888824358384
1.2,7047.480417386113,1.5643303511194953
1.2,7047.480417386113,1.6491024399782437
1.2,6811.607474185824,1.632871762373723
1.2,6538.446104225706,1.6024336189206494
1.2,6401.206418638416,1.6639899464947416
1.2,6337.037851404946,1.6036770527625537
1.2,6238.96533444734,1.657422016986883
1.2,6097.476494144002,1.5853859357821678
1.2,6068.781427401048,1.6545136746887366
1.2,6054.282258112871,1.6383483762603597
1.2,7045.196251475229,1.564588708915378
1.2,7045.196251475229,1.649498327239505
1.2,6808.438473229004,1.6334001586178797
1.2,6534.48114973792,1.6030824795690566
1.2,6396.420712843607,1.664787105145847
1.2,6331.4239513091725,1.6045681752790315
1.2,6232.537873381828,1.658495127797984
1.2,6090.259368082317,1.5865486227893737
1.2,6060.666893327476,1.6558530028819085
1.2,6045.31223341224,1.6398410782903008
1.2,7042.849341383787,1.5648544059493337
1.2,7042.849341383787,1.649910071418533
1.2,6805.148225449301,1.6339500248982377
1.2,6530.361489529715,1.603755407866477
1.2,6391.465462938848,1.6656094441382945
1.2,6325.643505971302,1.6054863930950192
1.2,6225.929293720875,1.6596051189207954
1.2,6082.812235770616,1.5877496753322724
1.2,6052.307347446309,1.6572354082962817
1.2,6036.081837190795,1.6413806770800028
1.2,7040.439744707015,1.5651274501073416
1.2,7040.439744707015,1.6503296088663468
1.2,6801.798159761811,1.6345080316870937
1.2,6526.185393206512,1.6044419450355076
1.2,6386.417773661704,1.6664543018495726
1.2,6319.7159257825815,1.6064291570432194
1.2,6219.158820221082,1.660741192084946
1.2,6075.208940645643,1.5889787743407744
1.2,6043.7764358777495,1.6586501343268865
1.2,6026.664697994923,1.6429619832885367
1.2,7037.988647312692,1.5654052959290885
1.2,7037.988647312692,1.6507596495335626
1.2,6798.367944425022,1.635082225265003
1.2,6521.894195232234,1.6051473897050268
1.2,6381.239504340086,1.6673190075784274
1.2,6313.660566314687,1.6073965528695708
1.2,6212.226940864532,1.6619089310537145
1.2,6067.413535029104,1.5902412989315502
1.2,6035.038524187651,1.660108328653113
1.2,6016.989207044783,1.6445879508127397
1.2,7035.453849343542,1.5656930579103598
1.2,7035.453849343542,1.651202909510339
1.2,6794.83728741067,1.6356726399715364
1.2,6517.488104443155,1.6058717913028668
1.2,6375.930947591492,1.668206363930858
1.2,6307.458810147377,1.6083886687169593
1.2,6205.13415451419,1.6631057225920856
1.2,6059.444926302534,1.5915374039642411
1.2,6026.09444371122,1.6616019599263143
1.2,6007.301080301646,1.6462533682787748
1.2,7032.877659209872,1.5659852292965029
1.2,7032.877659209872,1.6516534978784725
1.2,6791.247119895129,1.636276369135487
1.2,6512.986899353877,1.606612454677656
1.2,6370.511545473406,1.6691162542201174
1.2,6301.111055455874,1.6094053002580018
1.2,6197.880970825457,1.6643344071874795
1.2,6051.285545120292,1.5928698877395404
1.2,6016.92693849368,1.6631365643771066
1.2,7030.239013257482,1.566285186593968
1.2,7030.239013257482,1.6521178559344991
1.2,6787.556761580242,1.6368939659211097
1.2,6508.39076174937,1.6073722820346743
1.2,6364.962431884035,1.6700518759769754
1.2,6294.598787058341,1.6104497850454744
1.2,6190.449294471822,1.665595181598945
1.2,6042.936104328544,1.5942336407982545
1.2,6007.71475034447,1.664707164940658
1.2,7027.516877966327,1.5665946818884764
1.2,7027.516877966327,1.6525949827959927
1.2,6783.766362530926,1.637530307315166
1.2,6503.660799276622,1.6081537506038284
1.2,6359.264807541933,1.6710101867603016
1.2,6287.9413790593135,1.611521639212519
1.2,6182.839718281357,1.6668908849278192
1.2,6034.3791760170725,1.5956367586682871
1.2,7024.753523251954,1.5669090174059974
1.2,7024.753523251954,1.6530800036097746
1.2,6779.91680221676,1.63818032581162
1.2,6498.836331264418,1.6089517430039333
1.2,6353.457231313555,1.6719886984257917
1.2,6281.158142613534,1.612615942403373
1.2,6175.08999606435,1.6682106630650153
1.2,6025.688103788742,1.597068842795871
1.2,7021.927911176709,1.5672307590485597
1.2,7021.927911176709,1.653575639822509
1.2,6775.987821750173,1.6388413650570346
1.2,6493.9370642118565,1.6097636603443917
1.2,6347.559061890008,1.6729874806994127
1.2,6274.249455434735,1.6137354502909762
1.2,6167.182065341467,1.6695629209778793
1.2,6017.0129607637255,1.5985326965451048
1.2,7019.0401108119895,1.5675599164104317
1.2,7019.0401108119895,1.6540846199236
1.2,6771.959207300868,1.6395215253481137
1.2,6488.904659077672,1.610600144041073
1.2,6341.4942799683895,1.6740121263837784
1.2,6267.178006359745,1.6148775963964006
1.2,6159.135020228878,1.6709450421018797
1.2,6008.191991458457,1.6000338055517844
1.2,7016.111259545062,1.5678939373512517
1.2,7016.111259545062,1.6546015485305026
1.2,6767.871781853865,1.640212773832031
1.2,6483.797854094881,1.6114506583424293
1.2,6335.339510618637,1.675059964908407
1.2,6259.963131100028,1.6160504956013433
1.2,6150.893842476051,1.6723627182602196
0.3,8567.520947853933,2.000372973619929
0.3,8567.520947853933,2.2671944371386807
0.3,6824.834908702364,2.420077096341033
0.324,8499.767321291178,2.073164643282328
0.324,8499.767321291178,2.550408751914115
0.324,6597.370190813257,2.42954615120825
0.349,8658.14497468397,2.0937658787015696
0.349,8658.14497468397,2.3365076858843
0.349,6798.528247780401,2.4132681519315917
0.373,8552.782322559915,2.2306594531545025
0.373,8552.782322559915,2.330261050500917
0.373,6716.366346667566,2.364714628495841
0.398,8706.654894532658,1.9772203744580252
0.398,8706.654894532658,2.125011733370099
0.398,7139.526317092785,2.122863809194864
0.398,6100.586268679476,2.395347413676444
0.422,8618.073213444237,2.059307981848388
0.422,8618.073213444237,1.9837182591720195
0.422,7200.666195530562,2.217472242689773
0.422,6321.101729632608,2.186492129432933
0.447,8624.87537284255,1.5408428822298104
0.447,8624.87537284255,2.2045390483841745
0.447,6945.630015207264,2.089317885749522
0.447,6398.278784825716,2.156532528262777
0.471,8391.453453548052,1.944759765924523
0.471,8391.453453548052,1.967599088490665
0.471,7187.729242437933,2.3327094616110564
0.471,6117.144554252753,2.2569278930621475
0.496,8451.626286145218,2.090342753851313
0.496,8451.626286145218,2.306015479186052
0.496,7088.380713749666,2.3862378924556094
0.496,6049.439509810763,2.339262692778767
0.52,8438.363582605425,1.8587183943715555
0.52,8438.363582605425,2.1537355164028984
0.52,7138.304293353828,2.348543671772747
0.52,6265.720527362039,2.325085547505916
0.545,8463.217557279708,1.907563030029762
0.545,8463.217557279708,1.9891199338679424
0.545,7219.654492530692,2.167933240887001
0.545,6326.935697594062,2.319998703152593
0.569,8466.584161139594,1.7609178181557643
0.569,8466.584161139594,2.0730088619691074
0.569,7075.835760606063,2.235190490761078
0.569,6399.117069465472,2.1429078336099985
0.569,6072.49739175305,2.2616562595531624
0.594,8471.370324427204,1.8458823543125784
0.594,8471.370324427204,1.9779362315166715
0.594,6970.729063121043,2.1315635901921257
0.594,6580.311162024769,2.057698316481111
0.594,6340.542350682556,2.1580373290091552
0.618,8503.871488206372,1.6191998523728088
0.618,8503.871488206372,1.954116924818772
0.618,7181.245695925069,1.9539291888779653
0.618,6562.549954349631,1.8867834591710253
0.618,6319.619690582801,2.258370775897006
0.643,8278.284520235446,1.7350218567766826
0.643,8278.284520235446,1.9264037670027545
0.643,7343.832955905851,1.864399013448525
0.643,6686.888612469995,2.0156839350349047
0.643,6477.94574455211,1.9751586765619404
0.667,8363.26397621079,1.769045316335378
0.667,8363.26397621079,1.7018922845813889
0.667,7146.733013853398,1.9663493669064496
0.667,6721.895375503891,1.9694755227196008
0.667,6402.9755944371655,2.036316244199354
0.667,6057.070466012878,1.9139589632406755
0.692,8115.343716746444,1.7993165088990544
0.692,8115.343716746444,1.7046695449839082
0.692,7516.376575294643,1.844748689343872
0.692,7013.414726797138,1.799863666499036
0.692,6355.200621735425,1.963674014961193
0.692,6271.668959548218,1.9410078425461363
0.716,8209.342751026647,1.7250913362163711
0.716,8209.342751026647,1.6385414644784693
0.716,7293.056913187953,1.832169527071884
0.716,7000.382697098755,2.018778400571365
0.716,6396.330049021883,1.9780663440423287
0.716,6072.598853868627,1.7895622004716367
0.741,8206.562718725152,1.619561712756216
0.741,8206.562718725152,1.6716979288516347
0.741,7489.721587632463,1.8716573164000372
0.741,6877.056829028121,1.7516107448886176
0.741,6576.049526267079,1.926284700761876
0.741,6440.477396197395,1.6609464137546317
0.765,8190.341008308477,1.6600128758529824
0.765,8190.341008308477,1.6518407468255505
0.765,7378.367083356515,1.8537966775634007
0.765,6739.385995344988,1.758394331062593
0.765,6461.612270195669,1.8259405953899603
0.765,6546.55006293238,1.8249670507259084
0.765,6094.664315688397,1.9234143423199708
0.79,7989.754253125293,1.7464863553564296
0.79,7989.754253125293,1.7535640035582525
0.79,7258.067180096431,1.820626396254145
0.79,6883.110161440878,1.8644907596362077
0.79,6340.707116177272,1.864399319608643
0.79,6356.581265862398,1.848799719660602
0.79,6099.446544450558,1.841437023593046
0.814,7981.861310398427,1.697445209243832
0.814,7981.861310398427,1.7460200093452984
0.814,7409.296898074931,1.7194206112460086
0.814,6902.663474904913,1.728978420205375
0.814,6522.817222961291,1.7958452215921448
0.814,6414.950577777239,1.7859261451538526
0.814,6096.373499429675,1.928880380814848
0.814,6018.585204266755,1.762795763726189
0.839,7964.2684869119,1.685166071426602
0.839,7964.2684869119,1.6840375133620358
0.839,7357.193122356263,1.7497912526994424
0.839,6832.83813274769,1.6897440654298477
0.839,6502.884343260475,1.941646231613632
0.839,6329.81715989681,1.7410174464207853
0.839,6125.994662734993,1.9353994863038435
0.839,6018.565761540591,1.8246699958221144
0.863,7911.510333275794,1.661774619666717
0.863,7911.510333275794,1.6781053359121971
0.863,7383.199838013831,1.7192105228626875
0.863,6875.563902131623,1.9060669739793457
0.863,6410.35684028279,1.7668091047396532
0.863,6315.650245371216,1.7163200177075997
0.863,6175.775024299845,1.840148055812237
0.863,6051.942775708485,1.7485251739657948
0.888,7822.096177735212,1.6065575034555248
0.888,7822.096177735212,1.6746982832834918
0.888,7445.590401482402,1.617978054825112
0.888,6929.638379923352,1.6493922265383243
0.888,6614.194825650705,1.706265929034815
0.888,6458.630348464768,1.7759008748950342
0.888,6179.621352105521,1.7735239005308072
0.888,6058.645932869368,1.7064776662919916
0.912,7768.423692535031,1.5300562890137372
0.912,7768.423692535031,1.5909845415354569
0.912,7485.001042010241,1.593730810281367
0.912,7078.211181138079,1.6530406500367043
0.912,6561.707821530511,1.585627708253046
0.912,6645.513108232685,1.8956495455092703
0.912,6202.266017551006,1.6852911748461297
0.912,6050.00691788199,1.7357459883017368
0.937,7603.133243565293,1.599931927044644
0.937,7603.133243565293,1.7110897757896002
0.937,7300.59106570849,1.560423156306364
0.937,6966.07691253878,1.5918520175013418
0.937,6827.163176769861,1.6139401791115582
0.937,6415.7442941935,1.755476047283738
0.937,6112.79114910674,1.5738214424894523
0.937,6081.203078582185,1.8643810485455676
0.937,6063.405242236078,1.7157831102412024
0.961,7639.674646698528,1.6007678101099665
0.961,7639.674646698528,1.5916276826808402
0.961,7261.30998646595,1.7203466177603353
0.961,6967.946202818841,1.5035040762821306
0.961,6605.507143732035,1.648574589613384
0.961,6622.256083173799,1.6574354516701764
0.961,6323.825240762076,1.6501128369439415
0.961,6251.540591378989,1.7756288207479212
0.986,7551.149470787491,1.642953608502387
0.986,7551.149470787491,1.553985322209408
0.986,7218.2605274619345,1.5870856138293532
0.986,6905.089471190164,1.638279507118087
0.986,6621.576158757979,1.6452655365198634
0.986,6514.793190275748,1.6832468089203445
0.986,6252.545953403644,1.543809789582674
0.986,6133.057807449897,1.741495511912576
0.986,6060.707419133319,1.5863530928230445
0.986,6020.4714963506685,1.6231378014396531
1.01,7451.896363298947,1.6926268297654985
1.01,7451.896363298947,1.6583935943185673
1.01,7137.384389453014,1.6003172086140576
1.01,6673.933441600798,1.5580379524162382
1.01,6553.060430236155,1.6353807292885283
1.01,6512.993153463404,1.6215547555401186
1.01,6299.569049266222,1.5696098496283348
1.01,6183.583403840946,1.68022057692589
1.01,6099.648993393858,1.5600314847023329
1.01,6111.392392050274,1.627878173516612
1.035,7464.891120628711,1.6625157248469324
1.035,7464.891120628711,1.584465160942443
1.035,7089.345212728944,1.6388625693608534
1.035,6601.855592919186,1.5150194180895649
1.035,6646.542498400302,1.6181956135033069
1.035,6538.539336994676,1.6281066828475053
1.035,6337.812505827113,1.5215789806693791
1.035,6202.15067084411,1.6599350486813151
1.035,6085.876184317109,1.5120537767009532
1.035,6166.089167880767,1.6067647118642543
1.059,7450.174861113089,1.625744403843749
1.059,7450.174861113089,1.5505643209008957
1.059,7167.7595582098165,1.6217597971345343
1.059,6688.975048728782,1.5246294233676905
1.059,6584.184498631275,1.6172897579800434
1.059,6437.70191773955,1.6349412065434414
1.059,6371.118627263159,1.5838124802832334
1.059,6150.428541127812,1.6317803760485914
1.059,6021.97601562039,1.5138206363810625
1.059,6100.825267286096,1.5874271857537252
1.084,7294.566706973967,1.6004317850646834
1.084,7294.566706973967,1.6002390360390804
1.084,7011.638722923928,1.6023689277562927
1.084,6676.4197465929865,1.5437476342259324
1.084,6538.584361291282,1.6133324763481762
1.084,6366.134525984486,1.6408058276797284
1.084,6344.321827021099,1.514507137371518
1.084,6194.187941972556,1.749719003986137
1.084,6060.162695926959,1.5646797569046638
1.084,6079.748237023373,1.5668930346236898
1.108,7301.722259021078,1.5468693504735564
1.108,7301.722259021078,1.6270692475787938
1.108,6952.990551940945,1.6255629821594857
1.108,6633.704415894881,1.581980185127431
1.108,6536.150754702537,1.5881758645453052
1.108,6322.084371817038,1.6944764863078263
1.108,6221.464019902164,1.6324465435783666
1.108,6055.087980325008,1.674269885356093
1.108,6165.961412627471,1.70370737766433
1.108,6085.665512915055,1.618944871667486
1.133,7191.436811638191,1.5856220620195638
1.133,7191.436811638191,1.5975112629503372
1.133,7008.075191521862,1.6109381643808254
1.133,6768.0957625844985,1.6436933423249416
1.133,6426.699483708449,1.5382260637114331
1.133,6427.593563650445,1.599221545852361
1.133,6309.326417138312,1.6817755249441966
1.133,6067.998724747935,1.7006398708109298
1.133,6007.087079685842,1.7097212793460628
1.157,7154.223731385022,1.5198581876401744
1.157,7154.223731385022,1.635751887172899
1.157,6810.577686248851,1.5421535819208383
1.157,6724.357245962135,1.622256924709097
1.157,6558.832867434645,1.606423816342832
1.157,6374.234915577128,1.586467921584507
1.157,6244.760324413328,1.6521888086255343
1.157,6161.860945580961,1.6311293550878283
1.157,6118.859614525472,1.6610167478126066
1.157,6032.532533000764,1.6992550802993776
1.182,7109.023758878114,1.5918937891189324
1.182,7109.023758878114,1.6032754950636403
1.182,6817.704685298028,1.638533876366948
1.182,6531.957927270663,1.5639704505607914
1.182,6517.7024255397255,1.5874450364692083
1.182,6406.43347352662,1.6310148440996717
1.182,6151.723445501609,1.5485542978176463
1.182,6239.5155169729205,1.580894367420162
1.182,6180.641833069116,1.6461433171134774
1.182,6121.888819432043,1.605421957028652
1.206,7064.912138603976,1.533977009832542
1.206,7064.912138603976,1.623973346511222
1.206,6777.217318953427,1.5547219915655963
1.206,6641.488428007889,1.5908147821144705
1.206,6518.432683896037,1.6010933209075042
1.206,6331.20215243306,1.631387516814765
1.206,6255.094757643274,1.5620381613068044
1.206,6113.623894742221,1.6672769733060708
1.206,6000.6908952254735,1.661279495471775
1.206,6018.864056069367,1.674622568452897
1.231,6998.894867317645,1.578564324403539
1.231,6998.894867317645,1.6047445257647743
1.231,6819.516950396672,1.5370612201208729
1.231,6550.69400180563,1.5571690364248365
1.231,6484.340760039407,1.5924108642861734
1.231,6295.523808204478,1.7220223228016138
1.231,6140.992627026671,1.6204849955790184
1.231,6036.095072046774,1.616822241478061
1.231,6027.394222607832,1.6280005764202403
1.255,6976.020046709246,1.5626877609915355
1.255,6976.020046709246,1.5829210771455442
1.255,6689.533671795284,1.6036746231696923
1.255,6531.695685583857,1.567067299989062
1.255,6444.249574046441,1.628210698629421
1.255,6331.301613270691,1.554908472332043
1.255,6244.083673745554,1.544952778759248
1.255,6165.051539162339,1.6068519739356013
1.255,6111.0579452087295,1.6523721189330585
1.255,6018.648915187106,1.6719922720794766
1.28,6879.92119844532,1.6056665712308285
1.28,6879.92119844532,1.5842579004260555
1.28,6564.940128705786,1.5974005429244602
1.28,6504.19052441614,1.5246216655821
1.28,6424.736322502957,1.6128064690287345
1.28,6294.887567175571,1.5837988963976812
1.28,6234.386490912372,1.65039364498179
1.28,6055.37319731092,1.6457486288310814
1.28,6009.283308625506,1.5702679190831117
1.304,6846.452339836384,1.5615576202151689
1.304,6846.452339836384,1.601534323022306
1.304,6667.666718096475,1.5717316566925053
1.304,6377.971998781403,1.577407145003518
1.304,6374.326870592944,1.546470624664406
1.304,6251.720145229991,1.6385614211698185
1.304,6216.6469398305535,1.5214202041334848
1.304,6046.214323395663,1.5956090330163626
1.304,6032.347589692268,1.6094195683204957
1.329,6789.296852073299,1.4717827860789967
1.329,6789.296852073299,1.6095757941134687
1.329,6597.385091184047,1.6747590579232638
1.329,6473.762891538368,1.5580622527094918
1.329,6270.567473623283,1.5787161718352218
1.329,6197.025144515062,1.6017122010591271
1.329,6103.622102504425,1.5947259387388946
1.329,6060.932475084152,1.6050622778985275
1.329,6035.655758889226,1.650851208813918
1.353,6755.935191662836,1.5043701989754903
1.353,6755.935191662836,1.6029437119035868
1.353,6553.448685521937,1.5259004837647516
1.353,6468.403437776918,1.615945604647579
1.353,6342.989948143469,1.5733231597642865
1.353,6139.442187763427,1.587945516380694
1.353,6022.796988783602,1.5322188126877512
1.353,6114.58484670995,1.606143056789486
1.353,6039.178219518549,1.6125911040443983
1.378,6698.738072994729,1.538532793264322
1.378,6698.738072994729,1.6132086707337965
1.378,6404.325833898475,1.5352116910827314
1.378,6433.771349620147,1.583367974559283
1.378,6317.380229539091,1.5458743110024018
1.378,6139.030490648809,1.5566744839726614
1.378,6050.641307016675,1.601065750968157
1.378,6165.795793481039,1.6497019356840374
1.402,6651.597313473848,1.4986980342534255
1.402,6651.597313473848,1.5322542199318836
1.402,6526.096165557899,1.5789415150238182
1.402,6390.907173470986,1.5378395118908694
1.402,6205.2099332548105,1.559524091002888
1.402,6149.071165530073,1.6193544327395708
1.402,6011.993138154959,1.551720866360292
1.402,6041.7136439842,1.5881488785876965
1.427,6567.814493121523,1.5417400830409682
1.427,6567.814493121523,1.6056978959230532
1.427,6465.166048913831,1.461867035212717
1.427,6214.766992249823,1.5797626316691364
1.427,6326.018333801178,1.5233180407118423
1.427,6126.934408753129,1.522893398362604
1.427,6134.169542205145,1.5719853016541592
1.427,6098.808485652973,1.5745450077261132
1.451,6530.978205767098,1.5455901462048436
1.451,6530.978205767098,1.4978523269872237
1.451,6508.339577632497,1.560776672594941
1.451,6373.583215535104,1.5502340716128125
1.451,6092.667073298511,1.4936920917447647
1.451,6111.766132202165,1.4882557699529524
1.451,6119.108419311329,1.5944280647157554
1.451,6101.282154159791,1.4932478941199492
1.476,6497.106185307695,1.5362239961646926
1.476,6497.106185307695,1.5194508759558203
1.476,6387.67739439096,1.5080740577619722
1.476,6366.364738257525,1.5822118555184042
1.476,6197.238245438324,1.6128379496884435
1.476,6002.691365193907,1.5658931906471227
1.5,6439.158134770151,1.5366073044906148
1.5,6439.158134770151,1.5279829557744242
1.5,6381.833839534072,1.538557278117295
1.5,6246.144792891155,1.5466660443890334
1.5,6156.291148816664,1.5750842275869192
1.5,6054.861797778922,1.5692490152697045
1.2,6687.036600001945,1.5646043384560089
1.2,6687.036600001945,1.5213827521851695
1.2,6274.832192531891,1.5833118582268637
1.2,6688.120049637991,1.5214981955842313
1.2,6688.120049637991,1.5591661628972568
1.2,6327.789475086613,1.647349737893787
1.2,6707.009583150312,1.594564003320223
1.2,6707.009583150312,1.520944622925111
1.2,6334.613282970311,1.607655084783315
1.2,6028.512601635709,1.6091869922003812
1.2,6706.257791427734,1.5587446303808448
1.2,6706.257791427734,1.542187354295172
1.2,6361.384471463784,1.553262040057399
1.2,6729.324502483924,1.633223171991708
1.2,6729.324502483924,1.5275921615429324
1.2,6314.340542589631,1.5761135067498266
1.2,6742.677890307797,1.5466265142282574
1.2,6742.677890307797,1.5456129758893895
1.2,6365.405274313929,1.5818644287190322
1.2,6072.588201481695,1.610843613253984
1.2,6734.041270582104,1.558159890171954
1.2,6734.041270582104,1.5851880700193397
1.2,6393.755643871505,1.6197650850779644
1.2,6780.064386455201,1.5773419438401344
1.2,6780.064386455201,1.5370236020865296
1.2,6408.905663741439,1.6235718398530363
1.2,6163.679999820631,1.5492008204590997
1.2,6750.021762008815,1.5745636038210165
1.2,6750.021762008815,1.6248437380216196
1.2,6360.285052503989,1.6705379682712778
1.2,6067.245765037958,1.600168342085397
1.2,6787.961315699221,1.539983043583035
1.2,6787.961315699221,1.5647989726728184
1.2,6470.818252219517,1.632005476182783
1.2,6144.660571341406,1.6065808290844688
1.2,6778.665758834743,1.5753414103514227
1.2,6778.665758834743,1.5662103697070666
1.2,6460.272502789455,1.6375996560856287
1.2,6156.832359087738,1.6003303308381056
1.2,6831.465256659702,1.5742008683501474
1.2,6831.465256659702,1.5203759125065894
1.2,6504.22399960166,1.6065420844422602
1.2,6194.482783458333,1.6060709668884572
1.2,6828.721362756405,1.595651636828745
1.2,6828.721362756405,1.5340064372990232
1.2,6530.680301078739,1.603105165715127
1.2,6198.048160283711,1.613636747699256
1.2,6815.060689851066,1.5928518633106907
1.2,6815.060689851066,1.5724061597610286
1.2,6463.808959692376,1.6111240635917825
1.2,6244.082706223388,1.6005328156864018
1.2,6833.84131454121,1.6299908425913243
1.2,6833.84131454121,1.6068501945622364
1.2,6537.850756600728,1.5813469806212108
1.2,6146.938535405802,1.582874032153485
1.2,6844.5108323090535,1.5985792256221605
1.2,6844.5108323090535,1.6356091304348177
1.2,6444.270870742434,1.5469337700171808
1.2,6216.317352904668,1.60891639969461
1.2,6017.823729311222,1.5768606338559403
1.2,6913.964678416424,1.6055096478904587
1.2,6913.964678416424,1.454052281318118
1.2,6598.036186911133,1.5725699762053984
1.2,6359.335254884786,1.572333339570687
1.2,6016.071529796289,1.6999736300548445
1.2,6929.388521815284,1.5357739341022008
1.2,6929.388521815284,1.495756832851516
1.2,6643.894522113888,1.5359470441370398
1.2,6413.078324759676,1.528847748682563
1.2,6174.161136070929,1.54975379696854
1.2,6004.388988193143,1.6489312869115478
1.2,6901.484146524667,1.6295508624413122
1.2,6901.484146524667,1.5764367106259551
1.2,6563.627299720971,1.5649899633861089
1.2,6285.917633179725,1.562716487575832
1.2,6088.033637566735,1.678024200477658
1.2,6912.062970107735,1.563893679950672
1.2,6912.062970107735,1.5416910287002907
1.2,6645.506749275015,1.570721077918362
1.2,6412.404550724645,1.619868212644302
1.2,6092.277962982255,1.6043997976053406
1.2,6915.59479234995,1.6108559914451768
1.2,6915.59479234995,1.5623301968038372
1.2,6627.472725267348,1.565001920800051
1.2,6316.345539049306,1.6157010429763987
1.2,6171.067572304437,1.5830683272398445
1.2,6050.540363671788,1.6561109969068284
1.2,6930.823118220001,1.588290014633433
1.2,6930.823118220001,1.5405064420697174
1.2,6618.3855100529945,1.606618353342165
1.2,6411.804285363592,1.5934566405098822
1.2,6171.591923284431,1.6239828065783075
1.2,6924.945813994932,1.5571378502626965
1.2,6924.945813994932,1.6050724551777482
1.2,6642.753800277154,1.5580510316151026
1.2,6443.147806423675,1.518987865872266
1.2,6313.561868312536,1.6438738936977242
1.2,6935.275197706097,1.5829499641092566
1.2,6935.275197706097,1.5433323998201425
1.2,6679.13178787613,1.5942144202244497
1.2,6505.415081591906,1.6280279451130142
1.2,6239.797272559817,1.6839116706450932
1.2,6945.061119998535,1.6408406786085978
1.2,6945.061119998535,1.4661986591858291
1.2,6664.1230054606285,1.6050113397779535
1.2,6445.094624723054,1.606020703665066
1.2,6242.344065000502,1.7105530510209257
1.2,6070.238497111254,1.625462747307452
1.2,6969.003264729575,1.5162958925355432
1.2,6969.003264729575,1.5595520079683265
1.2,6770.768792783271,1.6796636153920683
1.2,6392.84256517428,1.5472167444753715
1.2,6330.476972414172,1.668000348936003
1.2,6066.188956825989,1.661392844498908
1.2,6966.60054243838,1.5106064074554753
1.2,6966.60054243838,1.5956914699222813
1.2,6802.450207847117,1.593346102807288
1.2,6358.433596943306,1.5369373888378046
1.2,6342.082209618991,1.659069253110251
1.2,6171.92489154494,1.6059685927357683
1.2,6002.578751064379,1.611801288296938
1.2,6994.357914750854,1.5805727886845835
1.2,6994.357914750854,1.5588530545054684
1.2,6726.498450941649,1.61484078577059
1.2,6399.646063940804,1.594174654768291
1.2,6336.043933384705,1.6889185543366088
1.2,6122.758606069388,1.5727471168017697
1.2,7007.939231470603,1.5726147353891582
1.2,7007.939231470603,1.5683991490520297
1.2,6661.081307097316,1.673123934510341
1.2,6491.97710633289,1.572592735636497
1.2,6302.126809918567,1.6091323457924651
1.2,6120.252950953448,1.6414635646438736
1.2,6024.237485331265,1.7228319336831026
1.2,7040.207964175806,1.5698146433408895
1.2,7040.207964175806,1.566142631859721
1.2,6725.379008525791,1.5534518958378714
1.2,6523.576904332098,1.6402913848591236
1.2,6356.09440560832,1.6517287092749615
1.2,6209.261728859647,1.6037280765068085
1.2,6039.144133239591,1.6515711280994696
1.2,7041.384687775516,1.6360005124195534
1.2,7041.384687775516,1.5975406496259863
1.2,6651.419942211196,1.5957348468413863
1.2,6445.736711431788,1.6347472930939584
1.2,6274.203017771521,1.6791843982792345
1.2,6140.149892409287,1.581524088352941
1.2,7060.8459077823245,1.5484351704844812
1.2,7060.8459077823245,1.6157248235266133
1.2,6711.6134200902525,1.613188084012468
1.2,6500.279149609368,1.5624321543237418
1.2,6299.683018573251,1.553140897845486
1.2,6256.354753910272,1.5643770118989275
1.2,6201.829143688426,1.5993568243746332
1.2,6071.818292594537,1.6005627444526351
1.2,7028.539883504887,1.55866607637634
1.2,7028.539883504887,1.5578817813844734
1.2,6815.420272528049,1.5667556662946471
1.2,6570.94129360174,1.670769199870582
1.2,6337.310808576631,1.5331342016014091
1.2,6234.997143449914,1.5933924144150682
1.2,6215.879493352543,1.6197801341667517
1.2,6043.721683483104,1.6943916364457643
1.2,7011.881444397078,1.567467995698164
1.2,7011.881444397078,1.6698460190549804
1.2,6821.850560469197,1.6343848630060416
1.2,6386.780726872339,1.6073071376737411
1.2,6316.082672893018,1.6552666810629388
1.2,6276.4816179923,1.60241579959172
1.2,6129.7802558265785,1.6659344692657794
1.2,7049.471428044852,1.6291627074029154
1.2,7049.471428044852,1.5706898879100122
1.2,6769.728373501041,1.564728348681773
1.2,6484.793311611515,1.6002856380674404
1.2,6467.664411702415,1.6756504900083362
1.2,6295.885181658829,1.583703709684206
1.2,6130.703795476379,1.6140082476834674
1.2,6044.715743392791,1.6891978705795825
1.2,7034.100898048137,1.5859190583521328
1.2,7034.100898048137,1.5822098557610735
1.2,6855.765458633294,1.579038479192432
1.2,6690.712743361912,1.5284889160916204
1.2,6455.67712890571,1.5859208535562568
1.2,6262.377796904444,1.5842276508751134
1.2,6168.025285691282,1.5797150064527556
1.2,6165.653189288134,1.6444834278546
1.2,6080.791528280824,1.6510709095186822
1.2,7077.6187167344615,1.5756299572355446
1.2,7077.6187167344615,1.5704382235013157
1.2,6763.5236829677415,1.588847778437673
1.2,6723.574331441962,1.6225104570881652
1.2,6401.010025615037,1.6075946927120817
1.2,6291.289119179245,1.610643818513094
1.2,6228.969096672181,1.5597838161915327
1.2,6108.751658381497,1.665356583649312
1.2,6130.834714439348,1.63442226032445
1.2,6037.174371794049,1.5458669300785672
1.2,7050.1751836075855,1.565674405251063
1.2,7050.1751836075855,1.6124232572780195
1.2,6871.830895644045,1.488445369660636
1.2,6660.84750034974,1.6348253295359558
1.2,6437.641911101764,1.6337038624400926
1.2,6274.664667246275,1.5867613314476552
1.2,6242.7879289550665,1.6069060357524658
1.2,6036.309954899464,1.5988897258100847
1.2,6156.529173621244,1.566458842510712
1.2,6064.234669017716,1.6482478675251429
1.2,7027.709082171663,1.5611029369689549
1.2,7027.709082171663,1.6116449164682998
1.2,6887.510404899612,1.6042929680653852
1.2,6603.783108192783,1.5732634060487656
1.2,6516.7845287604805,1.6636176451422835
1.2,6322.963082849631,1.5771082636948943
1.2,6228.517477716664,1.6081701028402984
1.2,6197.901347041121,1.5789461191525016
1.2,6096.523025917554,1.627245740291244
1.2,6098.632644745299,1.6639929426477482
1.2,7099.23133325904,1.5556214104761388
1.2,7099.23133325904,1.576165267446237
1.2,6911.296502805704,1.4988372514710573
1.2,6671.507548363899,1.585062424837261
1.2,6574.380547475047,1.693679575080161
1.2,6346.839234748274,1.590306159720574
1.2,6196.249134087025,1.5903454829505277
1.2,6162.529802080606,1.6138587124960715
1.2,6205.25583410605,1.6590633810228734
1.2,6086.874473170553,1.5346426071381405
1.2,7106.223017490806,1.560945198806321
1.2,7106.223017490806,1.5949945160781624
1.2,6904.020902900411,1.5660926873682182
1.2,6645.190898515361,1.640956420402822
1.2,6467.660519821678,1.668863649054926
1.2,6358.085335403947,1.5869120716159832
1.2,6196.8899240517485,1.5744453608215003
1.2,6223.144573865895,1.6367989534648766
1.2,6131.135425305868,1.6345972049425015
1.2,6133.80170119908,1.5928751730747728
1.2,7086.731494548853,1.5517645987299271
1.2,7086.731494548853,1.5918450927308667
1.2,6930.367923956697,1.5303076764177668
1.2,6743.968523141512,1.5627017160909054
1.2,6604.026641064395,1.6283805110628309
1.2,6462.741892284188,1.6271459002830255
1.2,6391.2747812694,1.5623988829413693
1.2,6306.198454279407,1.6018088175047325
1.2,6189.485426039395,1.603499974990201
1.2,6268.777912758182,1.6196863979251743
1.2,7137.979888234223,1.51755820468365
1.2,7137.979888234223,1.5771341441922393
1.2,6934.487786982729,1.5481627540957168
1.2,6885.188469773125,1.5273987677278635
1.2,6599.791758853182,1.570756277226779
1.2,6417.630787489318,1.5528700501267434
1.2,6380.784417448874,1.631529095487804
1.2,6317.546008809841,1.6289361057545713
1.2,6207.208082156283,1.6327543704395169
1.2,6185.166362555763,1.5631391972178386
1.2,7090.871818784328,1.6234655278911716
1.2,7090.871818784328,1.601158905428403
1.2,6878.713112562051,1.5399622030777165
1.2,6751.382666617814,1.5684761653659274
1.2,6591.770069246759,1.6126680738763888
1.2,6461.109112718811,1.6572556481275893
1.2,6339.496107699577,1.6108477270812238
1.2,6332.950600325481,1.6363221845549474
1.2,6153.94691924382,1.6456564863105416
1.2,6221.467833533449,1.6729940366219065
1.2,7179.811756638452,1.5106655352658311
1.2,7179.811756638452,1.5255883831449093
1.2,7063.610212553339,1.5897558378340184
1.2,6714.489669845784,1.6209794178092711
1.2,6575.887543236309,1.6180419173921647
1.2,6489.392166972481,1.602603334996725
1.2,6431.878655628812,1.556229931143682
1.2,6331.286371393346,1.6092027907646222
1.2,6311.758744149578,1.6449940711281814
1.2,6296.28830252633,1.5200832883101956
1.2,7162.4530370956745,1.5223804955714286
1.2,7162.4530370956745,1.5627381295055542
1.2,6976.584718005634,1.5474449883052237
1.2,6872.40370565495,1.555091500433105
1.2,6595.255739479491,1.6000979944139069
1.2,6539.54856555782,1.6422038653246167
1.2,6343.763191686869,1.5682520592088949
1.2,6276.7067745600925,1.7409326467412598
1.2,6215.640180547109,1.5974796270554843
1.2,6132.291054367604,1.6256207085166758
1.2,7154.994045212611,1.5625398560741657
1.2,7154.994045212611,1.5822951141877406
1.2,6953.704116568031,1.598805154801528
1.2,6808.139586895542,1.5878206425071832
1.2,6608.612649757605,1.590058680798066
1.2,6593.923725763373,1.5444945691891867
1.2,6409.466245292228,1.6519365377595392
1.2,6421.511153685187,1.653342621843091
1.2,6283.318446954177,1.6034679891593686
1.2,6224.995175065336,1.595024305566779
1.2,7129.446425408875,1.543313824975898
1.2,7129.446425408875,1.6078167207216203
1.2,6926.64273759162,1.5575759209490891
1.2,6862.962972030748,1.5401480475213314
1.2,6691.237696841992,1.661645101394012
1.2,6463.008118665835,1.6731358191617334
1.2,6369.562516333783,1.6458055177817636
1.2,6283.981840213626,1.641098456249281
1.2,6277.526720508387,1.6712215290517904
1.2,6225.415408025954,1.5651168171884642
1.2,7198.344982799262,1.519350982903948
1.2,7198.344982799262,1.5876856788799856
1.2,7064.823900376444,1.5148359591225702
1.2,7047.879221671675,1.585283369994011
1.2,6625.357398788906,1.706135455056656
1.2,6493.7110974892885,1.5922536465697967
1.2,6363.244112343733,1.594037073125858
1.2,6363.432642215229,1.6741398443284357
1.2,6301.9604704061285,1.6138257381475205
1.2,6254.237603000277,1.6026144365615798
1.2,7566.66842199865,1.508173483818844
1.2,7566.66842199865,1.591226311723227
1.2,7312.341741248478,1.572608259419455
1.2,7018.313423726831,1.5412939107768306
1.2,6870.285356363112,1.6013539320257302
1.2,6800.951859131146,1.54305153941288
1.2,6698.81078033836,1.5938019111390085
1.2,6541.084945814318,1.5245226130813796
1.2,6509.816400446232,1.5933021547259272
1.2,6493.209159529777,1.5666534126388985
1.2,7551.943177858396,1.5096714350051474
1.2,7551.943177858396,1.5927822580948612
1.2,7298.107064180801,1.5742297106012066
1.2,7004.646938089186,1.542934585728791
1.2,6856.902984025395,1.6030388569069878
1.2,6787.70052232845,1.5446338856110766
1.2,6685.754271648372,1.595534257978834
1.2,6528.331363203802,1.5261924604155552
1.2,6497.119365565517,1.5949954805819642
1.2,6480.54027517985,1.5686363291179852
1.2,7537.24339563105,1.5111726338495586
1.2,7537.24339563105,1.5943415830265986
1.2,7283.896970798818,1.575854687896337
1.2,6991.004026581692,1.5445788339830402
1.2,6843.54366817986,1.604727456839793
1.2,6774.471989871115,1.5462196884199355
1.2,6672.720204886952,1.5972703954152438
1.2,6515.599673159834,1.5278659675431296
1.2,6484.444098402227,1.5966925234462774
1.2,6467.89308400365,1.5706236048115825
1.2,7522.569009333087,1.5126770909252496
1.2,7522.569009333087,1.5959042975346367
1.2,7269.711397472408,1.577483202819541
1.2,6977.3846282602935,1.546226667225997
1.2,6830.207349291739,1.6064197438609584
1.2,6761.2662029434405,1.547808959178212
1.2,6659.708522242969,1.599010335903329
1.2,6502.88981936019,1.5295431465090197
1.2,6471.790543026649,1.5983932955710844
1.2,6455.267530330388,1.5726152541103582
1.2,7507.9199532087805,1.5141848168513363
1.2,7507.9199532087805,1.5974704126831174
1.2,7255.550280790848,1.5791152669357025
1.2,6963.788682390822,1.547878097195095
1.2,6816.8939680310605,1.608115730059918
1.2,6748.083102931816,1.549401709274305
1.2,6646.719166103682,1.6007540919528092
1.2,6490.201745675669,1.5312240094110556
1.2,6459.158643700504,1.6000978092625109
1.2,6442.663558679591,1.5746112914683932
1.2,7493.248412906446,1.5157007656073245
1.2,7493.248412906446,1.5990450743624502
1.2,7241.367399039794,1.5807562428897464
1.2,6950.1718119775815,1.5495385502300418
1.2,6803.560069696993,1.609820988243474
1.2,6734.87966037876,1.5510031723550577
1.2,6633.709739396061,1.6025073934770744
1.2,6477.494038422195,1.5329140795674483
1.2,6446.507170098903,1.6018116656222907
1.2,6430.040029888245,1.5766182760221434
1.2,7478.649903012527,1.5172150720465796
1.2,7478.649903012527,1.6006180353816712
1.2,7227.255085697034,1.5823954519825414
1.2,6936.622665792956,1.551197220919876
1.2,6790.292460993459,1.6115244214666604
1.2,6721.741832826318,1.5526029269561323
1.2,6620.764936711519,1.6042588309707109
1.2,6464.849428069035,1.534602358987045
1.2,6433.91848673692,1.6035237119111674
1.2,6417.479126676831,1.5786231475754675
1.2,7464.076527169747,1.5187326795070024
1.2,7464.076527169747,1.6021944305607634
1.2,7213.167039869214,1.5840382453052115
1.2,6923.096790911997,1.5528595238959937
1.2,6777.047612955852,1.613231590494686
1.2,6708.626517363693,1.554206195398628
1.2,6607.842288689321,1.6060141219271764
1.2,6452.226430412124,1.536294358996827
1.2,6421.351293170068,1.605239537052305
1.2,6404.939640001184,1.5806324509822407
1.2,7449.528220524516,1.5202535987941637
1.2,7449.528220524516,1.603774271158437
1.2,7199.103199014532,1.5856846346263258
1.2,6909.594127431792,1.5545254711028689
1.2,6763.82546706527,1.6149425076305497
1.2,6695.533656177632,1.5558129892724375
1.2,6594.941738502482,1.607773279077896
1.2,6439.624990086791,1.537990091909384
1.2,6408.805534418318,1.6069591535706285
1.2,6392.421515134671,1.5826462009539204
1.2,7435.004918446175,1.5217778407608469
1.2,7435.004918446175,1.6053575684826713
1.2,7185.06350080591,1.587334631766033
1.2,6896.114615654841,1.556195074537402
1.2,6750.6259650032425,1.6166571852313332
1.2,6682.463191652672,1.557423320218481
1.2,6582.063229518197,1.6095363152104396
1.2,6427.045051917306,1.5396895700916944
1.2,6396.281155689027,1.6086825740464756
1.2,6379.924697536957,1.5846644122671525
1.2,7420.50655652604,1.523305416307308
1.2,7420.50655652604,1.6069443338909846
1.2,7171.047883130065,1.5889882485963405
1.2,6882.658196088191,1.5578683462492142
1.2,6737.449048650881,1.6183756357084975
1.2,6669.415066370298,1.5590371999289847
1.2,6569.206705297021,1.611303243168833
1.2,6414.4865609160815,1.5413928059654254
1.2,6383.77810237615,1.610409811115904
1.2,6367.449132853216,1.5866870997641265
1.2,7406.033070576445,1.5248363363815312
1.2,7406.033070576445,1.608534578790705
1.2,7157.056284086608,1.5906454970414043
1.2,6869.224809442549,1.55954529834093
1.2,6724.29466008802,1.6200978715281826
1.2,6656.389223108103,1.5606546401477646
1.2,6556.372109592038,1.6130740758538715
1.2,6401.949462282852,1.543099812007235
1.2,6371.296320059437,1.6121408774709989
1.2,6354.994766913344,1.588714278352943
1.2,7391.584396629811,1.526370611979495
1.2,7391.584396629811,1.610128314639243
1.2,7143.088641987129,1.5923063890778104
1.2,6855.814396631416,1.5612259429684734
1.2,6711.162741592371,1.6218239052115089
1.2,6643.385604838941,1.5622756526705144
1.2,6543.559386348037,1.6148488262234313
1.2,6389.433701403893,1.5448106007490785
1.2,6358.835754503648,1.6138757858601842
1.2,6342.561545731182,1.5907459630079792
1.2,7377.11337442648,1.5279132846508665
1.2,7377.11337442648,1.6117307784317012
1.2,7129.099366660182,1.5939763824390616
1.2,6842.383186278008,1.5629158028377736
1.2,6698.010430794624,1.623559408680619
1.2,6630.36176796934,1.5639055643731543
1.2,6530.7267150557245,1.616633326434015
1.2,6376.898427056138,1.5465307942298367
1.2,6346.3557346480575,1.6156202376547155
1.2,6330.108887502855,1.5927888304655464
1.2,7362.714214023708,1.5294543155338785
1.2,7362.714214023708,1.6133315422545318
1.2,7115.1795320161245,1.5956446098049104
1.2,6829.01861928095,1.5646038813866583
1.2,6684.923353016306,1.625293088390498
1.2,6617.40250154897,1.5655337688712252
1.2,6517.9576403539,1.6184159641857956
1.2,6364.425247874109,1.5482491986553388
1.2,6333.937509539545,1.6173628812449763
1.2,6317.717863271218,1.5948295872921765
1.2,7348.339674825629,1.530998735255651
1.2,7348.339674825629,1.6149358317396971
1.2,7101.283470314428,1.5973165170490986
1.2,6815.676849876229,1.5662956893022222
1.2,6671.858573130775,1.6270306039018625
1.2,6604.465290019367,1.5671655814136178
1.2,6505.210270908544,1.6202025588843951
1.2,6351.973243540133,1.549971423753187
1.2,6321.540339413315,1.6191094054980912
1.2,6305.347822760301,1.5968748955592174
1.2,7333.989693736283,1.532546555006943
1.2,7333.989693736283,1.6165436585478794
1.2,7087.411120706239,1.5989921163610223
1.2,6802.357819780563,1.5679912389567174
1.2,6658.816034199484,1.6287719679589934
1.2,6591.550077126812,1.568801014006586
1.2,6492.484551423781,1.621993123719391
1.2,6339.542360179339,1.551697482279794
1.2,6309.164170766937,1.620859823391182
1.2,6292.998712712512,1.598924770510084
1.2,7319.664207875115,1.5340977860278395
1.2,7319.664207875115,1.6181550343912394
1.2,7073.562422550197,1.6006714199839729
1.2,6789.061470909155,1.5696905427771843
1.2,6645.795679477577,1.6305171933626916
1.2,6578.656806808724,1.5704400787097117
1.2,6479.780426791412,1.623787671939044
1.2,6327.132544099469,1.553427387048422
1.2,6296.808950279107,1.6226141479592946
1.2,6280.670480050345,1.600933047750808
1.2,7305.363154576071,1.5356524396080244
1.2,7305.363154576071,1.6197699710337
1.2,7059.737315411547,1.6023544402154355
1.2,6775.787745374881,1.5713936132457536
1.2,6632.797452413073,1.6322662929705891
1.2,6565.785423192867,1.5720827876362022
1.2,6467.0978420900965,1.6255862168506268
1.2,6314.743741790095,1.555161150929504
1.2,6284.4746248088695,1.6243723922957254
1.2,6268.363071875601,1.6027882098650252
1.2,7291.0864713866595,1.5372105270870555
1.2,7291.0864713866595,1.6213884802912342
1.2,7045.935739061249,1.6040411894073885
1.2,6762.536585487423,1.573100462899954
1.2,6619.821296646039,1.6340192796974684
1.2,6552.935870596527,1.5737291529531898
1.2,6454.4367425845885,1.627388771820752
1.2,6302.375899921867,1.556898786850958
1.2,6272.1611413948585,1.625956284635059
1.2,6256.762409673717,1.604647054708766
1.2,7276.834096067063,1.5387720598546395
1.2,7276.834096067063,1.6230105740321512
1.2,7032.157633475124,1.605731679966605
1.2,6749.3079337524605,1.5748111043330175
1.2,6606.867156007786,1.6357761665155763
1.2,6540.108093525722,1.5753791868820293
1.2,6441.797073724932,1.6291953502757028
1.2,6290.028965345728,1.558551341633144
1.2,6260.225776831426,1.6275149591775753
1.2,6245.2903501681785,1.6065095932589464
1.2,7262.559509113199,1.5403421693749393
1.2,7262.559509113199,1.6246415827990552
1.2,7018.358027163342,1.6074314672687668
1.2,6736.058612093312,1.5765311592090363
1.2,6593.8927484261485,1.6375427271323109
1.2,6527.260222361549,1.577038312043051
1.2,6429.137579878766,1.6310118893783718
1.2,6277.662637913357,1.560103224234559
1.2,6248.710590854941,1.6290818387492478
1.2,6233.800224362509,1.6083819414557483
1.2,7248.355642591578,1.5419106384436745
1.2,7248.355642591578,1.626270893134241
1.2,7004.626760062065,1.6091294903324425
1.2,6722.874878048912,1.5782494346990747
1.2,6580.982541788654,1.6393074661333562
1.2,6514.475901321593,1.5786957321676898
1.2,6416.54067898964,1.6326261693485729
1.2,6266.126478104894,1.561653128196563
1.2,6237.25229067646,1.6306467249250598
1.2,6222.366837552939,1.6102519126857395
1.2,7234.1758982863075,1.5434825873115592
1.2,7234.1758982863075,1.6279038239140644
1.2,6990.918784678983,1.6108312923567103
1.2,6709.713480655957,1.579971540126807
1.2,6568.094182731826,1.64107614453344
1.2,6501.713190270387,1.580268293026543
1.2,6404.323951277656,1.6342365331064652
1.2,6254.637073936,1.5632061126594128
1.2,6225.813287014983,1.632214725754339
1.2,6210.952682416518,1.612125610852169
1.2,7220.020214799916,1.5450580275718573
1.2,7220.020214799916,1.6295403872192795
1.2,6977.23404180131,1.6125368859707734
1.2,6696.57436319641,1.5816974883115873
1.2,6555.227615844477,1.6428412767912348
1.2,6489.001653365855,1.5817317977339298
1.2,6392.582062100822,1.6358500959836106
1.2,6243.167026601726,1.5647621868161852
1.2,6214.39353116666,1.6337858505451726
1.2,6199.557710470703,1.614003047108079
1.2,7205.888530943116,1.5466369708693877
1.2,7205.888530943116,1.6311805951844496
1.2,6963.572472416788,1.614246283860172
1.2,6683.45746914409,1.583427292130046
1.2,6542.382785902646,1.644408823996708
1.2,6477.105222111072,1.5831982082991345
1.2,6380.859963878407,1.6374668675224553
1.2,6231.716287225951,1.5663213598965735
1.2,6202.992974591396,1.635360108642772
1.2,6188.18187339578,1.6158842326510556
1.2,7191.780785733943,1.5482194289008109
1.2,7191.780785733943,1.6328244599982449
1.2,6949.934017712864,1.6159594987670998
1.2,6670.362742163888,1.5850214272287153
1.2,6530.1344673481,1.6459794823896692
1.2,6465.228849141415,1.5846675333853355
1.2,6369.157606616061,1.6390868573034354
1.2,6220.284807096958,1.5678836411670725
1.2,6191.61156891217,1.6369375094296603
1.2,6176.825123034173,1.6177691787234547
1.2,7177.696918396841,1.5498054134149204
1.2,7177.696918396841,1.634471993903745
1.2,6936.318619075833,1.6176134281914554
1.2,6657.549877205506,1.586556861257694
1.2,6518.1614686517405,1.6475532612417074
1.2,6453.372483769933,1.5861397816901817
1.2,6357.47494048768,1.6407100749451644
1.2,6208.872537666758,1.5694490399311545
1.2,6180.249265914358,1.638518062325862
1.2,6165.48741138978,1.6196578966126238
1.2,7163.636868361818,1.5513949362129331
1.2,7163.636868361818,1.6361232091987463
1.2,6922.726218089985,1.6191283028161385
1.2,6645.343956433806,1.588095344725359
1.2,6506.20864616624,1.6491301698612886
1.2,6441.53607548031,1.587614961945963
1.2,6345.811915834711,1.6423365301046242
1.2,6197.4794305504,1.5710175655294618
1.2,6168.90601754505,1.6401017767890838
1.2,6154.168690627278,1.6215503976511283
1.2,7149.5547439041575,1.5529932211023405
1.2,7149.5547439041575,1.6375917163736735
1.2,6909.921734923979,1.6206511502349503
1.2,6633.118823347875,1.5896419294680877
1.2,6494.236986128482,1.6507153863049138
1.2,6429.680990486666,1.5890979182109086
1.2,6334.130464795486,1.643971563635996
1.2,6186.068298895011,1.572594368641269
1.2,6157.544799692726,1.6416938534241512
1.2,6142.832016695882,1.6234528964942745
1.2,7136.005855990008,1.5544888650011537
1.2,7136.005855990008,1.639041400474476
1.2,6897.251967595846,1.6221720586071668
1.2,6620.954068385333,1.5911865491698811
1.2,6482.324428885653,1.6522985928380298
1.2,6417.884410299411,1.59057899835829
1.2,6322.506638568513,1.6456045336159209
1.2,6174.713434128854,1.5741691863748537
1.2,6146.239578944614,1.6432839299559978
1.2,6131.5511965039095,1.6253530104676774
1.2,7122.922342667794,1.5559036530630197
1.2,7122.922342667794,1.6405098585834368
1.2,6884.603546518732,1.623704103113193
1.2,6608.809784868082,1.592737608580241
1.2,6470.431895331915,1.6538905314322536
1.2,6406.107636498573,1.5920725071125852
1.2,6310.902305679103,1.647241656296046
1.2,6163.377587336778,1.575747062579427
1.2,6134.953269474582,1.6448821992401117
1.2,6120.289224491398,1.627232367101879
1.2,7109.860880301817,1.5573244702191031
1.2,7109.860880301817,1.6419852793871572
1.2,6871.976417791223,1.6252412612192384
1.2,6596.68592116404,1.5942926161034865
1.2,6458.55933502326,1.6554870663481116
1.2,6394.350619243789,1.5935714108343757
1.2,6299.3174171323935,1.648882282658788
1.2,6152.060710779671,1.57732807861252
1.2,6123.685823870345,1.646484950797878
1.2,6109.046053460003,1.6291092525932709
1.2,7096.8214131919885,1.5587481114755366
1.2,7096.8214131919885,1.6434636369403208
1.2,6859.370527693231,1.626781483194713
1.2,6584.582425814611,1.595850727359671
1.2,6446.706697684977,1.6570867921610823
1.2,6382.61330886178,1.595073314536546
1.2,6287.751924097581,1.6505261976698558
1.2,6140.762756878085,1.5789122685345511
1.2,6112.437194877976,1.6480909244498176
1.2,6097.821636368838,1.6309899164662578
1.2,7083.803885825651,1.5601745852607207
1.2,7083.803885825651,1.6449449400198362
1.2,6846.785822685227,1.6283247782091288
1.2,6572.499247533959,1.5974119516504683
1.2,6434.873933210938,1.6586897184469125
1.2,6370.895655845648,1.5965782272345843
1.2,6276.205777907221,1.6521734112273518
1.2,6129.483678211544,1.580499641912493
1.2,6101.2073354012455,1.649700129922021
1.2,6086.615926333824,1.632874370141797
1.2,7070.808242876809,1.5616039000366273
1.2,7070.808242876809,1.6464291974376206
1.2,6834.222249407484,1.629871155468626
1.2,6560.436335208279,1.5989762983147568
1.2,6423.060991662903,1.6602958548197029
1.2,6359.197610854185,1.598086157980137
1.2,6264.678930056562,1.6538239332691398
1.2,6118.223427517881,1.5820902083518085
1.2,6089.996198500958,1.651312576979762
1.2,6075.428876627017,1.6347626250869192
1.2,7057.8344292053225,1.563036064298969
1.2,7057.8344292053225,1.6479164180407784
1.2,6821.679754679325,1.6314206242161524
1.2,6548.393637895078,1.6005437767288089
1.2,6411.2678232698,1.6619052109320984
1.2,6347.519124711174,1.599597115861193
1.2,6253.171332202858,1.6554777737730448
1.2,6106.9819576926,1.5836839774966422
1.2,6078.803737394308,1.652928275427697
1.2,6064.260440675986,1.636654692814968
1.2,7044.840098565386,1.5644757808872407
1.2,7044.840098565386,1.649411485504404
1.2,6809.117400074313,1.632978272581598
1.2,6536.331848499043,1.602119534209922
1.2,6399.455935396288,1.663523071667616
1.2,6335.822079104431,1.6011160626829786
1.2,6241.645423812236,1.6571403638094344
1.2,6095.722576840414,1.585286183200703
1.2,6067.593420151942,1.6545525311850162
1.2,6053.074164971261,1.6385567868935875
1.2,7031.909849657109,1.565913679127373
1.2,7031.909849657109,1.6509046689176743
1.2,6796.616972067641,1.6345339623611812
1.2,6524.329494713082,1.6036933147144845
1.2,6387.702228878705,1.665138906973803
1.2,6324.182627304318,1.602633112212706
1.2,6230.176244084418,1.658800882258688
1.2,6084.518589058237,1.5868863973904668
1.2,6056.438231558177,1.6561747726920069
1.2,6041.942877883936,1.6404565274687786
1.2,7019.0012655351065,1.5673544525733565
1.2,7019.0012655351065,1.652400842299815
1.2,6784.137463963566,1.6360927716109752
1.2,6512.347203968317,1.6052702553549276
1.2,6375.96814703821,1.6667579912427388
1.2,6312.562587648277,1.6041532163919074
1.2,6218.726170134475,1.6604647493783862
1.2,6073.333241618163,1.5884898434841972
1.2,6045.30157919033,1.6578002952739428
1.2,6030.830065611171,1.642360115685279
1.2,7006.114291795545,1.5687981098576675
1.2,7006.114291795545,1.653900014640552
1.2,6771.678823290713,1.6376547097231433
1.2,6500.384926000927,1.6068503656591022
1.2,6364.253640766033,1.6683803342833283
1.2,6300.961911613736,1.605676384455898
1.2,6207.295154261488,1.662131975308355
1.2,6062.166488040285,1.5900965312828588
1.2,6034.183416885166,1.6594291088951394
1.2,6019.735682196597,1.644267563244175
1.2,6993.248874216592,1.570244659647375
1.2,6993.248874216592,1.6554021949656852
1.2,6759.240997753039,1.6392197861275888
1.2,6488.442610714844,1.6084336551931977
1.2,6352.558661117123,1.670005945944
1.2,6289.380550839714,1.6072026256772582
1.2,6195.883148923193,1.6638025702294
1.2,6051.018281999095,1.5917064706270865
1.2,6023.083698632597,1.6610612235603002
1.2,6008.795427131338,1.6461788818940448
1.2,6967.582491558648,1.5731464715852574
1.2,6967.582491558648,1.6584156158538068
1.2,6734.4275837713285,1.6423593917227806
1.2,6464.617668636955,1.61160981040877
1.2,6329.227086723385,1.6732670147181263
1.2,6266.275582433182,1.6102643648698785
1.2,6173.115980470982,1.6671539079740811
1.2,6028.777327992932,1.5949361435143274
1.2,6001.238166792537,1.6643353962445038
1.2,6954.78141893919,1.5746017512420951
1.2,6954.78141893919,1.659926874650404
1.2,6722.051891605302,1.6439339399637591
1.2,6452.734942485548,1.6132026954160723
1.2,6317.590394900918,1.6749024917278623
1.2,6254.751878880578,1.6117998815743342
1.2,6161.760723059921,1.668834671366097
1.2,6017.848253080458,1.596555896938772
1.2,6941.959958495911,1.5760647286137872
1.2,6941.959958495911,1.6614461316033355
1.2,6709.6564647623545,1.6455168257783903
1.2,6440.833244790185,1.614804019613687
1.2,6305.935101957928,1.676546638093127
1.2,6243.209733377307,1.613343542206492
1.2,6150.405927992778,1.6705243543230768
1.2,6007.016537341626,1.5981842511463191
1.2,6929.201584190253,1.5775258817699296
1.2,6929.201584190253,1.662963498507236
1.2,6697.322003638734,1.6470977468547368
1.2,6428.990061639064,1.616403360709625
1.2,6294.33708987406,1.6781887528391983
1.2,6231.72429136124,1.614885299832904
1.2,6139.372980750281,1.6722119595556768
1.2,6916.464444320586,1.578989980199172
1.2,6916.464444320586,1.6644839283484003
1.2,6685.008047348053,1.6486818636377114
1.2,6417.166543916722,1.61800593928076
1.2,6282.758313986725,1.679834196170234
1.2,6220.448363106326,1.6164301870764983
1.2,6128.357270124908,1.6739029957706046
1.2,6903.748485918594,1.5804570328157597
1.2,6903.748485918594,1.666007430410408
1.2,6672.71454480186,1.6502691858269185
1.2,6405.362642682563,1.6196117651672666
1.2,6271.290971074472,1.6814829782171203
1.2,6209.288232388818,1.617978213476184
1.2,6117.3587557553965,1.675597473441534
1.2,6891.053656191996,1.581927048569948
1.2,6891.053656191996,1.6675340140143913
1.2,6660.441445081287,1.6518597231612566
1.2,6393.578309158259,1.6212208482492396
1.2,6260.040518455784,1.683135109151899
1.2,6198.145528888665,1.6195293886096709
1.2,6106.377397406409,1.6772954030848135
0.6,6164.358568933643,1.8649103002768648
0.6,6164.358568933643,2.1253432854320846
0.6,6391.504437224735,1.8503130752267936
0.6,6391.504437224735,2.114109043180747
0.6,6618.514761092276,1.8362859634637885
0.6,6618.514761092276,2.106343770839612
0.6,7070.673777551773,1.8074244704917704
0.6,7070.673777551773,2.0866897303622194
0.6,7295.245444369578,1.796236494426472
0.6,7295.245444369578,2.0770037042578218
0.6,6113.68317194072,2.113571310854726
0.6,7519.985258070479,1.7853560937112565
0.6,7519.985258070479,2.068353059477193
0.6,6303.033323747078,2.101939555057881
0.6,7743.911182241436,1.774066074761934
0.6,7743.911182241436,2.060722086815084
0.6,6493.0139610859405,2.0892158268787067
0.6,7968.773834322249,1.7583736530464082
0.6,7968.773834322249,2.0517222723014354
0.6,6689.460556941625,2.0792085770593705
0.6,8189.922885742019,1.7537633675814
0.6,8189.922885742019,2.044363334853242
0.6,6873.117897541065,2.070721608848414
0.6,6015.973977290751,2.17778459529925
0.6,8413.391503941719,1.7480558818942586
0.6,8413.391503941719,2.034769770455015
0.6,7058.783512067156,2.064099614107944
0.6,6182.953489293787,2.167793674986774
0.6,8637.69072659507,1.740606202077562
0.6,8637.69072659507,2.0283018591362283
0.6,7241.693982323912,2.0570745138027497
0.6,6351.752559095119,2.1587380575449884
0.6,8861.091444987967,1.7333852452333307
0.6,8861.091444987967,2.018596941582993
0.6,7432.163497413261,2.049778066953989
0.6,6524.550248314607,2.1502016988635653
0.6,6075.529238631531,2.1079914376963247
0.6,9087.075211075353,1.7254371890201854
0.6,9087.075211075353,2.010003853650791
0.6,7618.418127624416,2.0423728115367594
0.6,6692.18476387824,2.142710643221124
0.6,6233.359678782864,2.097208534329923
0.6,9318.654578368132,1.714780303303313
0.6,9318.654578368132,2.003870824440245
0.6,7804.333775891448,2.0334119006731197
0.6,6861.319135644912,2.132396460552592
0.6,6393.594787638007,2.0875357417029807
0.6,6034.282477138121,2.1610002380963347
0.6,9543.37188722125,1.7080453600446004
0.6,9543.37188722125,1.996115698244447
0.6,7992.972807759535,2.026221112979541
0.6,7029.273682313276,2.123952116369373
0.6,6552.250398934852,2.0783296312245114
0.6,6182.412112981386,2.1552472666164486
0.6,9770.358724087531,1.7002609651226197
0.6,9770.358724087531,1.9872893447737583
0.6,8181.272948392311,2.0199164235459706
0.6,7196.47188334816,2.1183545970592275
0.6,6708.380313525964,2.0701606966444546
0.6,6332.2177043012025,2.1495064400059483
0.6,6049.614436704068,2.148406100869141
0.6,9996.840731501215,1.693510719816646
0.6,9996.840731501215,1.9753515770617345
0.6,8372.79833820163,2.011147672686713
0.6,7369.390365283508,2.112304255124165
0.6,6865.128503608562,2.061991993732162
0.6,6482.017892730684,2.140947192129824
0.6,6194.981700696791,2.139035801545413
0.6,10222.795138753376,1.6863896978211643
0.6,10222.795138753376,1.965636802695244
0.6,8555.929595186963,2.0058469557896044
0.6,7535.173319468171,2.1050316965497435
0.6,7025.298504399713,2.0532610728238496
0.6,6630.663982814102,2.134881282708016
0.6,6341.925332674136,2.1307945025109816
0.6,10453.275342656972,1.6772267691260323
0.6,10453.275342656972,1.95911223831469
0.6,8748.611421439851,1.9988949522595771
0.6,7700.491427177091,2.1041004007412947
0.6,7175.892643373047,2.0517059339568644
0.6,6784.804689687488,2.118994671807565
0.6,6482.315523967453,2.1234062398006177
0.6,6013.523133523115,2.133344226055775
0.6,10683.779077051042,1.6696122416768826
0.6,10683.779077051042,1.9539484438992152
0.6,8936.595273946876,1.9919499650618773
0.6,7871.076343082209,2.0963768021544045
0.6,7336.031122695893,2.0438326152731743
0.6,6935.315403470167,2.115074037631086
0.6,6624.313649115056,2.1164729966339544
0.6,6144.551649552998,2.127653838672697
0.6,10910.969296232292,1.6626158383290477
0.6,10910.969296232292,1.9460220821618337
0.6,9121.685684466553,1.9860206233791171
0.6,8040.875552050412,2.0898668597454635
0.6,7494.456508216633,2.036963356129452
0.6,7086.40122621998,2.1061809868795662
0.6,6773.4201167130495,2.109017782517709
0.6,6276.817420308456,2.122456083799239
0.6,11139.866107086902,1.6571588591702735
0.6,11139.866107086902,1.93783717156063
0.6,9311.727489907693,1.978341730055306
0.6,8217.964988277387,2.0740079978504813
0.6,7657.196295300026,2.02495833263806
0.6,7234.578028068757,2.111264978476295
0.6,6917.95343259807,2.106406028049739
0.6,6406.458673757481,2.1192204818594718
0.6,6100.857380442435,1.972891608090232
0.6,6130.291653408089,1.8693660758227688
0.6,6130.291653408089,2.1366839642948965
0.6,6357.5821833485525,1.8545468368882467
0.6,6357.5821833485525,2.1249673165543133
0.6,6584.7535523857,1.840314279469854
0.6,6584.7535523857,2.1167731656500584
0.6,6811.263477086804,1.8250253781470664
0.6,6811.263477086804,2.106513784379808
0.6,7037.143494276315,1.8110935509145545
0.6,7037.143494276315,2.0962965560274305
0.6,7261.832028133883,1.7997533400735284
0.6,7261.832028133883,2.086250129531717
0.6,6060.052440574244,2.1287960485340327
0.6,7486.641444417925,1.7887329267932142
0.6,7486.641444417925,2.0772673590051887
0.6,6249.497495591346,2.1165869392445864
0.6,7710.681670003587,1.7773103642238517
0.6,7710.681670003587,2.069326623804685
0.6,6439.612086084975,2.103300546067
0.6,7935.617634574802,1.7614864314514551
0.6,7935.617634574802,2.0600160856470926
0.6,6636.159150046151,2.0927818091594284
0.6,8156.835568847634,1.756773659561171
0.6,8156.835568847634,2.0523932408948102
0.6,6819.9207653220765,2.083846530998623
0.6,8380.310549568658,1.7509697791717502
0.6,8380.310549568658,2.0425389922487995
0.6,7005.647815422515,2.0768105126734264
0.6,6112.821064160711,2.185846407334839
0.6,8604.661328651491,1.743420955788466
0.6,8604.661328651491,2.03583839987634
0.6,7188.673085291364,2.069394169606231
0.6,6281.671756980341,2.1762196689254605
0.6,8828.13734312515,1.7361085131972895
0.6,8828.13734312515,2.025888548720576
0.6,7379.255678747661,2.0617158210441127
0.6,6454.500772710384,2.1671395832460134
0.6,9054.20512432272,1.7280674350900738
0.6,9054.20512432272,2.01707277705736
0.6,7565.609305201195,2.053956656034267
0.6,6622.196738298601,2.159144827058314
0.6,6146.922318546451,2.1179881403442504
0.6,9285.83566745645,1.7173166039345067
0.6,9285.83566745645,2.010736151392862
0.6,7751.646673828275,2.044643358240085
0.6,6791.427610462148,2.148323702756835
0.6,6307.212793184878,2.107679979713615
0.6,9510.580857648574,1.7105057017953145
0.6,9510.580857648574,2.0027803433189164
0.6,7940.355530755294,2.037135309711578
0.6,6959.427158282568,2.1394180492359447
0.6,6465.894137466431,2.09788806914163
0.6,6078.447015357698,2.1802420483076816
0.6,9737.626630833647,1.7026453301134574
0.6,9737.626630833647,1.993759625008348
0.6,8128.7394026493,2.0305269894674005
0.6,7126.716432506002,2.133400546534359
0.6,6622.124378885639,2.08915859709349
0.6,6228.341661773163,2.1738136267640518
0.6,9964.208249532558,1.695818696118368
0.6,9964.208249532558,1.9816124577805163
0.6,8320.415972504978,2.021451047190736
0.6,7299.660525277231,2.12694507889641
0.6,6778.957955543492,2.0804502989141547
0.6,6378.253365632564,2.164560388821764
0.6,6072.540831471903,2.1680389991491804
0.6,10190.237878824517,1.688623504474288
0.6,10190.237878824517,1.9717115815093
0.6,8503.704352263007,2.0158831942876647
0.6,7465.543616925328,2.119275899766769
0.6,6939.157029649933,2.0712150887661087
0.6,6526.960864267144,2.157867141413308
0.6,6219.484322927001,2.1589948063385958
0.6,10420.74874433365,1.6793923542045417
0.6,10420.74874433365,1.9650184192118203
0.6,8696.459114199735,2.008659648332634
0.6,7630.96665435366,2.11802612730234
0.6,7089.875117882727,2.0692275737084898
0.6,6681.082449143985,2.1412849589057723
0.6,6359.970841717762,2.1508640485274
0.6,10651.282843652516,1.6717139566885166
0.6,10651.282843652516,1.9597077590142316
0.6,8884.513363888407,2.001467089093305
0.6,7801.555968028886,2.109942446140922
0.6,7250.016336115861,2.0608933061669843
0.6,6831.6285386119725,2.1368233377353523
0.6,6502.033539793573,2.143225140685446
0.6,6007.113434582303,2.159310934025507
0.6,10878.510885484768,1.664655956078798
0.6,10878.510885484768,1.9516251393278197
0.6,9069.740872419748,1.9952946095487245
0.6,7971.433516503274,2.1030949106504835
0.6,7408.47743462019,2.0535914912419893
0.6,6982.7764385616765,2.127348873825816
0.6,6651.109858073261,2.1350887997400725
0.6,6139.426225970875,2.1533405959325447
0.6,11107.470950912892,1.659141985572616
0.6,11107.470950912892,1.943289468433568
0.6,9259.9121672472,1.9873676548593069
0.6,8148.580665826564,2.086838934276908
0.6,7571.260804544119,2.041127419331978
0.6,7131.065381995267,2.1320176519303438
0.6,6795.705891898114,2.131884070117366
0.6,6269.1982254649365,2.149380171662985
1.2,6045.807562459352,1.6010239300910076
1.2,6045.807562459352,1.5436345451148907
1.2,6238.207454055149,1.5937683395252538
1.2,6238.207454055149,1.5380992988631204
1.2,6430.512416991411,1.585837747498579
1.2,6430.512416991411,1.5323355975246316
1.2,6136.89850540156,1.565963486014238
1.2,6621.41220510221,1.57966831065984
1.2,6621.41220510221,1.5263055178429616
1.2,6319.997237413495,1.5594568090542114
1.2,6001.445678296404,1.617212697437441
1.2,6813.258600367977,1.5726945983073035
1.2,6813.258600367977,1.5197766612075825
1.2,6504.239524809192,1.5528170667931658
1.2,6176.541750719598,1.6094608182977344
1.2,7005.22959329435,1.56419983893041
1.2,7005.22959329435,1.5132080152824006
1.2,6688.604093217947,1.5460204278990215
1.2,6351.486559242407,1.6026038067161248
1.2,6106.237637220222,1.6187035450302656
1.2,7195.588230666333,1.558747450027591
1.2,7195.588230666333,1.508220782586843
1.2,6873.375428386483,1.5375142317504151
1.2,6529.316510564707,1.5941383289916342
1.2,6277.44944488568,1.6113400153898665
1.2,6111.709147147332,1.5852020419055588
1.2,7386.483735392572,1.5528050930029094
1.2,7386.483735392572,1.5025866386037736
1.2,7056.632698330323,1.5307504565183343
1.2,6706.045880261943,1.5858395827836371
1.2,6446.57191451248,1.6061858093094692
1.2,6276.760118143359,1.5798632780795303
1.2,6071.851896378722,1.57511413144388
1.2,7577.529945228024,1.546366216347404
1.2,7577.529945228024,1.4960894631067525
1.2,7239.319277407591,1.5238877354698803
1.2,6881.012312117065,1.5779041926470194
1.2,6615.49611662112,1.600399636162048
1.2,6444.0057741049695,1.57273721802748
1.2,6233.5154846898085,1.568006218036871
1.2,6105.330758610234,1.610015666890109
1.2,7768.350700067367,1.540042086792978
1.2,7768.350700067367,1.4890221874049083
1.2,7421.790549199057,1.5161007103276445
1.2,7056.723226958261,1.5720864822002265
1.2,6784.250723021098,1.5931464287063528
1.2,6612.010441568519,1.564421240634302
1.2,6396.918152709779,1.5605021905172138
1.2,6264.43023559901,1.602389823890772
1.2,6084.147275718578,1.626206566113188
1.2,6036.576996521853,1.5419419799312712
1.2,7959.530314016828,1.5334192642911375
1.2,7959.530314016828,1.4835782234410588
1.2,7605.501238463626,1.5091430809855213
1.2,7229.682171458481,1.5653510518131644
1.2,6953.419050766327,1.5865210016273803
1.2,6775.914695477187,1.5582195881616472
1.2,6559.207894608145,1.5558496936870423
1.2,6423.528665401076,1.5960973828091505
1.2,6236.034711603331,1.619253772694283
1.2,6189.4657179614505,1.5347354172475052
1.2,8150.633266533038,1.5265150820238074
1.2,8150.633266533038,1.4771278728426265
1.2,7790.776680372642,1.5014752389359716
1.2,7404.567823779721,1.558892623637457
1.2,7125.288376742488,1.578731664023586
1.2,6943.776691646755,1.5504202762695836
1.2,6722.178569807171,1.5494213978808715
1.2,6582.941355469536,1.590126821377343
1.2,6389.388971353093,1.6135652862563394
1.2,6341.189989383664,1.5275097248738183
1.2,8341.605542305308,1.518298997721392
1.2,8341.605542305308,1.470346753708758
1.2,7976.463385227749,1.4952124092972623
1.2,7577.163286569289,1.5510315561664654
1.2,7296.838435076718,1.5713958979677047
1.2,7111.442535192139,1.5451634338901803
1.2,6883.428535313584,1.5401801720321602
1.2,6747.013105650958,1.581655051817323
1.2,6546.558724229525,1.6067629597627542
1.2,6492.455335856653,1.521636614597062
1.2,8532.571968356193,1.51259879115215
1.2,8532.571968356193,1.4632898469512192
1.2,8159.426978811308,1.4891198331820896
1.2,7748.944633445163,1.542650842588743
1.2,7468.189510984776,1.564493503393234
1.2,7279.116251422774,1.539300619992079
1.2,7047.088383067955,1.5346677173090828
1.2,6904.510773746592,1.5745610722058396
1.2,6701.061563325563,1.599964715039191
1.2,6645.441555920609,1.515875078494961
1.2,8723.47976045901,1.506172114756014
1.2,8723.47976045901,1.4561031999169385
1.2,8343.221337535339,1.4820517452461306
1.2,7920.28473503364,1.5331873964942029
1.2,7641.535566559598,1.5562957327431386
1.2,7448.331661329256,1.5332910866705347
1.2,7211.527801074938,1.5288390380729675
1.2,7064.523900835029,1.5686143122509677
1.2,6854.418623709523,1.5924088291739749
1.2,6798.731416704632,1.5096413633340249
1.2,8915.915305067414,1.498120490257393
1.2,8915.915305067414,1.45039480129386
1.2,8526.536291101438,1.4724945576591932
1.2,8096.018851580074,1.526800912997476
1.2,7810.074196940802,1.547913746110791
1.2,7613.651197685574,1.526628432034192
1.2,7376.026451918661,1.5211483294924888
1.2,7224.514808341731,1.5649211859158976
1.2,7008.436088895586,1.584131794898778
1.2,6953.463107586307,1.5012118939987904
1.2,9106.285835712228,1.4908485081388867
1.2,9106.285835712228,1.4440618904788387
1.2,8712.906660336097,1.462892760418787
1.2,8272.977537187564,1.518879196572007
1.2,7981.927514013554,1.5398430004737318
1.2,7785.704450899128,1.5188746266297597
1.2,7538.546912099389,1.5144683932008025
1.2,7384.490369618857,1.5587465329343049
1.2,7164.119786831246,1.575942105163044
1.2,7108.532411148104,1.4938810042821944
1.2,9296.590892586468,1.4848933676594485
1.2,9296.590892586468,1.436623864755037
1.2,8900.020557305012,1.4580726706826774
1.2,8444.04992147386,1.5102809846955398
1.2,8153.002192425266,1.5304092806997898
1.2,7956.748653926398,1.5127993309489425
1.2,7701.170543099161,1.507111275434576
1.2,7542.316543096364,1.5502309702873387
1.2,7319.494373777601,1.5669264651730688
1.2,7266.795460216595,1.4866020636534567
1.2,9485.703768950782,1.4792269014081991
1.2,9485.703768950782,1.427668401302454
1.2,9091.235246460052,1.450770243349471
1.2,8619.609734414247,1.5009167057497477
1.2,8324.49204943408,1.521135290900788
1.2,8128.76108460639,1.5056796492341733
1.2,7864.161596062745,1.500742484849921
1.2,7702.148351056714,1.540179761130081
1.2,7474.810588819958,1.5587891016179338
1.2,7424.398345622244,1.4799675954537284
1.2,6042.8079570586615,1.6173918852562486
1.2,6042.8079570586615,1.6188732946843123
1.2,6241.978794135035,1.6069447681058684
1.2,6241.978794135035,1.609344904083392
1.2,6061.030066959003,1.683309190635131
1.2,6439.854242837922,1.6022225110518
1.2,6439.854242837922,1.60202853368366
1.2,6255.155790414068,1.673359625294124
1.2,6637.916688932467,1.5882559218992247
1.2,6637.916688932467,1.600730498695916
1.2,6447.028916890139,1.6698346728110705
1.2,6129.638602366591,1.58964243109612
1.2,6836.156952557154,1.5797235565981425
1.2,6836.156952557154,1.5949403599582086
1.2,6639.369984052714,1.6613626474144267
1.2,6312.847256861803,1.5823752761770764
1.2,6167.782954400139,1.6712748013248089
1.2,6114.269181214654,1.5890149929636062
1.2,6000.644086991124,1.6448271687364129
1.2,7033.290059837715,1.5777937388634673
1.2,7033.290059837715,1.5828261287034175
1.2,6834.773219983541,1.6488678692787289
1.2,6497.013297305142,1.5757832980617963
1.2,6349.884477755171,1.6633885962932915
1.2,6294.131489275742,1.5811082815081443
1.2,6178.994100549577,1.6382691851736595
1.2,6072.728336796472,1.552968575351686
1.2,6076.649030915027,1.6378060128977123
1.2,6037.443337995998,1.6029612968304496
1.2,7232.601345968338,1.5644762350297092
1.2,7232.601345968338,1.579727445978001
1.2,7026.335904905978,1.6434320844308328
1.2,6680.100140867138,1.568968304665582
1.2,6530.85231268207,1.6558677699964055
1.2,6473.979672654428,1.5739756996705057
1.2,6354.641975972761,1.6306868657593716
1.2,6245.784746554382,1.546148024906261
1.2,6250.4909712446815,1.6295704247890042
1.2,6209.334825675012,1.5973232758708265
1.2,7429.282226831252,1.5660675159894295
1.2,7429.282226831252,1.5656665713010032
1.2,7220.500129120242,1.632774940598857
1.2,6864.11299553668,1.5610063481230787
1.2,6710.454127953686,1.646796224472962
1.2,6654.653293180218,1.5686008601814794
1.2,6530.677087081837,1.6225686799170702
1.2,6417.332860787823,1.5405752924623168
1.2,6425.754011161605,1.6229020923075093
1.2,6382.032568730636,1.5883453519403885
1.2,7627.0336882566435,1.5587536066755874
1.2,7627.0336882566435,1.5594145016003855
1.2,7414.537411512077,1.6248196375870672
1.2,7048.894229545261,1.5537414915782646
1.2,6890.049139066063,1.639482014833633
1.2,6832.65089625096,1.5626230161781962
1.2,6705.7592212585205,1.6155755070904203
1.2,6591.919323016647,1.5330863477628651
1.2,6599.80144213985,1.616465840754679
1.2,6553.999723937966,1.5794019373109942
1.2,7824.238357624817,1.5455080835272803
1.2,7824.238357624817,1.5589001836697771
1.2,7604.434450645998,1.6194925792384849
1.2,7230.3094200106225,1.5478213633735307
1.2,7071.133239139357,1.6297087925175688
1.2,7014.050960093999,1.5560014801928348
1.2,6882.538144170466,1.6099194340754337
1.2,6764.481927079043,1.5240361412281749
1.2,6776.666704815156,1.6100767378984615
1.2,6724.7278384054825,1.5704029161742303
1.2,8020.617524883118,1.5386538129045613
1.2,8020.617524883118,1.551951261244108
1.2,7799.640623904272,1.611641133538942
1.2,7414.630574001877,1.5405185707692337
1.2,7250.413170013456,1.624594424540082
1.2,7190.153153308716,1.5472153549373842
1.2,7059.183680638783,1.60238263007386
1.2,6938.638623291169,1.5174249312530792
1.2,6950.897559214807,1.603042817889396
1.2,6898.773873080165,1.5600172771269785
1.2,8217.461293703029,1.5329583599756034
1.2,8217.461293703029,1.5414823778512343
1.2,7993.718313396893,1.6023208490854222
1.2,7597.8844991722035,1.533227661180416
1.2,7429.861509458206,1.6184452959119424
1.2,7365.202336964246,1.5417936698682182
1.2,7236.816214784932,1.594194116946422
1.2,7112.352779222714,1.5097363447096763
1.2,7123.127437830968,1.596041964315868
1.2,7070.633335762159,1.5515358194797355
1.2,8415.779212676189,1.5235693740966894
1.2,8415.779212676189,1.532645215622135
1.2,8188.827020807667,1.5928441502608002
1.2,7785.753940231743,1.5244913438136107
1.2,7611.244519464087,1.6099635287977556
1.2,7545.355184507496,1.5343213465813126
1.2,7412.687568479773,1.5883941174660632
1.2,7284.623354539772,1.5026765742623498
1.2,7296.035707731374,1.589359369306625
1.2,7241.174505390808,1.5387236461664204
1.2,8611.904169291849,1.5186195436767578
1.2,8611.904169291849,1.525081246229923
1.2,8385.53887564115,1.5850557791100075
1.2,7966.040908359168,1.5161854151367673
1.2,7790.954090026499,1.6015081358444745
1.2,7726.867863593266,1.5247285514850517
1.2,7588.751975728842,1.580567558022215
1.2,7459.051550543978,1.4959747591985937
1.2,7468.710290210353,1.5832175737008574
1.2,7410.211849830663,1.5302645228399363
1.2,8810.500968391405,1.508304454863555
1.2,8810.500968391405,1.51889044983044
1.2,8582.339906855716,1.5764520570175091
1.2,8150.342018462306,1.5024944585536535
1.2,7977.353041708784,1.5935093274900392
1.2,7908.55468929492,1.5166576473462965
1.2,7767.5161373364435,1.5701380653419734
1.2,7631.252659784488,1.488507903048336
1.2,7642.469904352261,1.5769994362628934
1.2,7582.220228972904,1.5184102945167937
1.2,9006.288781863435,1.50655729346076
1.2,9006.288781863435,1.505356081513813
1.2,8781.235937774054,1.566283994130365
1.2,8337.548503753158,1.4948490411525073
1.2,8160.064827070492,1.5833451551730646
1.2,8092.043772169608,1.5074120991157434
1.2,7944.174973564896,1.563519768258506
1.2,7802.746504119246,1.479594256992645
1.2,7817.109926764266,1.5686179102156013
1.2,7756.767181584403,1.5058002487360946
1.2,9205.051643517225,1.4937969743817514
1.2,9205.051643517225,1.5007127924727066
1.2,8979.882293227716,1.5557157838646472
1.2,8526.059510450294,1.481920306900154
1.2,8341.483739203575,1.5719747839500986
1.2,8276.67833679788,1.5001836200942862
1.2,8122.417145127414,1.5543114283445625
1.2,7978.075546187381,1.469064388712736
1.2,7994.14881967668,1.5598491289933178
1.2,7932.03025514184,1.4957993974562132
1.2,9401.021570087489,1.4929773506136268
1.2,9401.021570087489,1.4844931045993948
1.2,9177.70398160322,1.543601201569507
1.2,8716.759475902507,1.4725746355507852
1.2,8527.252611475953,1.5604126353916594
1.2,8459.901752755415,1.4894093623535527
1.2,8303.517333320364,1.5437358272093915
1.2,8160.370585417106,1.458792646211254
1.2,8172.646755117866,1.5490839117506623
1.2,8112.307049257597,1.4827815488244256
1.2,9597.808156276356,1.4863106032879043
1.2,9597.808156276356,1.4733620529407878
1.2,9379.414555206424,1.5286379289146894
1.2,8911.029135562183,1.4608794734299486
1.2,8715.4780575405,1.5484900345516963
1.2,8648.308463984864,1.4796368175616987
1.2,8481.104457164656,1.53180461016404
1.2,8341.286380808646,1.4521902602620471
1.2,8342.867817139577,1.539229920463308
1.2,8285.30293866651,1.4697865665927985
1.2,9796.641410913731,1.473327134347778
1.2,9796.641410913731,1.4677307605537804
1.2,9577.860569148444,1.5161306534946124
1.2,9103.822921075713,1.4482877329918016
1.2,8903.683720141707,1.5350945485872831
1.2,8842.876771648309,1.470190103021451
1.2,8660.699231226108,1.5217501710456427
1.2,8520.010618037986,1.444363043031968
1.2,8516.327334666123,1.5291235047309404
1.2,8469.41672814381,1.4557915076722832
1.2,6143.94644814913,1.6420939035562268
1.2,6143.94644814913,1.639271020362248
1.2,6332.810753020185,1.6277575893593583
1.2,6332.810753020185,1.6379575804322897
1.2,6151.8140317155885,1.7113848513021348
1.2,6521.867163934972,1.6190006541494424
1.2,6521.867163934972,1.6320312602603393
1.2,6335.246228934245,1.702755601153901
1.2,6024.745544207751,1.623088072227208
1.2,6709.868273355884,1.6170854375853585
1.2,6709.868273355884,1.6195823244583545
1.2,6521.6018842781705,1.6899897418304066
1.2,6200.381224913501,1.6163364648638665
1.2,6061.006629404546,1.7048644156847328
1.2,6008.78335332791,1.620326346112819
1.2,6899.944838569635,1.603386746074155
1.2,6899.944838569635,1.6164260592123183
1.2,6704.290051379898,1.6844633674594625
1.2,6374.987224959142,1.60937431867584
1.2,6233.592534230663,1.6971629101675505
1.2,6180.299073274298,1.613052853296977
1.2,6067.401874989533,1.6731625662573169
1.2,7087.513573333119,1.605070130863404
1.2,7087.513573333119,1.6019940529370396
1.2,6889.461770540033,1.6735379121431433
1.2,6550.474036316586,1.601273682350684
1.2,6404.871315582159,1.6878618013698057
1.2,6352.602635335531,1.6075458589353624
1.2,6235.278689829816,1.6649451218975366
1.2,6128.141686792305,1.579586589068933
1.2,6137.237075210779,1.6630814783121528
1.2,6096.493659262749,1.6351131576142663
1.2,7276.101526208024,1.597591794019876
1.2,7276.101526208024,1.5955920273685449
1.2,7074.508724324788,1.6653716400497784
1.2,6726.695334972754,1.5938371772052318
1.2,6576.144518500363,1.6803929700595963
1.2,6522.34982415474,1.6014910711038388
1.2,6402.247199361346,1.65779728548905
1.2,6294.640088998632,1.5719323009565174
1.2,6303.220519926662,1.6565994163614424
1.2,6260.489688174988,1.6259618184062856
1.2,7464.192493039793,1.583969088448656
1.2,7464.192493039793,1.5950813385502367
1.2,7255.629128201774,1.6599792293804143
1.2,6899.703674756175,1.5878123089993037
1.2,6748.83795955503,1.6703714714533182
1.2,6695.343705491829,1.5947069520016848
1.2,6570.833158027334,1.652108595929079
1.2,6459.203100750651,1.5626024093389927
1.2,6471.890791830743,1.6501734923866058
1.2,6423.299017754898,1.616790266225419
1.2,7651.448010087543,1.5769974758321983
1.2,7651.448010087543,1.5879438891733555
1.2,7441.769867057741,1.6519199678774483
1.2,7075.486084619098,1.5803078170559153
1.2,6919.811595375408,1.6652118903448958
1.2,6863.283766744145,1.5857309489426576
1.2,6739.292350536109,1.6444084075960188
1.2,6625.288687545594,1.555881197279908
1.2,6638.045261601402,1.6430209366828323
1.2,6589.276436513785,1.6062219850644983
1.2,7839.170486095048,1.571188248883017
1.2,7839.170486095048,1.577189591849568
1.2,7626.854145892223,1.642372295238698
1.2,7250.24738445173,1.5727957558411263
1.2,7090.946097971831,1.6590188595314337
1.2,7030.217640600061,1.580181625067003
1.2,6908.692493057229,1.6360113245863237
1.2,6790.9516545937495,1.5480468953521778
1.2,6802.29136568456,1.6359326643954633
1.2,6753.166471515804,1.5975451284184934
1.2,8215.33659992892,1.5565749274324503
1.2,8215.33659992892,1.5603153380865131
1.2,8000.521963562803,1.6246924325304029
1.2,7601.343071445579,1.5553947875671006
1.2,7435.303182148268,1.6416314620084826
1.2,7375.117765628733,1.5627372959124832
1.2,7244.307312721692,1.6220691764396693
1.2,7121.572993400826,1.533941782776871
1.2,7131.8460456693765,1.6230200370498271
1.2,7076.982237735623,1.575900681287484
1.2,8404.730802625107,1.5460290647926171
1.2,8404.730802625107,1.5539344054029771
1.2,8188.202874774904,1.615961189373925
1.2,7777.099866540109,1.5413123485823517
1.2,7613.062346097845,1.633450264413791
1.2,7548.379187774623,1.5544255181793174
1.2,7414.781403545114,1.611420989552433
1.2,7285.784380092301,1.5263081721705396
1.2,7297.543912951576,1.6168033668193489
1.2,7241.005798297718,1.5637814555429368
1.2,8591.444453267577,1.5443361921523258
1.2,8591.444453267577,1.5400306668532793
1.2,8377.881895600714,1.6055293797515453
1.2,7955.630206118309,1.533514149500398
1.2,7787.304131448598,1.6229890402206577
1.2,7723.358130198789,1.5449315317399008
1.2,7583.242131276576,1.6047055289810903
1.2,7449.318799485004,1.5172159905922635
1.2,7464.079488973824,1.6083194086844952
1.2,7407.450959150731,1.5508696457442976
1.2,8780.993620584812,1.5312946502394875
1.2,8780.993620584812,1.5352728736078571
1.2,8567.318969562366,1.594651534892023
1.2,8135.403784321942,1.5203248421700324
1.2,7960.312570843169,1.6112967884655398
1.2,7899.429461086344,1.5375416415766592
1.2,7753.210917775028,1.595307347408401
1.2,7616.510451654576,1.5064383250573108
1.2,7632.901554730504,1.5993514677070872
1.2,7574.577726902782,1.5407482847344898
1.2,8967.877723406653,1.5305323593224165
1.2,8967.877723406653,1.5186670617540317
1.2,8755.968865275423,1.5822178783110352
1.2,8317.264662386035,1.510730230775511
1.2,8137.468358286034,1.5994697381111938
1.2,8074.148836110719,1.5265748925715887
1.2,7925.903149754281,1.5844196069649386
1.2,7790.348180144168,1.4959787652122083
1.2,7803.111467763012,1.5883568668916757
1.2,7746.485942884548,1.52741255437308
1.2,9155.540183881105,1.5237975314002394
1.2,9155.540183881105,1.5072839782519278
1.2,8948.323629143459,1.5668483465945515
1.2,8502.525553431711,1.4987626305109298
1.2,8316.964594256397,1.5871530790003274
1.2,8253.813220971073,1.5166618949129005
1.2,8095.240728469452,1.572040465252729
1.2,7962.871249408518,1.489291208220592
1.2,7965.424674422083,1.578451661137605
1.2,7911.443220919077,1.5140378305862787
1.2,9345.150869243793,1.5105153652466483
1.2,9345.150869243793,1.5015608963425486
1.2,9137.56192408555,1.5540176154645224
1.2,8686.37532859419,1.4859558928175425
1.2,8496.438185107261,1.5732756375620405
1.2,8439.354698738198,1.507019416725376
1.2,8266.493686964906,1.5616705526991217
1.2,8133.300321125219,1.4814593294612364
1.2,8130.822768855666,1.568042739389711
1.2,8087.0097024237375,1.4997265310588512
