K,Rem,frictionFactor
1.2,5994.113792232537,2.653585552028708
1.2,5986.772393332333,2.655490673856168
1.2,5979.115835085968,2.657485715499112
1.2,5971.163171889384,2.659557978050079
1.2,5962.915493141953,2.661716562211729
1.2,5954.3739265588365,2.663957500143435
1.2,5945.48602456475,2.666294363741812
1.2,5936.32459909558,2.668714459609746
1.2,5997.294487721541,3.155364584798935
1.2,5926.890820300728,2.671218230080094
1.2,5987.042021583453,3.1584992837095967
1.2,5917.150302580867,2.673806134035841
1.2,5976.481819890677,3.1617394512976245
1.2,5998.626581914135,2.5397170664947977
1.2,5907.122209920708,2.676483068923893
1.2,5965.597444691003,3.165090951997264
1.2,5989.813798401836,2.5419711600813444
1.2,5896.772418724435,2.6792495547720847
1.2,5954.390535261302,3.1685544731465813
1.2,5980.7429365093285,2.544296475178556
1.2,5886.155620325715,2.6821016902305543
1.2,5942.982039550477,3.1721254699361645
1.2,5971.433040157936,2.546689182825776
1.2,5990.4904081214245,2.8842639455884336
1.2,5875.280870323938,2.685044454522875
1.2,5931.450125601301,3.175809913505501
1.2,5961.831341193735,2.549166520384755
1.2,5979.9016560763375,2.887303253832631
1.2,5864.328413171488,2.6880873450511498
1.2,5919.572812836336,3.17962441362154
1.2,5952.028675053449,2.5517036147350045
1.2,5969.272227679131,2.890420884798665
1.2,5853.136057374752,2.691208667909989
1.2,5907.438675769488,3.18353281001284
1.2,5941.972325465451,2.554317745666248
1.2,5958.45788236853,2.893631739808256
1.2,5841.653595487935,2.694422389598693
1.2,5894.997205562586,3.1875623049734583
1.2,5995.945483756665,2.638068155430312
1.2,5931.8980334762255,2.5570008849651797
1.2,5947.398731369652,2.896931602337121
1.2,5829.89967827992,2.69772914657602
1.2,5882.25014685439,3.191697814806757
1.2,5987.222536589959,2.6404124346777573
1.2,5921.602816676697,2.559766208054291
1.2,5936.043717623704,2.9003258844084128
1.2,5817.858691537519,2.701125092461102
1.2,5869.21652859439,3.195956135527544
1.2,5978.2772059024,2.6428221657922397
1.2,5911.080238063448,2.5625971828483363
1.2,5924.463951382084,2.903805546376428
1.2,5805.566347247679,2.7046153858954605
1.2,5855.880856175932,3.200332856642667
1.2,5969.146336839561,2.6452889248161755
1.2,5900.331387870237,2.565507039809717
1.2,5912.608517171175,2.9073808757151065
1.2,5792.99003461876,2.708196198453721
1.2,5842.26216173387,3.2048181723285785
1.2,5959.968777053055,2.64782180681725
1.2,5889.340081968277,2.568492013890463
1.2,5900.496238207348,2.911047685923353
1.2,5780.148406165425,2.711872753341246
1.2,5828.345086735987,3.209429091184312
1.2,5950.63791999259,2.6504299838149312
1.2,5878.07300459184,2.5715611900505757
1.2,5888.093924255206,2.9148212626270738
1.2,5766.992176944694,2.715654896655238
1.2,5814.097341131636,3.2141720416421795
1.2,5941.145403534506,2.653087417798967
1.2,5866.617758262569,2.5747022408635942
1.2,5875.455037106783,2.918682847186098
1.2,5753.5909736957465,2.7195252099927014
1.2,5799.589383255813,3.219026480296
1.2,5931.457101844833,2.655807651184081
1.2,5854.9409277502,2.577911353601105
1.2,5862.598196807623,2.922638002338612
1.2,5739.929455591886,2.723493559680269
1.2,5784.788919889883,3.2239987853687464
1.2,5921.556488039261,2.6585954838743544
1.2,5843.0093529079695,2.581206304489012
1.2,5849.455872414808,2.9266874477751856
1.2,5726.009301153668,2.727551572009209
1.2,5769.731965604899,3.229095429994811
1.2,5911.461876889979,2.661455763587866
1.2,5830.8415790769095,2.5845747157992824
1.2,5836.081310736654,2.930831923314684
1.2,5711.832215293761,2.73171381582956
1.2,5754.36947911425,3.234317521570849
0.3,5711.71413940648,11.188383526851675
0.3,5190.808435789515,12.372515744934503
0.3,4702.621815127237,13.204736293739575
0.3,4355.506730224044,15.84798167439055
0.3,4081.076204527327,15.24018225271798
0.3,4023.496944886285,14.353589571967127
0.324,5758.118472804559,14.215620195224927
0.324,5015.4654257791735,11.953144942690994
0.324,4793.006984130523,12.396670426759073
0.324,4402.888502519948,14.940337404298488
0.324,4055.4130408701735,15.238611842484705
0.349,5740.65093503238,10.166708061908688
0.349,5336.172592442504,11.018995285510371
0.349,4907.289686471895,12.02272583706295
0.349,4529.730012081113,12.265296622181916
0.349,4304.523029095562,14.35169508761178
0.349,4118.9108010506,11.474215159990084
0.349,4067.018749358195,14.645136081747868
0.373,5964.068581699278,10.33632573852805
0.373,5457.323716304762,10.674182900479682
0.373,5048.754238036835,11.47741273090765
0.373,4798.858495502988,11.26770496174854
0.373,4611.157483948095,11.16347853950355
0.373,4439.344466548964,12.179330533695
0.373,4277.0824843987375,11.807353295363038
0.373,4272.960060754978,12.01418048234463
0.373,4126.790491336913,12.36738667607841
0.373,4072.57193173774,13.472394045385776
0.398,5979.090529821636,8.73288310211681
0.398,5595.627649224832,10.310539117189377
0.398,5235.1195745292,9.381241602417568
0.398,5171.090063775481,9.828039570857284
0.398,4812.388238942454,10.73950683585642
0.398,4555.352781212389,11.048301421613928
0.398,4434.212043374197,9.81895883682034
0.398,4436.917461904951,12.426299178708602
0.398,4182.6055140115495,10.891619439015493
0.398,4217.603408357556,10.92947617549232
0.398,4144.243425201273,15.04952365576215
0.422,5910.904409791702,7.126030045788194
0.422,5547.445732489956,8.813464555444355
0.422,5037.450785830042,9.014161466084907
0.422,4814.560036033843,9.445468438151824
0.422,4626.175655075959,10.003446896104064
0.422,4533.345216436857,10.644508886612003
0.422,4460.451290532704,9.334855619912709
0.422,4499.686727288969,9.810115704827169
0.422,4328.242390456005,10.835689310770473
0.422,4220.571984064081,13.69682210599279
0.447,5986.629574796431,8.195496263378182
0.447,5583.11554809678,7.281529994285072
0.447,5266.939578341866,11.814761249032536
0.447,4769.120631542739,7.617453091830049
0.447,4987.8572442689,9.163513699044463
0.447,4636.2676240993205,11.559871671004858
0.447,4392.105466913972,9.901012696320771
0.447,4539.526508372921,9.919710732340434
0.447,4486.510779596437,9.80266875310956
0.447,4440.283362617745,13.574290057135318
0.471,5916.083963682966,7.057754108014635
0.471,5537.316130915178,9.440295555006909
0.471,5061.558882583037,9.891090545167366
0.471,4833.144349598089,8.430200905325746
0.471,4799.4473034281145,8.69763694798772
0.471,4626.141176739246,11.792610521260992
0.471,4443.851184994383,8.432343723485198
0.471,4643.640762866754,8.516413564614824
0.471,4466.666654523867,11.576185182723412
0.471,4212.819003490496,11.93245909436508
0.496,5821.903549867863,7.836527516988954
0.496,5517.979189578598,7.771090694679875
0.496,5236.919691915035,9.31150184005637
0.496,4928.027911623866,7.858518207257837
0.496,4846.023479020465,8.996875344389693
0.496,4653.362555670387,8.945081971945063
0.496,4655.892295348298,8.916498296098986
0.496,4593.053799251998,8.814587326197456
0.496,4467.0597321899895,9.98378233542338
0.496,4375.538867320715,10.488241466420464
0.52,5845.543389491468,7.078380989001794
0.52,5396.998123446845,9.222899925660302
0.52,4944.131651370569,8.031268685775071
0.52,4936.468089871699,9.15716033849912
0.52,4787.855196728193,9.01687669895014
0.52,4754.005620122784,7.572871149908313
0.52,4741.501772006557,9.778793265159964
0.52,4453.174426460692,8.749654609640736
0.52,4506.585386758195,8.960267373157908
0.52,4475.032769885225,11.422708491320927
0.545,5376.953217247018,6.207208831359091
0.545,5456.710003965077,8.254076787616775
0.545,4953.49510115767,7.72725658990637
0.545,4857.607328539085,9.04870299334185
0.545,4732.686269334367,8.730773544424505
0.545,4681.139170540586,8.694330943921978
0.545,4670.160643144091,7.531055247662799
0.545,4768.852106307686,8.47595090851813
0.545,4609.71875650593,9.835745963681068
0.569,5664.629244665744,7.889790519464028
0.569,5229.266022121706,6.872253976348552
0.569,5169.85212827725,7.599171993063928
0.569,5003.24128591095,7.231522767990135
0.569,4964.77011671195,6.882020047028687
0.569,4854.023446580091,7.71523235075278
0.569,4736.536947345319,8.190793663937416
0.569,4694.114215154774,7.845621072687594
0.569,4745.479473576681,8.50084589678036
0.594,5913.035771143362,6.023827010134838
0.594,5693.819591180037,6.8171010260708185
0.594,5342.555181902489,7.230438964950988
0.594,5065.16292841267,7.03453728931371
0.594,5049.694332464024,6.851991004089607
0.594,4951.677355771664,7.745898150033926
0.594,4841.647023763832,7.560333720057027
0.594,4788.647117715374,7.178246191958244
0.594,4827.81120984984,8.634606980050679
0.618,5764.506061461543,6.373603002804825
0.618,5662.467592957181,5.836881155590836
0.618,5549.499596855302,6.315153263957277
0.618,5375.780246228578,6.484908336877986
0.618,5248.05821568135,6.08293706955464
0.618,5167.202830972716,6.805356571538773
0.618,4992.017755917252,7.514238089427198
0.618,4953.00704320502,6.2390893749750775
0.618,5138.68949934232,7.978275763485777
0.643,5985.326984009843,6.002464495917672
0.643,5621.4074602758365,6.052675565913467
0.643,5561.715034714956,6.199386993869534
0.643,5418.699261741285,5.83106303709733
0.643,5364.222636753586,6.340309059564975
0.643,5203.888082601739,6.773902729604792
0.643,5210.873363771191,6.18913053304173
0.643,5169.155363140748,6.232501622225912
0.643,5102.563510812576,7.626307576598218
0.667,5852.162936834526,5.02167032317403
0.667,5720.542733169454,6.34445161693321
0.667,5407.773449932844,5.726574945105805
0.667,5450.120185474226,5.391724765821688
0.667,5367.619367204663,6.538658630761775
0.667,5113.674169236196,5.899254057684759
0.667,5193.142153365055,5.817604622603407
0.667,5129.1865546601775,8.144174301362677
0.692,5860.2320698339845,5.323969692049257
0.692,5658.178740228259,5.869581771920625
0.692,5521.418439019899,5.243021437329985
0.692,5571.106168557879,5.6865719665875245
0.692,5380.492756118021,5.666238642808319
0.692,5387.628878498844,5.417831112453623
0.692,5360.303986434876,5.886564591150738
0.692,5216.453112178921,6.809088170680675
0.716,5918.967554509069,5.294515869388225
0.716,5687.257377923199,5.229338835653983
0.716,5695.300437915133,4.74575501324552
0.716,5636.832437652433,5.976524921299609
0.716,5365.123671873128,5.291672606845165
0.716,5395.443926939618,5.556157628194201
0.716,5322.355507845706,6.193834491192948
0.741,5676.600794231345,4.766131369332741
0.741,5830.178068211631,4.878953227073013
0.741,5840.317895400116,4.180427257316434
0.741,5787.249556407343,5.212437431251265
0.741,5566.597126046585,4.873757356088652
0.741,5544.2494037836805,5.108367874817905
0.741,5428.8102358534825,6.173300227954004
0.765,5852.113579878837,5.0879485071843416
0.765,5767.814384708097,4.724156222012542
0.765,5796.175750459329,4.868461163492944
0.765,5779.6550428010205,4.401016271703145
0.765,5650.31481932418,5.391041949112396
0.765,5469.111898542743,5.183807645766742
0.765,5476.583170882036,4.625311513791858
0.765,5504.326583937053,5.929750393126751
0.79,5842.966728757291,4.584575605168641
0.79,5793.941247745622,4.880766234670248
0.79,5707.014701615824,4.309917600714357
0.79,5711.125647201958,4.533038328621666
0.79,5603.646542715612,4.847468743457277
0.79,5437.850131951736,5.348337200152698
0.79,5399.213536731541,5.3096532523685696
0.814,5940.879974662925,4.544972164788703
0.814,5777.164198742743,4.760294013816726
0.814,5619.797076226724,4.476747098908382
0.814,5638.9460003076965,4.9036142785114745
0.814,5524.6878410760255,3.9756112309534544
0.814,5743.210266368185,5.739989385349127
0.839,5958.925882776919,4.4213425258350325
0.839,5856.154985449689,4.6479975194677685
0.839,5785.001750233403,3.940022174804446
0.839,5806.840882743615,4.482894409931097
0.839,5710.464306242293,4.409580040133923
0.839,5579.387256608858,4.2703180546694535
0.839,5628.92393169565,5.218369548226994
0.863,5998.813994883236,4.0495044015655
0.863,5958.488821837165,4.209465184970939
0.863,5950.953666485091,3.977493037338337
0.863,5861.235364179166,4.019742181112908
0.863,5767.845326065164,3.882281678550678
0.863,5801.640787347846,4.075039510635918
0.863,5724.8080888228615,4.836009747091319
0.888,5803.298681728476,3.921134124347334
0.888,5902.949035259629,4.069526582405512
0.888,5919.676545760565,3.6819587742477617
0.888,5878.872412924623,4.046658041395864
0.888,5799.920357775939,4.260570043385031
0.912,5937.170598325764,3.7972122935823407
0.912,5913.689631872476,3.785232633446205
0.912,5945.587132089148,3.247533482788113
0.912,5954.202147548725,3.936936249222261
0.912,5787.07706350336,4.507483968554716
0.937,5885.477396814753,3.661831450331909
0.937,5861.893987692239,3.828802549476064
0.937,5827.01913240782,3.415860484246814
0.937,5730.681245099332,3.9621737787109206
0.961,5995.408367742632,3.5368691697224754
0.961,5944.481043235496,3.4316628167686063
0.961,5905.98109071571,3.499046495360828
0.961,5764.120333149987,3.854241677836597
0.961,5666.850942324966,4.122272960026757
1.01,5997.896907473703,3.2874364729765952
1.01,5963.976231460393,3.2652693630513947
1.01,5840.070390319833,3.695170700101132
1.01,5748.811388885384,3.660751147884186
1.035,5940.57652815762,3.3795688179491568
1.035,5867.011414690915,3.4559852344976107
1.059,5974.611650229642,3.0880395124513784
1.059,5910.8209325018015,3.2233827606842955
1.059,5830.827139640598,3.526172606323547
1.084,5889.096888126609,3.141245564561228
1.108,5936.5434611615565,2.879636013940609
1.108,5980.317831590102,3.0250362264074284
1.108,5875.0485511148645,3.28655353961852
1.133,5973.505884939281,2.7679418639384465
1.133,5936.575205324566,3.049846881934521
1.133,5843.285373025691,2.840575363303488
1.133,5829.787881957045,3.3588766202060176
1.157,5810.111906555061,3.0649456667922417
1.157,5844.0874908024025,3.211610532856976
1.182,5971.853525739682,2.76317494179163
1.182,5963.05119419337,2.885660105289136
1.182,5866.252643888156,2.681614508892047
1.182,5865.729740593079,3.242424256247744
1.206,5968.151911013427,2.892790750166266
1.206,5948.062725146079,2.4757817108369893
1.206,5866.105649975524,2.708599200412429
1.206,5876.827184309841,2.6902790518743016
1.206,5859.937287733068,3.121731901931042
1.231,5995.707816030354,2.7309624432439787
1.231,5911.219306786908,2.539228062234668
1.231,5894.612546928588,2.960151987280172
1.231,5815.75504101279,2.479779748809722
1.255,5946.391754102671,2.6989138269852826
1.255,5878.806136609543,2.5458897757977588
1.255,5937.651804341262,2.708041993071679
1.255,5822.23395425087,2.663000110411109
1.255,5869.708934219726,2.5667689183506543
1.255,5891.593424754099,2.9945938765714426
1.28,5958.547816488377,2.581936191801306
1.28,5912.962918674311,2.452109888762472
1.28,5920.232883443001,2.5738591806558877
1.28,5859.363657960896,2.5269424191305485
1.28,5858.685124490955,3.028032859775822
1.304,5946.84156357536,2.451816120992392
1.304,5938.086234557904,2.554262671024474
1.304,5849.732790176449,2.5842311223120475
1.304,5756.306723230327,2.6964417525807467
1.304,5805.417341885343,2.813903361415421
1.329,5916.079972027868,2.272771950586916
1.329,5956.605082612667,2.49342499891494
1.329,5838.666005109752,2.4968680624621187
1.329,5826.609946574096,2.537628547407958
1.329,5847.7000052353205,2.6265520228554227
1.353,5868.328737472558,2.3726384997758574
1.353,5892.1774515673405,2.4014496798374294
1.353,5898.263433074356,2.3540741598691257
1.353,5929.83329952021,2.375554966020519
1.353,5910.3060777898645,2.358482568209966
1.353,5861.077685929542,2.6610915731031524
1.378,5994.221676489862,2.376242018118073
1.378,5983.419510412163,2.156103838232502
1.378,5971.195863983036,2.4276173099683698
1.378,5816.63385117641,2.351543484313068
1.378,5834.59336736526,2.39596565841335
1.378,5811.002248459128,2.335281395384598
1.378,5829.749190138379,2.521330873858467
1.402,5956.272322664282,2.134684713215892
1.402,5991.355749808945,2.2638981821418067
1.402,5841.95784465174,2.296420015136539
1.402,5882.455077238629,2.2776365953014928
1.402,5880.801706890327,2.2093482402293327
1.402,5925.520361740421,2.3825701196883338
1.427,5997.679720291003,2.105014928803197
1.427,5934.65419744873,2.256757647851047
1.427,5880.624355433853,2.152263114022736
1.427,5928.539327274985,2.187893856001909
1.427,5855.158268043828,2.231347349359255
1.427,5852.306812844488,2.398686645337625
1.451,5985.128141094459,2.130700308438303
1.451,5921.678167968459,2.171269902225833
1.451,5870.820206640176,2.222953268453317
1.451,5814.548762628455,2.13007383515521
1.451,5816.598401122533,2.186522380792356
1.451,5864.665399316018,2.408008666519856
1.476,5983.357691691182,2.0657047213313198
1.476,5889.125536649887,2.2219224969750835
1.476,5836.969628708755,2.1420042601088705
1.476,5845.735839227073,2.109763504968011
1.476,5849.690165165917,2.2260301831609404
1.476,5780.111064322632,2.255462080248521
1.5,5975.211631210371,1.954412642107401
1.5,5990.36140701337,2.118153105730781
1.5,5888.038040527873,2.0046012955703936
1.5,5898.910590506423,1.9497547218503928
1.5,5869.902180318508,2.156769063390433
1.5,5776.706410966266,2.238021792049336
1.2,5951.963499632989,2.614650429481692
1.2,5557.791482989021,2.318790946593649
1.2,5479.892675168539,2.668064366782119
1.2,5259.76796031877,2.5543762196034376
1.2,5186.403766238139,2.6626220337287907
1.2,5061.423284818612,2.43873467289581
1.2,5012.49690008829,2.9030767613424806
1.2,4800.197945100051,2.669967451105778
1.2,4785.3498486199815,2.7639310014245657
1.2,4723.559338178659,2.733316410106118
1.2,4680.118208856136,3.329985586120818
1.2,5911.011189780765,2.3909165578560887
1.2,5648.032411568173,2.3800821745803136
1.2,5441.622386655891,2.7772403580692027
1.2,5238.29418915406,2.526428560129227
1.2,5167.9696617479885,2.683444409876956
1.2,5064.5296193820905,2.4494657237624997
1.2,5040.2835041760845,2.855806070011581
1.2,4820.494118175517,2.7398169921372166
1.2,4819.350284955953,2.7059766350833776
1.2,4792.0425458948885,2.77850467364005
1.2,4782.467747518095,3.141069170444121
1.2,5910.674095195029,2.353045028944963
1.2,5784.916889995349,2.421836572352982
1.2,5499.217624640504,2.431124421777782
1.2,5363.416682858981,2.7686617974517658
1.2,5143.127233778276,2.799257191113515
1.2,5096.846835355478,2.4288064755579137
1.2,5083.828208542749,2.7577194551204665
1.2,4920.887702333382,2.6681626592825625
1.2,4837.738519152493,2.761680752831527
1.2,4783.717065445649,2.732978092871048
1.2,4724.766016629462,3.361843139605998
1.2,5939.537738215608,2.316445205633228
1.2,5828.486190199682,2.363041052100716
1.2,5532.694417193514,2.529560195892487
1.2,5363.232801484697,2.6422111588170014
1.2,5215.948126918172,2.5571997651022924
1.2,5154.013347082803,2.5090960415383257
1.2,5079.5099448824585,2.8253843859933454
1.2,4929.120625099385,2.791600564273594
1.2,4898.142385829561,2.552590272616388
1.2,4892.476591845658,2.796910169935889
1.2,4784.4472929325575,3.262695741939253
1.2,5811.565843085349,2.391514904211544
1.2,5579.13361511808,2.563685270173133
1.2,5362.272692025408,2.7139772356369978
1.2,5218.030088104831,2.707867499544989
1.2,5159.353534366791,2.5721706810789056
1.2,5138.593079340931,2.7124060539193824
1.2,5034.262552905799,2.832196768787399
1.2,4988.546663282466,2.562656835410814
1.2,4973.916299178997,2.677784117436626
1.2,4893.985498326115,3.063107224819088
1.2,5996.624740106286,2.294492406869416
1.2,5861.469181930564,2.4033312947381837
1.2,5532.163612407011,2.7938003554256032
1.2,5320.226804024223,2.7043612531895973
1.2,5291.374990144875,2.60557763032148
1.2,5196.05574586418,2.489579415871917
1.2,5163.156380230225,2.7600672072255303
1.2,5014.484813862904,2.729362553672828
1.2,4959.168159755126,2.597990420194875
1.2,4948.573128961293,2.9063759360791623
1.2,4781.093372098037,3.3524121382831438
1.2,5875.927645018818,2.372424224800735
1.2,5667.213099756593,2.5135897327706407
1.2,5463.662659414595,2.5748830719090785
1.2,5297.998665682033,2.707036509771726
1.2,5187.577982222849,2.4690779032885906
1.2,5188.440689785524,2.8956889925366025
1.2,5030.805497162515,2.713845238656247
1.2,5004.402409029672,2.644864869803453
1.2,4998.2153381842445,2.803881845517411
1.2,4910.007898075292,3.225983618811949
1.2,5876.395476596163,2.540909836542385
1.2,5591.266246139861,2.5883577040730086
1.2,5482.933713231005,2.568539590378269
1.2,5355.342136552048,2.773649851318347
1.2,5228.688290533179,2.53350515996643
1.2,5266.226349248094,2.7410222499800003
1.2,5097.610857676626,2.561896905940689
1.2,5069.677148969937,2.7543322589728687
1.2,4968.007950434077,2.934191406801309
1.2,4914.670366774024,2.964498846211009
1.2,5895.099609528604,2.540606339419875
1.2,5619.65724709638,2.458143101050054
1.2,5519.775170105048,2.646821457425057
1.2,5314.752204596537,2.716070733070126
1.2,5276.88399033323,2.612743863387158
1.2,5280.731186204945,2.621112091435046
1.2,5157.811006313716,2.8689579531780733
1.2,5064.032602569414,2.6298924200941376
1.2,5042.441135932119,2.8378662753189925
1.2,4983.252462743418,3.0885948924846054
1.2,5847.960277528181,2.4654737497607297
1.2,5720.976259761334,2.5917504394338207
1.2,5570.97790496053,2.4547817354028654
1.2,5470.0009908541815,2.646845207425412
1.2,5293.901268278391,2.593168468790875
1.2,5280.2543381658525,2.7329539247959334
1.2,5158.321408497466,2.7970227468950686
1.2,5141.260641969198,2.486333078693
1.2,5174.670518446793,2.7186995209779297
1.2,5022.388308643677,3.2669753243573583
1.2,5891.583194565215,2.595909568687064
1.2,5751.056873082986,2.412471648664224
1.2,5641.747702010388,2.6111474233754755
1.2,5435.120235482339,2.7832390627440846
1.2,5292.967408893505,2.740789486433746
1.2,5320.068903598794,2.5729558799593844
1.2,5278.953544518908,2.618736156635674
1.2,5170.5329951414815,2.759454066774395
1.2,5098.328979639353,2.890230868106443
1.2,5018.329172361103,3.129940275222566
1.2,5986.838634414263,2.652386112651869
1.2,5709.81540025433,2.337124155543876
1.2,5681.9338896717845,2.6151617636410327
1.2,5443.451613684021,2.7840176087987136
1.2,5308.799469291753,2.72833002683919
1.2,5284.54817282571,2.713592843161362
1.2,5244.441758174823,2.86016254632088
1.2,5246.561485715513,2.4744484332304446
1.2,5249.614285857175,2.933129276250192
1.2,5109.885052942045,2.991273329601339
1.2,5872.607655330364,2.719686212455096
1.2,5727.094270547341,2.444786310897938
1.2,5689.955766366496,2.408287681588873
1.2,5576.067040114771,2.7984311993155093
1.2,5365.776731184048,2.7395741336037256
1.2,5380.865592529292,2.607092681500531
1.2,5388.566868501461,2.8072351040968258
1.2,5180.560687577235,2.615237454578772
1.2,5260.086386284905,2.608675950657464
1.2,5136.304954325024,3.308571161094462
1.2,5999.454039509016,2.4059037627494715
1.2,5844.9350690691535,2.6418704653842804
1.2,5612.737704621628,2.6413547898879437
1.2,5523.064100505831,2.651023621198902
1.2,5453.891197082367,2.605878588869373
1.2,5423.182393381651,2.643129275766141
1.2,5325.973489052311,2.886149806497716
1.2,5232.430908323374,2.560299751580565
1.2,5325.316643438763,2.781378451719455
1.2,5183.052545888145,3.0754241084110467
1.2,5878.556845578335,2.6752369445823163
1.2,5658.999548012011,2.4102603597883974
1.2,5645.947550980066,2.7906063927590146
1.2,5434.381597434801,2.7055057563986216
1.2,5466.770688503958,2.504971780202778
1.2,5391.507392819544,2.711420058452948
1.2,5273.716971080459,2.674590735652766
1.2,5270.296904273287,2.632042254129991
1.2,5208.038924046466,3.3359450482967703
1.2,5856.185957318822,2.71298833748609
1.2,5765.566003412129,2.4179729932728447
1.2,5666.348162492712,2.709765192113847
1.2,5529.045963060064,2.6699982163993896
1.2,5485.596641196641,2.4359374308386323
1.2,5434.448608974167,2.9420138123763744
1.2,5224.4832977015885,2.6087843361116065
1.2,5377.233596770056,2.794887904935982
1.2,5245.184894710684,2.9842519269571537
1.2,5863.6957295033535,2.410993325167424
1.2,5850.245748380576,2.4976336464514577
1.2,5650.555402830658,2.835104943305447
1.2,5493.016855687951,2.52921392377687
1.2,5573.355647014378,2.537685052339481
1.2,5440.486663493769,2.862038783365061
1.2,5268.554638641557,2.854622861177413
1.2,5327.92379716384,2.5616908981692847
1.2,5396.157840546111,3.0817712977558656
1.2,5820.992772992068,2.4013751857587247
1.2,5897.270586551949,2.5675828745586995
1.2,5716.182049657502,2.684969062844728
1.2,5616.662779580232,2.5299729270743154
1.2,5642.500894638337,2.4699151419419896
1.2,5488.069008102863,2.902539002735319
1.2,5328.98217408474,2.737145044584169
1.2,5327.600127712284,2.82048862311163
1.2,5301.694765305434,3.0462084404881904
1.2,5843.120717443306,2.506387418850585
1.2,5857.001098744785,2.646475547488428
1.2,5664.837080179337,2.571627492955153
1.2,5637.057517695124,2.742726079086605
1.2,5493.705701122956,2.5958988975165207
1.2,5484.996140376622,2.7417754190408874
1.2,5349.23197845205,2.895276335937625
1.2,5301.964436843824,2.873681541921206
1.2,5301.681615768401,2.9360886838743663
1.2,5830.50972774481,2.529529884032973
1.2,5837.1685420487565,2.5672983014226096
1.2,5704.805654563875,2.815864556893146
1.2,5574.405090177107,2.6598528277839013
1.2,5584.327446319449,2.633106385803289
1.2,5527.62006869984,2.805038461690491
1.2,5419.012658063432,2.661763788064332
1.2,5453.255779596983,2.717881376238769
1.2,5361.964384434763,3.135851931924024
1.2,5913.3368689841545,2.488720377001869
1.2,5895.434084489189,2.6213678511122
1.2,5802.565902647025,2.5899254012825508
1.2,5697.324230270666,2.619124373660501
1.2,5605.49650638851,2.7182723599827203
1.2,5502.50462668098,2.718447296259556
1.2,5422.599636838097,2.7740420178978846
1.2,5417.508095246027,2.8688181621321758
1.2,5393.864964109171,2.9522856996744355
1.2,5885.412213449344,2.7199193446662124
1.2,5798.094935897287,2.469633724925553
1.2,5795.660021906216,2.795667642274811
1.2,5630.071463212793,2.619051291279548
1.2,5647.21324237866,2.798542724286025
1.2,5582.407885246712,2.5233502427412726
1.2,5603.908770152614,2.7815285907486538
1.2,5442.625713031988,2.755256112406183
1.2,5442.171962321389,3.116032717606095
1.2,5838.331984937889,2.607962386352104
1.2,5734.947809227862,2.703401175010013
1.2,5710.690810846175,2.6060598793702154
1.2,5634.513992182362,2.750942694601664
1.2,5559.680622174041,2.906012468733909
1.2,5478.663471273208,2.658703787318447
1.2,5578.785301028447,2.7606535747606484
1.2,5564.601586792633,2.9724048532866267
1.2,5992.981647942595,2.5361918019455705
1.2,5855.964176053263,2.6231204065407723
1.2,5772.017073694909,2.671902223419603
1.2,5601.5300539119735,2.758704098933153
1.2,5591.817795204553,2.652604378999769
1.2,5569.254901632232,2.688819653626142
1.2,5506.720261974161,2.852705060876404
1.2,5445.525103029689,2.960543755768663
1.2,5933.706413912327,2.5738502889035337
1.2,5857.914204773831,2.7070450733106246
1.2,5776.229949123775,2.5504952260739246
1.2,5713.618605898438,2.892810941393253
1.2,5598.934132221372,2.645778307929001
1.2,5612.780007466188,2.753229952056602
1.2,5549.00545905938,2.7818600603539663
1.2,5519.13020802823,2.9308775596804875
1.2,5957.033794671466,2.7568833142009037
1.2,5807.567983955468,2.59864666640552
1.2,5783.640504725319,2.5721630248037344
1.2,5791.234493930008,2.741174358903477
1.2,5683.006996835652,2.7521100525705404
1.2,5606.718070927074,2.647475385474029
1.2,5636.394877817636,2.853928840624576
1.2,5522.416566759152,2.935994126931252
1.2,5863.081130812635,2.5794471317823637
1.2,5867.419598711741,2.7178874361810728
1.2,5741.885182197531,2.700266916067068
1.2,5728.385476046868,2.854847309417191
1.2,5628.501176383341,2.5548038690073294
1.2,5706.736901618312,2.899712700331761
1.2,5573.4505870636,2.874065580903013
1.2,5854.612165665898,2.5823404738042064
1.2,5811.584248429913,2.659757773880936
1.2,5746.733608605975,2.7912540063106457
1.2,5651.178443974004,2.855508957140376
1.2,5593.665046057757,2.596027228900247
1.2,5717.206629379549,2.81959754945322
1.2,5597.718207426516,2.936378358910597
1.2,5931.5235731343855,2.6784207303510783
1.2,5797.059403431341,2.773341458866076
1.2,5744.430606537349,2.680727888661312
1.2,5716.595020009011,2.7764135672991657
1.2,5688.642620712694,2.7244411002746016
1.2,5636.5144998374335,2.9728557336465946
1.2,5975.430263454533,2.5435615358587054
1.2,5933.685911918697,2.66215235113933
1.2,5883.311358165386,2.785808171102496
1.2,5802.27606180584,2.6453640528558533
1.2,5796.089945739787,2.597756871832392
1.2,5675.365644472327,2.8757812075513707
1.2,5630.878546510715,3.038341780255525
1.2,5974.441362712884,2.6868000979757927
1.2,5857.631142757553,2.701214294513946
1.2,5821.995959550221,2.7217707188987053
1.2,5775.523866122045,2.5879019864210377
1.2,5747.582380369651,2.8586190040961235
1.2,5641.935784495706,2.967264333364487
1.2,5848.546864503751,2.726689248140313
1.2,5883.437214319111,2.6165380779396017
1.2,5816.417224929908,2.529783005696882
1.2,5781.903860412248,2.951917827552341
1.2,5619.313252972679,3.008183389315147
1.2,5950.5137492529775,2.7843548743938507
1.2,5900.691477375895,2.672961009217388
1.2,5974.846922917936,2.552983126655328
1.2,5916.271128995216,2.789168801184552
1.2,5762.585562442318,2.724470509143018
1.2,5780.586230002931,2.954798683959245
1.2,5958.344641007781,2.7735979749923323
1.2,5922.398850519132,2.5860311744508264
1.2,5970.863033442321,2.676053379692912
1.2,5846.342035420418,2.569221267096132
1.2,5821.487606818584,2.92005108821415
1.2,5654.921674660843,3.194441840193351
1.2,5979.583558967217,2.5982743211028074
1.2,5877.181383955917,2.86418275599012
1.2,5739.207230664451,2.758318365548632
1.2,5733.439011360428,3.151584838620588
1.2,5844.835272663482,2.808174627316166
1.2,5872.318219547301,2.649716694735724
1.2,5892.745442828098,3.032005404946903
1.2,5984.2711229148135,2.633683903273557
1.2,5909.017792488181,3.101371326388568
1.2,5790.004601184549,2.494536238536392
1.2,5886.935149600969,2.652219523900582
1.2,5965.503558750316,3.118651260045308
1.2,5979.41064073865,2.6123645086908813
1.2,5907.289894893995,2.6720374622997745
1.2,5933.665574060976,3.0883476022127017
1.2,5997.717828967298,2.820206395775296
1.2,5925.668175289145,2.9734957009471974
1.2,5903.252931549178,2.9143860425662127
1.2,5963.15263199806,3.017811694512919
1.2,5963.112405250689,3.074235638831893
1.2,5949.960873681185,3.058195619290708
1.2,5923.531207884864,2.7804298614802843
1.2,5991.927721462178,3.2145687641729226
1.2,5994.369958032613,2.653896615218712
1.2,5983.360632829876,2.656561682830844
1.2,5972.369692551348,2.6592321083947423
1.2,5961.397091182839,2.661907908084406
1.2,5950.407014408594,2.664597869052401
1.2,5939.471012987694,2.667284483472235
1.2,5994.55548755144,3.1619236800326287
1.2,5928.553213203618,2.6699765209857422
1.2,5983.533690576053,3.165118772542556
1.2,5917.653569652556,2.6726739980297745
1.2,5972.530201239679,3.168320328802605
1.2,5906.772037081585,2.6753769311076776
1.2,5961.544973965608,3.1715283684471234
1.2,5996.353148822399,2.545213381173798
1.2,5895.908570388036,2.6780853367896245
1.2,5950.577963328284,3.174742911190061
1.2,5985.328966256237,2.5477851326859606
1.2,5885.063124618882,2.680799231712956
1.2,5939.775012473567,3.177963976825372
1.2,5974.323102476088,2.550362086587452
1.2,5989.045042806954,2.885701104657518
1.2,5874.2668371792815,2.683518632582519
1.2,5929.118762097698,3.1811915852274253
1.2,5963.299634606611,2.552952705722665
1.2,5977.99121683725,2.8886366978517017
1.2,5863.6947145325,2.686252470222018
1.2,5918.444411075526,3.184436336318448
1.2,5952.330331176091,2.5555401290032123
1.2,5967.173505717728,2.891568678430709
1.2,5853.173517871081,2.688982951501154
1.2,5907.821460092202,3.1876771117460057
1.2,5998.100282927024,2.641694234650558
1.2,5941.395881090765,2.5581328023232563
1.2,5956.467784532351,2.8945066170067792
1.2,5842.668744826105,2.691718989304923
1.2,5897.215073270051,3.190924490115867
1.2,5987.068768452805,2.644368701071527
1.2,5930.737880009342,2.5607307416780003
1.2,5945.778781019085,2.8974505317590067
1.2,5832.180356971595,2.694460600611876
1.2,5886.625211896995,3.194178491628432
1.2,5976.055553050006,2.647048588270866
1.2,5920.096529835721,2.5633339631276897
1.2,5935.106456049901,2.9004004409405177
1.2,5821.708316001358,2.6972078024698085
1.2,5876.051837381491,3.197439136566584
1.2,5965.103562877718,2.6497339127460595
1.2,5909.471791579998,2.5659424827979422
1.2,5924.4507706187815,2.9033563628788484
1.2,5811.252583728517,2.699960611996115
1.2,5865.494911252066,3.200706445296111
1.2,5954.402799185073,2.652424691061604
1.2,5898.863626373902,2.568556316880084
1.2,5913.811685841242,2.906318315976325
1.2,5800.813122085034,2.7027190463781414
1.2,5854.954395156845,3.20398043826613
1.2,5943.718751970383,2.6551209398493527
1.2,5888.27199547032,2.5711754816314807
1.2,5903.189162953867,2.9092863187104454
1.2,5790.389893121267,2.7054831228735408
1.2,5844.4302508631,3.207261136009512
1.2,5933.016548704089,2.657831514024936
1.2,5877.662327977009,2.573808578995036
1.2,5892.548530229083,2.912270118788407
1.2,5779.948875597414,2.708261919531973
1.2,5833.888127741049,3.210559313403918
1.2,5922.365871455518,2.66053877193806
1.2,5867.103703638045,2.576438471677233
1.2,5881.959069122307,2.915250296453105
1.2,5769.558051354783,2.711037350890501
1.2,5823.396666018033,3.2138535047098893
1.2,5911.731793502152,2.663251550681625
1.2,5856.561497957293,2.5790737442543064
1.2,5871.386054211813,2.91823657970308
1.2,5759.183346525982,2.7138184766180515
1.2,5812.921461984919,3.2171544629627444
1.2,5901.1142760687,2.6659698671605647
1.2,5846.035672667995,2.5817144132514
1.2,5860.829447214138,2.9212289873206307
1.2,5748.82472363072,2.7166053142573783
1.2,5802.462477881309,3.2204622090349733
1.2,5890.513280500553,2.6686937383489027
1.2,5994.871712108081,2.7523168260022888
1.2,5835.526189622216,2.5843604952614063
1.2,5850.289209964545,2.9242275381651788
1.2,5738.482145304802,2.7193978814233666
1.2,5792.01967606365,3.223776763884995
0.6,4054.844274217157,5.07353822047116
0.6,4054.844274217157,4.661139797945759
0.6,4279.521324614761,5.004782022714855
0.6,4279.521324614761,4.64742147855085
0.6,4504.13483114689,4.933514326391597
0.6,4504.13483114689,4.642485606540764
0.6,4730.688206620705,4.846146996084233
0.6,4730.688206620705,4.628205920489166
0.6,4070.441379070863,5.6393295405492045
0.6,4955.5819904247055,4.777669515549756
0.6,4955.5819904247055,4.605889032126012
0.6,4259.094664217591,5.60463325515906
0.6,5178.700943332022,4.71545287504294
0.6,5178.700943332022,4.590839647746208
0.6,4446.167518570465,5.583089573531344
0.6,5401.128968728322,4.6525075197585695
0.6,5401.128968728322,4.592424182307617
0.6,4631.915832992507,5.53775469167412
0.6,4129.048682169855,6.146450305959404
0.6,5623.406990503967,4.582307620993817
0.6,5623.406990503967,4.580772092464127
0.6,4817.1853631176455,5.51082631541409
0.6,4301.037829117815,6.13351926857763
0.6,5845.033526324447,4.528457734465981
0.6,5845.033526324447,4.562261698168597
0.6,5006.112049979526,5.461722139144769
0.6,4475.341906604343,6.118411657463647
0.6,4069.553801769802,5.755956051300418
0.6,5190.510195424723,5.442094472723587
0.6,4646.219733101056,6.098843062234341
0.6,4226.663714444379,5.732344753660548
0.6,4016.203232924509,6.3137825118931294
0.6,5377.439688486861,5.4113283477805085
0.6,4819.541415227902,6.067091160799407
0.6,4383.820149972454,5.717568749252516
0.6,4163.711647468136,6.296495112196846
0.6,5564.509293983837,5.37177926218232
0.6,4995.564419006877,6.027505597886504
0.6,4540.0791313200925,5.716203577923061
0.6,4309.599741243392,6.267739104575057
0.6,5750.816004958573,5.36253176520796
0.6,5166.75537070742,5.989690439258215
0.6,4700.34066291756,5.699152850059137
0.6,4458.649440325172,6.255795747155892
0.6,4133.176722793894,6.56532401151672
0.6,5934.95894072008,5.320968138764027
0.6,5341.249987570185,5.963045378444175
0.6,4856.323534015922,5.681955456679174
0.6,4605.97357672925,6.248161699078926
0.6,4270.841479875265,6.539119252168844
0.6,4068.827261052624,7.0555228833967725
0.6,5513.823366368562,5.937278608985449
0.6,5010.669278209351,5.668853925313197
0.6,4752.113195515355,6.256502318248138
0.6,4406.183560552002,6.515797147591534
0.6,4202.810287795728,7.03195644445413
0.6,4018.889259740711,7.005150133375641
0.6,5691.834467578769,5.898429496369007
0.6,5167.638899310228,5.676070636032286
0.6,4897.340824591765,6.22580281502383
0.6,4546.894547594816,6.475849937896336
0.6,4334.878591616272,7.061457848882763
0.6,4095.180232738172,6.49033677719531
0.6,4142.84829167338,6.981029257140256
0.6,4035.082316256012,6.641665223538311
0.6,4039.344223895964,6.423672608780887
0.6,5866.2676852412005,5.881114080038998
0.6,5323.222278443073,5.653378520684751
0.6,5047.02015731877,6.199200184796843
0.6,4685.813423620471,6.455966010298072
0.6,4466.249590719342,7.0579856005876085
0.6,4218.491933786674,6.470199274871409
0.6,4268.244245128984,6.964920051246745
0.6,4156.59856651995,6.613780006422364
0.6,4161.276901540497,6.408335524150262
0.6,4063.549128745071,7.05696613976988
0.6,5477.442660956418,5.611206641969848
0.6,5196.208796726708,6.105353396136255
0.6,4816.513517430321,6.602409673309109
0.6,4583.692581402259,7.0212650818012445
0.6,4358.5371911601,6.435893340132609
0.6,4399.798858850999,6.935599404719366
0.6,4280.184937838264,6.5977862332573824
0.6,4282.873142497268,6.3668658612451
0.6,4180.169590301134,7.040109654377204
0.6,4105.428253358795,8.659705650724266
0.6,5633.681850418542,5.594967705416591
0.6,5345.556946474884,6.084514714352926
0.6,4954.797994342666,6.612633650914519
0.6,4716.950884467716,6.905406498494033
0.6,4492.494133249786,6.419764051560234
0.6,4522.497273327361,6.921797544078595
0.6,4399.261716560444,6.572331370861882
0.6,4402.667667330979,6.373799206139589
0.6,4296.801460604661,7.015013491238754
0.6,4221.551808226203,8.636562517723762
0.6,5788.55807814624,5.579050653217692
0.6,5493.8212516368,6.059136625831306
0.6,5093.42035624243,6.574826027699717
0.6,4848.723396127577,6.893135020763776
0.6,4619.425252981943,6.387875009194241
0.6,4647.194816612433,6.906364292052849
0.6,4518.705061940985,6.540823852646499
0.6,4521.970482015504,6.367236074645805
0.6,4412.739130927569,7.007130072588726
0.6,4334.85839416658,8.615368381888493
0.6,5946.9196526483765,5.5601749942599135
0.6,5641.50438849226,6.03638987753458
0.6,5230.171665467206,6.527673748419028
0.6,4977.946638579264,6.92420338000761
0.6,4741.95999367747,6.354817682230692
0.6,4773.506797379729,6.890014656155306
0.6,4638.419599832749,6.513787261964988
0.6,4642.363703276343,6.339037407062673
0.6,4529.214724749146,7.012399390156519
0.6,4445.240789169144,8.609151464585048
0.6,5788.055465610378,6.015263435789644
0.6,5368.390562103758,6.471395979543934
0.6,5111.527128186435,6.941449952973835
0.6,4863.092627826184,6.323029637950795
0.6,4899.329199116015,6.873707445898807
0.6,4757.136666422417,6.497426748018855
0.6,4762.232697988767,6.322529368648716
0.6,4646.925240956647,6.9847846547231605
0.6,4561.178516420573,8.59990105350277
0.6,5932.838049888626,6.015431424507102
0.6,5502.630295211299,6.40225646818595
0.6,5243.916982156956,7.002969325043871
0.6,4976.253237732269,6.3001343463586
0.6,5023.667023497516,6.8467081041194975
0.6,4876.225365346184,6.519689631037324
0.6,4880.848614979027,6.277459295751472
0.6,4772.736399500816,6.961506737045935
0.6,4681.152619478834,8.568824639174572
0.6,5640.728565737668,6.380519643376735
0.6,5376.152935360845,6.990999896777852
0.6,5098.357970172935,6.283238213024117
0.6,5149.797503730469,6.834805595371573
0.6,5000.619416452758,6.496752112003029
0.6,5006.315652564342,6.2434035139366335
0.6,4893.078924446205,6.941569765666195
0.6,4797.6554495766095,8.584969921395054
0.6,5779.517688901914,6.382899295662789
0.6,5508.251657647374,6.937026543915838
0.6,5218.217039307176,6.25973481329916
0.6,5273.867572475614,6.814056666016231
0.6,5121.491405101268,6.481645863651904
0.6,5127.334514739754,6.2214749070971695
0.6,5011.358596480838,6.915009423423258
0.6,4911.872858200168,8.58299659995818
0.6,5916.183492957579,6.425843204737179
0.6,5638.903994234339,6.820329602074084
0.6,5358.011681018173,6.231600545209741
0.6,5404.492849819207,6.766735981013241
0.6,5248.344529359077,6.451016108356617
0.6,5245.732825077956,6.229841989192405
0.6,5124.62586430264,6.9095015418850885
0.6,5025.317598004973,8.565151823548609
0.6,5768.49687683951,6.795877561056988
0.6,5486.25920940036,6.215622366514905
0.6,5530.396301470786,6.745471247211043
0.6,5370.933437877681,6.422220686793147
0.6,5367.96462941518,6.22396851894759
0.6,5243.07112231943,6.880970232004712
0.6,5142.783627527024,8.537774937991127
0.6,5897.506326132275,6.808217381555979
0.6,5605.443154229547,6.207330872852552
0.6,5655.051800562183,6.7231895219195
0.6,5492.293429776955,6.408480696220795
0.6,5490.001986659941,6.194460588990711
0.6,5362.631609521144,6.871686803026051
0.6,5258.638215758385,8.515832371225512
0.6,5718.705541537684,6.194495326096431
0.6,5772.732181379908,6.717625286658177
0.6,5606.844799102856,6.394527549859758
0.6,5609.578607804906,6.156996340142413
0.6,5481.867516077521,6.849405754561521
0.6,5373.838456870016,8.52649034004244
0.6,5852.244039885622,6.171702077487442
0.6,5895.945745824291,6.705742103215883
0.6,5724.367551868357,6.370669126733336
0.6,5726.303166374909,6.178344994245962
0.6,5593.491692540761,6.814523864190668
0.6,5488.250733248369,8.541001974131998
0.6,5971.216297409966,6.163349575185668
0.6,5844.3658814194,6.348060663472722
0.6,5846.370200736452,6.1661123635273904
0.6,5709.905690399582,6.79727879376182
0.6,5603.555848198516,8.539886251487644
0.6,5963.82171577572,6.336034175091214
0.6,5967.203233003017,6.117103022622989
0.6,5832.363157812173,6.771228558938961
0.6,5719.100135813452,8.434141834994985
0.6,4018.029975859986,5.099713863697702
0.6,4018.029975859986,4.699122998669852
0.6,4242.722466694315,5.030174920429762
0.6,4242.722466694315,4.681874340600986
0.6,4467.271928527652,4.957588786339212
0.6,4467.271928527652,4.673614192351153
0.6,4693.837201249186,4.870330824473
0.6,4693.837201249186,4.657909088572782
0.6,4015.0567406151463,5.703155920344754
0.6,4918.79686809493,4.797649276603296
0.6,4918.79686809493,4.633077802849927
0.6,4202.87657263689,5.668893618052849
0.6,5141.742303809131,4.735546152832632
0.6,5141.742303809131,4.624238646257946
0.6,4389.862866088382,5.641005272791379
0.6,5364.129252343104,4.667807021626063
0.6,5364.129252343104,4.620707643653073
0.6,4575.371079013146,5.5992794192227535
0.6,4054.1932776959575,6.234407166419781
0.6,5587.009110286903,4.597084522985461
0.6,5587.009110286903,4.603772275192368
0.6,4761.262078765176,5.568741555121861
0.6,4226.021380830286,6.217544974700346
0.6,5808.614496401894,4.541914254249037
0.6,5808.614496401894,4.592631740726179
0.6,4949.371863043279,5.514097501983621
0.6,4401.379472474459,6.197272605585621
0.6,5133.259752976372,5.490888848475034
0.6,4572.027335206894,6.17235988758619
0.6,4136.806058007711,5.79078974612642
0.6,5321.147298894052,5.458804060118103
0.6,4745.3927783962135,6.141936673381597
0.6,4293.247310400886,5.77539798725048
0.6,4056.150018975644,6.336392947071804
0.6,5508.63608805386,5.419463224874243
0.6,4919.204825221183,6.11084688888889
0.6,4448.841378098428,5.766874345813236
0.6,4203.058334747026,6.317396010800891
0.6,5695.905737428859,5.40242948836872
0.6,5091.419616573741,6.061244844922064
0.6,4608.840297540784,5.756827982357716
0.6,4350.696446489282,6.298962284292123
0.6,4001.227093550059,6.790586077671948
0.6,5878.729984755854,5.363299669240249
0.6,5266.043986816093,6.0287751193054655
0.6,4765.249224349814,5.734089372679564
0.6,4498.628023506161,6.288197447245048
0.6,4140.368305061505,6.8499819822080745
0.6,5439.132553866624,6.014653318844522
0.6,4917.732047694904,5.709567893354928
0.6,4645.537406227599,6.286298986824455
0.6,4275.6105363472725,6.810344725732913
0.6,4050.7703686192735,7.179017971396642
0.6,5616.671186576618,5.964860909900604
0.6,5076.523907424699,5.711570254264452
0.6,4790.441976262065,6.256442803743607
0.6,4415.088704648028,6.76943315450433
0.6,4181.215537524378,7.197979037381346
0.6,5791.270875837099,5.940517440121915
0.6,5232.326737951704,5.696523292745804
0.6,4939.9015329478025,6.219027342734854
0.6,4555.554273617924,6.750707739384895
0.6,4311.979156190653,7.171970675803975
0.6,4080.716472435355,6.610934961125071
0.6,4096.969217263251,7.145777406327064
0.6,5965.207634764282,5.923689164667922
0.6,5387.691992569017,5.677901443592198
0.6,5088.279990946953,6.195266829962235
0.6,4693.204077450333,6.719745236646052
0.6,4442.868055141382,7.167255484487312
0.6,4202.4946102501535,6.58737033525383
0.6,4221.166374527807,7.117973202071711
0.6,4085.973179725776,6.789286439792479
0.6,4068.5207591014296,6.569497474724835
0.6,5544.0292208349065,5.659531958160996
0.6,5237.692285623731,6.171529796761033
0.6,4831.520669736016,6.72672667289882
0.6,4576.122166306112,7.045280795755086
0.6,4335.88660897689,6.566945405453603
0.6,4343.68840451999,7.099045878033688
0.6,4204.864119384949,6.758063083134986
0.6,4188.067447012501,6.571266298438176
0.6,4067.486632947256,7.251457039578329
0.6,5698.918070351917,5.641653757787658
0.6,5385.962120073583,6.143377916274749
0.6,4970.129967545487,6.685073030833318
0.6,4707.911324765422,7.028798760555228
0.6,4462.799158824059,6.530642550833873
0.6,4468.132833500413,7.07872259252728
0.6,4324.111267280462,6.720917021363338
0.6,4307.170816442639,6.559361219611763
0.6,4183.267230375824,7.237091000008403
0.6,4090.093193900148,8.9160180851002
0.6,5857.3170465960575,5.62085713843599
0.6,5533.718873813446,6.118026236773587
0.6,5106.937831182875,6.634131920131318
0.6,4837.223763312118,7.056723228033998
0.6,4585.456032363178,6.493395763972378
0.6,4594.112848500636,7.057749917656891
0.6,4443.586590889106,6.688685492502309
0.6,4427.2866333139045,6.5255122103370455
0.6,4299.51051382954,7.236701194078497
0.6,4200.461005508623,8.901912633301151
0.6,5680.339913184143,6.094446152228154
0.6,5245.189630977434,6.574122658523343
0.6,4970.768688738879,7.070759183525903
0.6,4706.723714052785,6.457658775914431
0.6,4719.628379759459,7.037034922601365
0.6,4562.135739233896,6.66766705362598
0.6,4546.919916338986,6.503970224159204
0.6,4416.94519341964,7.202683428780411
0.6,4316.09526599303,8.885103650704963
0.6,5825.184865623042,6.092593358181299
0.6,5379.498619266518,6.501270154048832
0.6,5103.124019595999,7.1300904975123895
0.6,4820.199856986444,6.431264839262905
0.6,4843.623862331062,7.005653223153415
0.6,4680.978831125446,6.686523524073682
0.6,4665.322544242525,6.453327693236792
0.6,4542.086433585635,7.173407283949324
0.6,4435.620701047931,8.846034773458417
0.6,5974.658879025953,6.063958278481238
0.6,5517.648923950615,6.476675566197514
0.6,5235.396561815006,7.1146573078501065
0.6,4942.4341458811,6.411065748802606
0.6,4969.489824195967,6.9898216757625615
0.6,4805.051512740328,6.659133822575459
0.6,4790.39550118661,6.414232697770815
0.6,4662.094843110144,7.147905256018987
0.6,4551.827282276979,8.856157975297164
0.6,5656.50407619999,6.476723516433337
0.6,5367.490577204001,7.056703733570185
0.6,5062.438794176431,6.383971966731574
0.6,5093.597893081404,6.9652121580041735
0.6,4925.648504083889,6.640056821606307
0.6,4911.117871639772,6.387886006587164
0.6,4780.069373033973,7.115898570128282
0.6,4665.8191979167,8.847931284759296
0.6,5793.263212044276,6.517976585602791
0.6,5498.253713966159,6.935072432059999
0.6,5201.909267618729,6.352211595389195
0.6,5224.179151869255,6.913566360919705
0.6,5052.097703015964,6.605222555431162
0.6,5029.400543756126,6.392804645047203
0.6,4893.30644142993,7.105770101746947
0.6,4779.114551639,8.82362718192491
0.6,5931.497811076722,6.496716777051878
0.6,5627.946692664224,6.907477338488246
0.6,5330.124931216343,6.333041651928478
0.6,5350.151672332664,6.88874250372261
0.6,5174.427322631861,6.5724698892898346
0.6,5151.34238886103,6.383265267210011
0.6,5011.5060495999005,7.072149601077505
0.6,4896.292202494801,8.789767917975965
0.6,5757.055671092374,6.917449196257662
0.6,5449.477309469183,6.321867524211813
0.6,5474.885197405793,6.863047662387506
0.6,5295.566316996837,6.555287426012395
0.6,5273.113232954304,6.349685430259177
0.6,5130.747184429441,7.05858172796896
0.6,5011.874239252684,8.761813495411412
0.6,5883.673604891284,6.959350789758009
0.6,5562.937333734023,6.306330688600716
0.6,5592.651509917717,6.854706947546904
0.6,5409.922492095322,6.538176243526524
0.6,5392.311932855313,6.308241949218998
0.6,5249.513320138984,7.031979868731394
0.6,5126.6735256600205,8.767842528436457
0.6,5696.2491970111305,6.280695571423892
0.6,5715.904043937463,6.8397317986287565
0.6,5527.422611921889,6.51102965156743
0.6,5508.840730289129,6.327148613274742
0.6,5361.063879945824,6.992565581188043
0.6,5240.815555643687,8.777920755066186
0.6,5815.40167925068,6.269828035273145
0.6,5837.77071037861,6.826860105249894
0.6,5647.510714061,6.485255748307655
0.6,5628.649961051316,6.311756242365207
0.6,5477.250937477613,6.971417982987102
0.6,5355.829569853505,8.772138265410879
0.6,5939.173565559701,6.240996927521738
0.6,5962.473776904427,6.8132331252910845
0.6,5767.065354161584,6.470403897037528
0.6,5749.22178078905,6.258830137876156
0.6,5599.298351726474,6.941318582423508
0.6,5471.199494432158,8.659083446172252
1.2,4150.819003547403,2.291915674365748
1.2,4150.819003547403,2.374387346502408
1.2,4346.655014580929,2.28255969389896
1.2,4346.655014580929,2.362166286958481
1.2,4143.797896327154,2.3868645164967366
1.2,4541.875906279574,2.2746453162963065
1.2,4541.875906279574,2.3427125642883584
1.2,4331.788678389084,2.3837095009191445
1.2,4106.842555349683,2.755706736266452
1.2,4736.553425388779,2.2665603457368624
1.2,4736.553425388779,2.328979720039144
1.2,4519.030296516125,2.376998856533735
1.2,4284.448058081505,2.737523460174816
1.2,4079.304588494966,2.5234828957809428
1.2,4931.1432259107205,2.256510172240011
1.2,4931.1432259107205,2.3201269199677657
1.2,4705.041328424413,2.362444836172886
1.2,4463.774114750622,2.716891055415033
1.2,4252.651360682175,2.513728569250916
1.2,4166.935792954428,2.481136794670544
1.2,4050.056074061557,2.5888541280793267
1.2,5125.951686002994,2.243267024310667
1.2,5125.951686002994,2.3184604632202888
1.2,4889.4610707625725,2.345638123615306
1.2,4645.308599332559,2.70290112523198
1.2,4423.838451520739,2.513943894923937
1.2,4332.101868611445,2.462143839730748
1.2,4216.469779494643,2.5815812547035857
1.2,4125.088613508084,2.6110150503099017
1.2,4005.2958219021584,2.706076551619273
1.2,5320.225964161494,2.230925872597799
1.2,5320.225964161494,2.314935729702341
1.2,5074.467536490161,2.3270005530306093
1.2,4826.636215569837,2.685015668421836
1.2,4596.528318343347,2.500599223362337
1.2,4499.341645110003,2.452361590605433
1.2,4380.342952332303,2.570726292261079
1.2,4285.7911401048505,2.603239674267533
1.2,4162.555777800264,2.697659667322714
1.2,4075.720284694834,2.804251875794689
1.2,4035.141431660125,2.7731105872957333
1.2,5513.482124220064,2.219643398841423
1.2,5513.482124220064,2.30400361593993
1.2,5259.508116949446,2.316734780899363
1.2,5003.592897202572,2.676461132927265
1.2,4766.143402218214,2.4937529616537564
1.2,4665.028726260151,2.441340736333123
1.2,4543.985440204606,2.5575189437898125
1.2,4446.942209290557,2.594779408562871
1.2,4318.106660295323,2.6866741360807564
1.2,4230.746816323916,2.785099883306814
1.2,4188.149285812759,2.766808340485388
1.2,4137.606911953583,2.685030151924175
1.2,4120.523821054487,2.812021251567549
1.2,4057.604669122493,3.2065308472788216
1.2,5706.597702140227,2.2082714991791117
1.2,5706.597702140227,2.294545693245514
1.2,5444.5868036182055,2.308009398295986
1.2,5181.50494486238,2.662084230590365
1.2,4936.9985161730665,2.4890845079649666
1.2,4831.204227945522,2.428745030806084
1.2,4708.92936506648,2.542831838852333
1.2,4608.816641785371,2.583380057991417
1.2,4474.402316873743,2.675383421252046
1.2,4385.199567949135,2.7675182314722133
1.2,4340.975435408348,2.757863360835024
1.2,4287.34342562934,2.6688736770614625
1.2,4273.52972096977,2.797294985026264
1.2,4206.287346481119,3.202297672542298
1.2,5899.303949898489,2.19841149409948
1.2,5899.303949898489,2.2869786130052465
1.2,5629.415815892707,2.296915103348132
1.2,5361.301995606054,2.647159760831075
1.2,5107.966208083823,2.480645687655312
1.2,4997.548856571333,2.416978145398345
1.2,4873.686346040436,2.530909159540516
1.2,4770.03155218922,2.57847562009657
1.2,4630.900036711634,2.669187421727404
1.2,4540.715959645178,2.744898920644254
1.2,4494.9296272880565,2.7533172601019644
1.2,4436.39916804616,2.6522461354513283
1.2,4425.36999659448,2.783654318044556
1.2,4353.656614801582,3.192284138998613
1.2,5813.818561910777,2.286314123232512
1.2,5538.428271969924,2.6318890402209845
1.2,5276.950335050832,2.4817730332133032
1.2,5160.828791324511,2.404422154336949
1.2,5039.344686762337,2.518287203977486
1.2,4931.407577448283,2.576321920577614
1.2,4786.686367748433,2.6537582419009533
1.2,4697.816671344989,2.723935977485873
1.2,4648.328728989987,2.7514448029161733
1.2,4584.276135183458,2.639090685700459
1.2,4577.989215154917,2.771804624627777
1.2,4503.08884559605,3.179985236073162
1.2,5997.608341823416,2.2777958793341258
1.2,5716.147630490309,2.6184983955327845
1.2,5447.211280060355,2.4750785814061307
1.2,5325.918139881388,2.396653682778522
1.2,5203.426923906182,2.5021811651079755
1.2,5092.708007908835,2.576661584794638
1.2,4940.65374831684,2.6452154731117847
1.2,4853.938672598019,2.7019120494582776
1.2,4802.851625843929,2.7500384144370225
1.2,4733.3687633010695,2.621524606002125
1.2,4731.281365415126,2.762224504385547
1.2,4650.88524608094,3.1768013171627176
1.2,5895.621146683136,2.604333579697029
1.2,5615.569371672615,2.471687484752552
1.2,5488.738996357472,2.389563875508686
1.2,5366.327786178142,2.484053621579033
1.2,5254.030922270345,2.5853969976632034
1.2,5094.441937242769,2.646991595579584
1.2,5011.034634215564,2.660064056148842
1.2,4960.659054144862,2.748386280232729
1.2,4881.141541918896,2.604720191429017
1.2,4884.635814217918,2.7505834801271933
1.2,4798.80998155431,3.168486796588032
1.2,5785.811160240537,2.463674648452429
1.2,5653.420708487251,2.3790429173856307
1.2,5529.610957846071,2.470270462172837
1.2,5414.328583550273,2.579235449088876
1.2,5249.436051792609,2.6415659762487103
1.2,5166.232565243586,2.642936618466053
1.2,5113.894179534029,2.7376448595716574
1.2,5029.081288991646,2.591647924360789
1.2,5037.313546715964,2.7356114331522203
1.2,4947.829841018375,3.1604309906532166
1.2,5954.255247196649,2.4614656078985493
1.2,5816.942277083882,2.3690062425705727
1.2,5694.200127812456,2.456516230897057
1.2,5575.503862109008,2.576660011759688
1.2,5403.941140985688,2.610299302825301
1.2,5323.704556027365,2.6497082573794035
1.2,5263.310632896853,2.737994039515877
1.2,5176.98303346198,2.581281845073053
1.2,5191.711220174459,2.7215202256413398
1.2,5099.060362853513,3.1535177652192425
1.2,5982.883391461099,2.362856832466291
1.2,5856.177188229254,2.4448897082416514
1.2,5735.225596119139,2.5808550671555657
1.2,5557.912669619239,2.607553306393084
1.2,5481.566852817486,2.6083015701880448
1.2,5423.124700174108,2.7391393027160773
1.2,5325.104937832229,2.569272721898688
1.2,5342.519979134954,2.7130122512552237
1.2,5246.262244237335,3.135764056182682
1.2,5896.661516758456,2.5775492994986924
1.2,5711.496015319711,2.580308898825133
1.2,5638.450509787551,2.6140728292304063
1.2,5572.149576845358,2.740563608148061
1.2,5473.356016282363,2.553656120930021
1.2,5497.63093300541,2.695683194935515
1.2,5397.210411169524,3.122928468758646
1.2,5867.97896817488,2.5812538960929188
1.2,5794.874849328805,2.581765915393769
1.2,5728.389090411278,2.7330111653391254
1.2,5620.921444929822,2.538587622812403
1.2,5648.671763277782,2.688928464655621
1.2,5542.265538087651,3.1188451709836404
1.2,5951.655171341882,2.584772234292568
1.2,5877.055115893793,2.7326433289784395
1.2,5769.314741662103,2.526074281998365
1.2,5804.602291911233,2.6688409628163083
1.2,5694.202061166721,3.112345033890046
1.2,5916.936421894162,2.5061511315959675
1.2,5956.577199311938,2.6669754328774053
1.2,5838.8288896989925,3.101011789574272
1.2,5988.025004125843,3.092499644830332
1.2,4064.0341351233938,2.5790738333809844
1.2,4064.0341351233938,2.5038426371266067
1.2,4265.830689012208,2.5645397247876645
1.2,4265.830689012208,2.484260539139808
1.2,4156.560165135037,2.49024405713377
1.2,4034.7886639036055,2.5901177262285326
1.2,4466.88491809722,2.5549126299902736
1.2,4466.88491809722,2.460538790935407
1.2,4352.524845835063,2.4796798875597035
1.2,4224.0702057301405,2.5857759889542784
1.2,4057.520103864701,2.89166675565463
1.2,4667.585909479631,2.54136238017709
1.2,4667.585909479631,2.4476499919964168
1.2,4546.095663303106,2.475730554937759
1.2,4410.972323880169,2.57190185107004
1.2,4242.961949213552,2.86557014207986
1.2,4142.910941094332,2.5707446779015606
1.2,4130.537215949691,2.531915689236705
1.2,4039.895039575581,2.9517977904238006
1.2,4019.080986675512,2.8672262552732937
1.2,4867.711789131548,2.527004695870497
1.2,4867.711789131548,2.427536942227279
1.2,4740.187479344305,2.467103484231167
1.2,4599.416327602572,2.567012900529069
1.2,4426.233608231967,2.854967498946311
1.2,4322.739428918613,2.561829785933509
1.2,4309.642975358731,2.5196798222483707
1.2,4217.67613358848,2.9363940723434294
1.2,4125.2770233447,2.653199639570448
1.2,4194.379433184497,2.850549885165792
1.2,4046.8713166029374,2.674009062202106
1.2,4075.187815872338,2.9030966443397683
1.2,4014.592988139977,2.7923515109552928
1.2,4025.77399853433,3.243307720208038
1.2,5067.664543296769,2.5127780719006285
1.2,5067.664543296769,2.418660371055371
1.2,4934.754384352859,2.4546383372157705
1.2,4789.132484663791,2.5596892349371085
1.2,4609.747170848786,2.8429688941373583
1.2,4502.91066109897,2.5502649249994604
1.2,4489.7946354924,2.5076083852790307
1.2,4393.939489100141,2.9235852535241724
1.2,4298.418751707623,2.643555816219042
1.2,4370.545559949908,2.835848196614048
1.2,4219.435461766904,2.65785214071249
1.2,4247.949913870337,2.890059773376973
1.2,4183.810759376117,2.78009648134892
1.2,4196.485757787499,3.221695029379108
1.2,5267.322810205126,2.496996066041104
1.2,5267.322810205126,2.408738088174483
1.2,5127.724182844712,2.446147460837324
1.2,4977.22747628179,2.550928972658829
1.2,4792.73843576951,2.8328982537510745
1.2,4681.929793079254,2.5388215050926632
1.2,4667.859773214189,2.491634527330984
1.2,4569.627015410472,2.910685143090023
1.2,4470.259932743952,2.636524854985267
1.2,4545.713678860124,2.8220655661689187
1.2,4391.659741938331,2.643112748862253
1.2,4419.545484931529,2.8799851721941
1.2,4352.332265259716,2.762677784131601
1.2,4367.600866030096,3.211988534156116
1.2,5466.964582189204,2.478009488072947
1.2,5466.964582189204,2.3969816131115564
1.2,5318.85039328306,2.44561257743074
1.2,5161.7893432729625,2.540621825605572
1.2,4975.156161123051,2.8216084757285094
1.2,4860.635284495521,2.531228096514608
1.2,4845.615514684693,2.477173999772214
1.2,4746.26977231223,2.9012833960268782
1.2,4641.324782852408,2.628531918393181
1.2,4721.126127462433,2.80928687046078
1.2,4563.40274728692,2.630834013884089
1.2,4591.705457453824,2.8683607464228795
1.2,4521.440719622545,2.745560830397948
1.2,4537.978997472827,3.206405836216587
1.2,5665.341683359556,2.467956792130466
1.2,5665.341683359556,2.3865792719178547
1.2,5509.898286646755,2.434532828464876
1.2,5349.079746218548,2.533601733155555
1.2,5156.6773516001085,2.8094031568875613
1.2,5039.85389200365,2.5234383944884966
1.2,5023.372428986704,2.4662738242260844
1.2,4922.932262258862,2.879248927405385
1.2,4813.657740793252,2.627284802495637
1.2,4893.087049822474,2.795952089981864
1.2,4734.467967221336,2.619230176033474
1.2,4763.305428219569,2.8571939941409137
1.2,4690.363371859061,2.731708148485865
1.2,4708.08190907485,3.198248964085807
1.2,5863.670941855757,2.4528041946484485
1.2,5863.670941855757,2.3831177802799983
1.2,5700.729479659808,2.4281800023299565
1.2,5535.385172668258,2.514960846547341
1.2,5341.401733835248,2.795386216898304
1.2,5218.786538571924,2.5135652447784507
1.2,5201.6535299437855,2.453541460682546
1.2,5099.935107897316,2.8688149736668827
1.2,4986.351979798331,2.6134616779458155
1.2,5069.061957794357,2.784757405377593
1.2,4905.31630427214,2.603422681683405
1.2,4934.2496984337085,2.8526986459596744
1.2,4856.621251755468,2.720256123649432
1.2,4878.2760406485895,3.1868348041943237
1.2,5891.386105228171,2.420456921749716
1.2,5721.86637762768,2.508228075799609
1.2,5522.908927514049,2.7883753995058878
1.2,5396.805268390975,2.50360506000722
1.2,5380.887418900058,2.436157150104276
1.2,5277.425563625922,2.8588993924798105
1.2,5157.040669442948,2.6091960826093583
1.2,5242.894524416707,2.769994372162011
1.2,5076.828702924955,2.5850552313274395
1.2,5105.6952145164405,2.850533974341253
1.2,5021.5127959204,2.709578143101454
1.2,5047.325027863592,3.176225549457699
1.2,5909.857315853208,2.502921585578218
1.2,5702.426250402033,2.7824960463453965
1.2,5573.470277350591,2.4946628646572746
1.2,5558.982812980029,2.420485062381672
1.2,5454.632153821443,2.845214349972053
1.2,5328.62044510521,2.609316469586426
1.2,5416.517404526977,2.7524100465714936
1.2,5251.09083998708,2.5643378929752565
1.2,5277.428999058745,2.8439623374330734
1.2,5185.787138749605,2.6971453808985517
1.2,5216.574211405391,3.1633007071331822
1.2,5883.279905696855,2.7705073327666665
1.2,5751.235884657852,2.485570277241259
1.2,5736.514694298893,2.407204715570717
1.2,5631.361358862293,2.833877573937829
1.2,5499.320936078752,2.60301183598813
1.2,5589.674768093412,2.7284512776414664
1.2,5422.337449547975,2.557917123010752
1.2,5445.448467381021,2.8440965837576586
1.2,5351.026555265083,2.688613729844296
1.2,5385.929004930238,3.15073981267093
1.2,5928.709604003287,2.4752180387040474
1.2,5914.30299252087,2.3918906677122678
1.2,5807.248472504636,2.8235308779837647
1.2,5669.108586694003,2.593314298339216
1.2,5763.534537666516,2.721125604137842
1.2,5595.052436456723,2.5426821076157062
1.2,5617.041754607903,2.8340687852177955
1.2,5517.280095016632,2.66982229147368
1.2,5556.06142941793,3.143707381336318
1.2,5983.698505825074,2.8140259076061063
1.2,5838.718700478294,2.587704507809555
1.2,5937.514411086116,2.7087081254295104
1.2,5767.192161085232,2.53038562512718
1.2,5788.105762120653,2.827503873858609
1.2,5684.408957750712,2.657091006315431
1.2,5727.933038090704,3.1323074968892506
1.2,5941.834002130998,2.5181431913874954
1.2,5959.284782640587,2.829843028080093
1.2,5849.838187979671,2.6396178072503726
1.2,5899.955278442495,3.1190820008831848
1.2,4070.6654264862527,2.632311937689059
1.2,4070.6654264862527,2.549313372482403
1.2,4262.405862782748,2.6224907396131685
1.2,4262.405862782748,2.525050165628375
1.2,4154.384917995844,2.544106790617152
1.2,4032.869731227633,2.6523373832216217
1.2,4453.8065367499385,2.6086382436027606
1.2,4453.8065367499385,2.511895343005245
1.2,4338.997766742225,2.5401523920563647
1.2,4211.121896194784,2.6382373640387784
1.2,4051.78487027539,2.938848186797096
1.2,4644.662943279576,2.593949583517506
1.2,4644.662943279576,2.4913195662083463
1.2,4524.108467896353,2.5313909399986696
1.2,4390.844365393464,2.633341968354896
1.2,4226.573458642749,2.9281355486986205
1.2,4128.742046426512,2.626937175310211
1.2,4117.239202597419,2.5831176443799264
1.2,4030.4701872559112,3.0096078661439667
1.2,4010.2318791553057,2.921749823153931
1.2,4835.358573604038,2.5793890420360155
1.2,4835.358573604038,2.4822686422114204
1.2,4709.67474430663,2.518683170436024
1.2,4571.782087832155,2.625938805795447
1.2,4401.59316131874,2.9159772501145524
1.2,4300.571952977125,2.615234875838841
1.2,4289.047516434171,2.5709198969294085
1.2,4198.57069336306,2.9967147232077758
1.2,4108.551368555529,2.7093772879859555
1.2,4178.525003184485,2.906612459444472
1.2,4034.3882657895415,2.724326616340337
1.2,4061.999526278242,2.9625006138278294
1.2,4000.9925621326975,2.8499294690184183
1.2,4013.426189244446,3.3027556910493034
1.2,5025.7715043513,2.563228873442939
1.2,5025.7715043513,2.4721396051981834
1.2,4893.716775831486,2.510045654662872
1.2,4751.173962693113,2.6170516598117537
1.2,4576.116487236911,2.905783192625985
1.2,4471.302908858426,2.6036434858597657
1.2,4458.863065491292,2.5547054240539557
1.2,4366.121299364287,2.9837071944545377
1.2,4272.301712566057,2.7021184570298704
1.2,4345.863884678703,2.8924232856173373
1.2,4198.918710194992,2.709154385798104
1.2,4225.9305961572,2.9520972099900056
1.2,4161.9879692483855,2.8319939529463034
1.2,4176.9026030119,3.2927078915813643
1.2,5216.169627790041,2.543775270290465
1.2,5216.169627790041,2.4601223961839893
1.2,5076.002546176794,2.509565095422364
1.2,4927.1958859846745,2.606569035973989
1.2,4750.0931257690245,2.8943270325872583
1.2,4641.7355565766375,2.595988048977389
1.2,4628.384633077489,2.5400282038851
1.2,4534.585348801833,2.9742675195867405
1.2,4435.421635509142,2.694113353662692
1.2,4513.042620735338,2.8792685407400653
1.2,4362.988739992938,2.6965097747108158
1.2,4390.400630424089,2.94011165350831
1.2,4323.544231764084,2.814375360558517
1.2,4339.674723371182,3.2868960297527705
1.2,5405.361885113153,2.5334893475845828
1.2,5405.361885113153,2.4494913430516627
1.2,5258.21314761914,2.498259087341588
1.2,5105.821809244892,2.5994517262579517
1.2,4923.213728521882,2.8819220875450147
1.2,4812.657870212302,2.5881209871420285
1.2,4797.907724349742,2.528989517455932
1.2,4703.06809988609,2.9518607183194963
1.2,4599.777829636851,2.693021133343874
1.2,4676.90043245021,2.865548643915156
1.2,4526.410419506005,2.6845618959382205
1.2,4554.335029932291,2.928600908337723
1.2,4484.922228091307,2.800108729267831
1.2,4502.182364287242,3.2784523861025976
1.2,5594.506864883377,2.517966125190108
1.2,5594.506864883377,2.445980652683096
1.2,5440.21735731846,2.4917983806963995
1.2,5283.509096636454,2.580405194586011
1.2,5099.391899263874,2.8676505433317856
1.2,4983.305646065981,2.5781093199359946
1.2,4967.928242573444,2.5160622683382234
1.2,4871.873541847641,2.941333491632161
1.2,4764.477099934245,2.6790262192350194
1.2,4844.589379822957,2.8540778590287665
1.2,4689.537322817295,2.668309509246078
1.2,4717.640968431462,2.9239329202177724
1.2,4643.750959124886,2.788307699609445
1.2,4664.775293117,3.266675639742857
1.2,5783.67066062305,2.5011538897687786
1.2,5783.67066062305,2.437989343999945
1.2,5622.055152323494,2.4839279203706828
1.2,5461.362773654358,2.573570346709377
1.2,5272.499339893705,2.860557855708347
1.2,5153.081780700479,2.567999780435574
1.2,5138.858975910142,2.498354162648739
1.2,5041.145193220496,2.9313246872087144
1.2,4927.261140471129,2.6748151684693164
1.2,5010.341914290287,2.839137502730229
1.2,4852.978304226809,2.6494376330732403
1.2,4881.426235352038,2.921658190750804
1.2,4801.273242677252,2.777305099029601
1.2,4826.273320856686,3.255730341542321
1.2,5972.810017113755,2.4819754457297
1.2,5972.810017113755,2.4308051488184086
1.2,5805.884782498152,2.468725323982216
1.2,5640.655753531565,2.568195190979752
1.2,5443.704061341389,2.8546202542972434
1.2,5321.562895671056,2.558927219247165
1.2,5308.701358505519,2.4823937170824024
1.2,5210.143086890451,2.917440771273322
1.2,5090.894050122807,2.675090623025093
1.2,5175.9196513975885,2.8212907306079056
1.2,5019.047507210341,2.628161292451098
1.2,5045.487284485409,2.91487033215594
1.2,4958.204982850004,2.764507807367752
1.2,4987.961371495655,3.242416490631762
1.2,5985.929855070326,2.4693259503302483
1.2,5814.582961225723,2.558298085828434
1.2,5616.188681883774,2.842407294364942
1.2,5491.097725698064,2.54969289993217
1.2,5478.007125227347,2.468876616999963
1.2,5378.688135894139,2.905952715410167
1.2,5253.6901456635605,2.6687674981649043
1.2,5341.056775610745,2.7968959337716464
1.2,5182.234834040921,2.621602276552268
1.2,5205.873074052257,2.91495904413055
1.2,5116.059308082683,2.7557131344951533
1.2,5149.750579920191,3.229479998535409
1.2,5992.7493896161,2.539653376213936
1.2,5792.122370836706,2.832685697680672
1.2,5660.35054641055,2.5391606461937086
1.2,5647.556498068666,2.453267560880192
1.2,5546.425451107877,2.895472531739844
1.2,5415.610135725602,2.658959021305856
1.2,5506.858835450722,2.7895410671301826
1.2,5346.921169957662,2.6061450993672937
1.2,5369.392320171568,2.904635097288114
1.2,5274.881250105373,2.736405638637796
1.2,5312.281161273781,3.222213484373953
1.2,5964.208013643693,2.823796874071214
1.2,5828.958471592405,2.529419525318221
1.2,5817.548278724588,2.43834519668974
1.2,5714.701455061115,2.885846397279417
1.2,5577.36207137656,2.6533316142682324
1.2,5672.779414056409,2.7769549352718133
1.2,5511.093693913447,2.5936883957178027
1.2,5532.4068122928575,2.897863510606809
1.2,5434.540376440975,2.723312914318617
1.2,5476.474469287942,3.2104741302832047
1.2,5997.914968207035,2.519127495397002
1.2,5986.720880857271,2.4256614742347744
1.2,5882.37164421649,2.8762774342379944
1.2,5739.680038837245,2.650525597536296
1.2,5838.170269082243,2.7470559987096244
1.2,5677.651818389412,2.581279058097441
1.2,5695.524579674376,2.900340078365557
1.2,5592.341250188102,2.705362835232946
1.2,5640.810308040858,3.196867217270542
1.2,5902.902656346813,2.638927021434165
1.2,5840.026876909235,2.5570919040165787
1.2,5860.433668865055,2.89557816335134
1.2,5747.379120786169,2.695230996575924
1.2,5802.364059882702,3.1855330673171336
1.2,5906.762354254272,2.683817390094559
1.2,5963.333266773187,3.1757903664793887
