K,Rem,prandtl,nusselt
1.2,7131.105904891073,0.708077437018646,94.59819729538356
1.2,7131.105904891073,0.708077437018646,94.59819729538356
1.2,6908.01524021868,0.708077437018646,81.0841691098898
1.2,7131.020332953521,0.7080769776239505,94.59761182479964
1.2,7131.020332953521,0.7080766330818637,92.66661818174244
1.2,6907.870174757378,0.7080764033890128,92.66633142613122
1.2,7130.870584327974,0.7080761736976607,93.72872867097384
1.2,7130.870584327974,0.7080754846325983,92.039068311026
1.2,6907.662943228595,0.7080747955810254,92.03821388876044
1.2,7130.635270883798,0.7080749104220174,93.61977134793786
1.2,7130.635270883798,0.7080737620289587,91.72704362437636
1.2,6907.352106621368,0.7080727285072418,91.26483287222796
1.2,7130.357182354719,0.7080734175183476,93.77897640078923
1.2,7130.357182354719,0.7080715801853726,91.9557490484449
1.2,6906.958398659419,0.7080698577728167,91.65699050394466
1.2,7130.014933197798,0.7080715801853726,93.61034806758624
1.2,7130.014933197798,0.7080689391872532,91.71808629120218
1.2,6906.481832333914,0.7080665280142177,91.50992736534732
1.2,7129.608531882978,0.708069398477038,93.40546795416977
1.2,7129.608531882978,0.7080657243265821,91.85957589773376
1.2,6905.901705315812,0.7080623949590388,91.70412798896449
1.2,7129.13798846711,0.7080668724573945,93.44528868016846
1.2,7129.13798846711,0.7080621653590945,91.9036960604804
1.2,6905.259473932269,0.70805780324477,91.66652016100316
1.2,7128.603314593318,0.7080640022005947,93.40058925411869
1.2,7128.603314593318,0.7080579180303245,91.99203797300284
1.2,6904.49301136147,0.7080524087460557,91.80160493910276
1.2,7128.004523490301,0.7080607877908881,93.47042346163852
1.2,7128.004523490301,0.7080533269001966,91.87309593777267
1.2,6903.664490888915,0.7080464413281119,91.7161623521428
1.2,7127.3630127514325,0.7080573441062965,93.4065292215602
1.2,7127.3630127514325,0.7080482773489071,91.8343690008054
1.2,6902.753223606111,0.7080400160098231,91.70154787956366
1.2,7126.636031215226,0.7080534416711491,93.48305186064536
1.2,7126.636031215226,0.7080426548378164,91.89324827023538
1.2,6901.738532951713,0.7080327889293438,91.77784873124952
1.2,7125.844981464516,0.7080491953952375,93.45911960006214
1.2,7125.844981464516,0.7080365743577361,91.83367338530668
1.2,6900.641164274343,0.7080249899371422,91.68772316661686
1.2,7125.011259375218,0.7080447201456358,93.41359277112902
1.2,7125.011259375218,0.70803003614638,91.8532946458384
1.2,6899.461153739049,0.7080166194141602,91.72311451937964
1.2,7124.113504780839,0.7080399012826617,93.42175110718313
1.2,7124.113504780839,0.7080231551314696,91.7897276221302
1.2,6898.219237101104,0.7080076777691254,91.67175282947272
1.2,7123.130368673331,0.7080346242376869,93.43470786014228
1.2,7123.130368673331,0.7080154729223287,91.8458692584227
1.2,6896.832672203732,0.707997936257477,91.6792709959883
1.2,7122.0832517250665,0.7080290039083134,93.42386791709332
1.2,7122.0832517250665,0.7080074485260747,91.82790402622643
1.2,6895.384294998176,0.7079877392140742,91.6495488388612
1.2,7121.014910410703,0.7080232698040196,93.39673323757567
1.2,7121.014910410703,0.7079990821775718,91.804341264198
1.2,6893.874141226329,0.7079768579929296,91.63953407314148
1.2,7119.839904524485,0.708016963368999,93.40033453085856
1.2,7119.839904524485,0.7079901449913782,91.77662761179586
1.2,6892.260886968362,0.7079654077148435,91.622824774777
1.2,7118.643717362271,0.7080105434333864,93.34951232505831
1.2,7118.643717362271,0.707980751937597,91.76467014687093
1.2,6890.565274443776,0.7079533889377866,91.6011247178598
1.2,7117.340937228203,0.7080035516228943,93.3574032377206
1.2,7117.340937228203,0.7079706743793288,91.75874286903569
1.2,6888.746017558137,0.7079405734399903,91.60388066112525
1.2,7115.995672197622,0.7079963320320988,93.37331619264695
1.2,7115.995672197622,0.7079602563068879,91.75265910301064
1.2,6886.865202975849,0.7079271908142768,91.5739858424245
1.2,7114.586596665406,0.7079887702413262,93.34526895395013
1.2,7114.586596665406,0.7079493835923972,91.72671748370784
1.2,6884.902216665714,0.7079132417117436,91.5699731783752
1.2,7113.135089081137,0.7079809810066032,93.32380741630536
1.2,7113.135089081137,0.7079380566594673,91.71133557325818
1.2,6882.857123116501,0.7078987268106866,91.5341158885656
1.2,7111.598494206957,0.7079727354629547,93.33176514688458
1.2,7111.598494206957,0.7079261615927577,91.69200577137283
1.2,6880.709340652863,0.7078835325988723,91.53262730415582
1.2,7109.998197664068,0.7079641484120333,93.32853195525055
1.2,7109.998197664068,0.7079139276036062,91.66976032177423
1.2,6878.500242832662,0.7078677741286221,91.50315328840912
1.2,7108.334238909852,0.707955220104948,93.31630184398811
1.2,7108.334238909852,0.707901012223698,91.67526751009818
1.2,6876.1679746696445,0.7078513380519535,91.48178813022032
1.2,7106.627984763323,0.7079460652236162,93.30675832984603
1.2,7106.627984763323,0.7078877588995353,91.65570068095384
1.2,6873.774540112718,0.7078342253265304,91.46672168726276
1.2,7104.858142210173,0.7079365695557528,93.2745480256141
1.2,7104.858142210173,0.7078739396435563,91.6362920020433
1.2,6871.278751948349,0.7078165509481067,91.4508999558989
1.2,7103.003438936855,0.7079266190208192,93.27908349781552
1.2,7103.003438936855,0.7078596692670827,91.62029372652712
1.2,6868.701328307462,0.7077984297131,91.42122303402584
1.2,7101.106557122147,0.707916442655099,93.25158254487847
1.2,7101.106557122147,0.7078450624161694,91.58599695110954
1.2,6866.062962172525,0.7077796345622094,91.39731210092752
1.2,7099.124917249896,0.7079058120754864,93.24247287917596
1.2,7099.124917249896,0.7078297773857458,91.58690649131276
1.2,6863.301914794053,0.7077601665877951,91.36357484577655
1.2,7097.1011836435455,0.7078949562045644,93.2346370334193
1.2,7097.1011836435455,0.7078140430487632,91.56252403272389
1.2,6860.459508294691,0.7077400269204734,91.34873232864096
1.2,7095.014095436366,0.7078837610345424,93.22100319166272
1.2,7095.014095436366,0.7077979739537973,91.53641576760988
1.2,6857.556420850313,0.7077194440958776,91.32415202893468
1.2,7092.863703945709,0.7078722268918166,93.2024521647828
1.2,7092.863703945709,0.7077813427956409,91.52063170675343
1.2,6854.551569205368,0.707698078061516,91.2969417766204
1.2,7090.65006202376,0.7078603541125165,93.19155372740944
1.2,7090.65006202376,0.7077642642094354,91.4963938533528
1.2,6851.465644745568,0.7076762708927251,91.2621064747638
1.2,7088.373224054276,0.7078481430424819,93.16988728348709
1.2,7088.373224054276,0.7077466250833339,91.47555828542556
1.2,6848.278188264017,0.7076536830148659,91.24186236793508
1.2,7086.033245949281,0.7078355940372388,93.16135652958792
1.2,7086.033245949281,0.7077286536977133,91.44806325172873
1.2,6845.03043172016,0.7076306561394984,91.20920390829052
1.2,7083.651447905134,0.7078228214816903,93.1432041230813
1.2,7083.651447905134,0.7077101232636039,91.42871389131332
1.2,6841.681370546209,0.7076069645112971,91.1797335773435
1.2,7081.185356599815,0.7078095976682184,93.12607954831492
1.2,7081.185356599815,0.7076911482683889,91.40249642050048
1.2,6838.251673693613,0.7075827227383807,91.14841004609588
1.2,7078.656301858393,0.7077960370428986,93.10534623018644
1.2,7078.656301858393,0.7076716159150642,91.38336493611942
1.2,6834.720929989773,0.7075579319837417,91.11540578334277
1.2,7076.085587690997,0.7077822538875362,93.08594226287885
1.2,7076.085587690997,0.7076517540736614,91.36213082018318
1.2,6831.130308957241,0.7075324803582946,91.08489963959762
1.2,7073.4307862832,0.7077680207838732,93.07565244151697
1.2,7073.4307862832,0.7076314499171421,91.33487638926292
1.2,6827.459394887077,0.7075064823207009,91.0526028689049
1.2,7070.734439123466,0.7077535658725169,93.0576432024181
1.2,7070.734439123466,0.7076105908960184,91.30600830434666
1.2,6823.687814386095,0.7074798262076971,91.02232278577512
1.2,7067.932930648876,0.7077385481925097,93.04217447781636
1.2,7067.932930648876,0.7075890647542823,91.28512363462649
1.2,6819.795238815082,0.7074524007339082,90.98860965274751
1.2,7065.132434907754,0.7077235369530231,93.01483072126248
1.2,7065.132434907754,0.7075673254946403,91.25354915759785
1.2,6815.863742427632,0.7074245459212625,90.95845119206136
1.2,7062.226930196211,0.7077079639128546,92.99888605970328
1.2,7062.226930196211,0.7075450341731626,91.2273860019864
1.2,6811.832007380868,0.7073961501910186,90.919749138257
1.2,7059.280123036648,0.7076921706105457,92.98332930975138
1.2,7059.280123036648,0.7075224179493104,91.19976598187436
1.2,6807.7410950413705,0.7073672148949828,90.886220310654
1.2,7056.292061195866,0.7076761573493112,92.95532910300896
1.2,7056.292061195866,0.7074992515298719,91.17053471446816
1.2,6803.55022901261,0.7073376289627029,90.84785317323843
0.3,8534.893084703353,0.7079004408564927,144.85638364091164
0.3,8534.893084703353,0.7077263794965998,129.85527023495686
0.3,6706.130819754945,0.7075284098207704,119.8648680776324
0.324,8174.960747340116,0.7078928996810625,146.3092898034297
0.324,8174.960747340116,0.7077208083284026,128.13482889885967
0.324,6610.946181119483,0.7075363251910375,118.4606287900472
0.349,8663.728442436863,0.7079135846559997,145.28080943969684
0.349,8663.728442436863,0.7077537934626744,126.85086233823348
0.349,6884.3659781742845,0.7075690233868597,119.7142899217824
0.373,8503.829269412488,0.7079094695460413,141.512671988396
0.373,8503.829269412488,0.7077525417351157,123.23645113400364
0.373,6659.844453239944,0.7075738911356761,121.02476916069374
0.398,8800.516089873861,0.7079262759492144,141.66264896820445
0.398,8800.516089873861,0.7077819122252984,129.93083186806362
0.398,6906.890007723249,0.7076229460950295,122.5752455135838
0.422,8838.266008440114,0.7079227310722425,136.85719341921146
0.422,8838.266008440114,0.7077819122252984,119.3196786720934
0.422,7371.245644312059,0.707610704226608,113.80946516358188
0.447,8569.096489549747,0.7079400014285788,134.68607445499455
0.447,8569.096489549747,0.7078012783430653,122.94088232030307
0.447,6995.803941223411,0.7076383678856789,120.64206474555638
0.471,8697.377564534056,0.7079295924484861,128.14227139834702
0.471,8697.377564534056,0.7078004807033297,116.14850209051198
0.471,6811.906175506413,0.7076502790728013,113.15264789358577
0.496,8283.218658626965,0.7078960987696987,130.03208112148778
0.496,8283.218658626965,0.7077697284509328,118.9934180520799
0.496,6945.681454304099,0.7076305427441643,111.68100210728308
0.52,8473.793743525286,0.7079144991903958,126.17340355886496
0.52,8473.793743525286,0.7077778125383714,112.26577009131812
0.52,6722.534660199848,0.7076321303123327,114.86282596159944
0.545,8520.753438462523,0.7079143848722934,128.27697655167634
0.545,8520.753438462523,0.7077861262924906,117.555079704558
0.545,7060.822254236153,0.7076511867582717,110.03626468129562
0.569,8458.833495102288,0.7079239888908457,127.05869108508232
0.569,8458.833495102288,0.7078020760009592,117.45397048667186
0.569,7246.896012851935,0.7076722970925982,112.4358542762181
0.594,8429.628396256936,0.7079075264673559,120.6243724023459
0.594,8429.628396256936,0.7077810011422897,113.6904927232592
0.594,7258.087964552628,0.7076505059919591,108.81089104978834
0.618,8385.077766261764,0.7079102696685293,121.81909994431628
0.618,8385.077766261764,0.7077856706932174,111.97334379686434
0.618,7635.876140008206,0.7076541368988555,105.127053081149
0.643,8338.474876137509,0.7079084408439265,117.22664951159092
0.643,8338.474876137509,0.7077876070310525,111.10527862364336
0.643,7390.489473049488,0.707662648315072,107.83658513856555
0.667,8376.338460510347,0.7079085551426727,117.14609574773574
0.667,8376.338460510347,0.7077918217834125,109.40171591051454
0.667,7384.130430919237,0.7076679831923347,104.2417125125168
0.692,8302.205705915616,0.7079058120754864,115.74236073008284
0.692,8302.205705915616,0.7077907965267075,108.46084096875052
0.692,7508.688801059829,0.7076694589404212,107.4062582833748
0.716,8082.746459506743,0.707905354918463,115.77666092286292
0.716,8082.746459506743,0.7077912521926497,108.72382942055778
0.716,7536.312829908886,0.7076686642990959,104.88756361395876
0.741,8095.767088147944,0.7079072978769353,114.6953760229042
0.741,8095.767088147944,0.7077991133631703,107.50419580240468
0.741,7693.173186255228,0.7076814942883644,106.0945180641362
0.765,8044.94545585651,0.7079028406612655,113.99665066961938
0.765,8044.94545585651,0.7077889739222039,103.9157247649735
0.765,7046.284345731196,0.7076709347508009,103.2722818304546
0.79,7992.56221689336,0.7079076407631246,109.54961166161053
0.79,7992.56221689336,0.707794214165747,103.44483261593857
0.79,7576.221333976639,0.7076730918164945,102.96173347490814
0.814,7973.545307777414,0.707896213028258,107.1405564435632
0.814,7973.545307777414,0.7077873792210458,102.919831762004
0.814,7284.676726785651,0.7076695724620851,104.201246890015
0.839,7947.781668321602,0.7078994124189635,110.40653069257736
0.839,7947.781668321602,0.7077979739537973,107.2310485909806
0.839,7369.720935243036,0.7076956922400576,106.85029380842664
0.863,7803.024731822893,0.7078935851755056,107.52059391276708
0.863,7803.024731822893,0.7077886321944158,100.75716348942689
0.863,7276.963906474242,0.7076908074943107,98.81286122089604
0.888,7807.964688705028,0.7078893581730828,106.72721436240174
0.888,7807.964688705028,0.7077845317209585,96.22241488400763
0.888,7341.614681649294,0.7076850148429443,97.36172864603148
0.912,7745.418064219927,0.7078868450616621,106.29367209948762
0.912,7745.418064219927,0.7077840761424239,101.44647821133027
0.912,7472.225419195763,0.7076911482683889,97.79403610037188
0.937,7647.167436106145,0.7078783931894637,101.0727564012156
0.937,7647.167436106145,0.7077746242247092,100.51938741417116
0.937,7179.261473915532,0.7076860370058227,98.10783567894926
0.961,7638.225570652393,0.7078767944156273,101.37859241389924
0.961,7638.225570652393,0.7077640365512087,95.52214878789694
0.961,7112.81016886591,0.7076540234273053,100.28274812795615
0.986,7564.592543267568,0.7078767944156273,101.58048817680546
0.986,7564.592543267568,0.7077658578584655,96.9550374718794
0.986,7103.912904869386,0.7076528887320659,94.38705544993935
1.01,7494.317928766846,0.7078711992809109,101.33735890297454
1.01,7494.317928766846,0.7077675654200538,97.77001207828008
1.01,7159.29630312287,0.7076633293179043,94.17899690054796
1.035,7440.704488508703,0.7078664041613469,98.27179854725053
1.035,7440.704488508703,0.7077626706329297,97.35860076711752
1.035,7159.029415886359,0.7076550446845163,96.47290824066954
1.059,7394.221975006468,0.7078634360824632,98.24261601131958
1.059,7394.221975006468,0.707761532408397,96.9986021596239
1.059,7026.392315426082,0.707659924436397,97.67130805231946
1.084,7365.711381093282,0.7078593268493802,99.46344776351162
1.084,7365.711381093282,0.7077568660746087,95.6743787192062
1.084,7030.806178665882,0.7076552716346153,95.09020600481468
1.108,7317.98239108714,0.7078584137518512,99.44928878056514
1.108,7317.98239108714,0.7077549314356543,93.2370136972838
1.108,6900.677231699953,0.7076506194520903,92.78821478846956
1.133,7221.002035987378,0.7078563593693258,95.22476995656828
1.133,7221.002035987378,0.7077522003626394,92.42131939927208
1.133,6862.299698926509,0.7076505059919591,94.6005638421204
1.157,7132.5605988044645,0.707859555127477,95.96963868691932
1.157,7132.5605988044645,0.7077589146323765,92.536089955048
1.157,6950.187314559569,0.7076596974560878,92.66436734101052
1.182,7163.595883547228,0.7078521368498079,92.86659888565696
1.182,7163.595883547228,0.7077470801748944,90.7405309244712
1.182,6808.785035460542,0.7076551581593817,93.32751685483508
1.206,7057.056351409875,0.7078474584354673,91.92871427292684
1.206,7057.056351409875,0.7077443497142707,90.42562328371773
1.206,6765.0839154094565,0.7076528887320659,91.6318083510944
1.231,7018.595013704121,0.7078497405108296,90.66736207281488
1.231,7018.595013704121,0.7077482179296792,89.83472286495316
1.231,6735.425076758217,0.7076636698242953,89.77412165882626
1.255,6921.30425172441,0.7078368487356648,89.29136427906194
1.255,6921.30425172441,0.7077442359496997,89.04957008809383
1.255,6821.557353027829,0.70766718858455,89.9318531525737
1.28,6890.1807913993935,0.7078370768674758,89.26037146968427
1.28,6890.1807913993935,0.7077499246311908,88.37633346685467
1.28,6615.649834785155,0.7076752490152718,88.03741028876283
1.304,6821.088670400336,0.7078366206053384,89.36413287431868
1.304,6821.088670400336,0.7077489006002994,90.91559016495066
1.304,6671.461473456462,0.7076711618040809,88.93553634298114
1.329,6800.056313766236,0.7078358221608855,89.93597527067614
1.329,6800.056313766236,0.7077503797656463,88.94290169535874
1.329,6598.684085933174,0.7076544773157153,88.53872877291447
1.353,6737.061230970875,0.7078418679784378,88.26675188539224
1.353,6737.061230970875,0.7077580041474604,86.68588377421905
1.353,6539.782781794693,0.7076620808228452,87.56704001802323
1.378,6696.737949135927,0.7078447201410633,87.55768814118638
1.378,6696.737949135927,0.7077616462291855,87.01602326607923
1.378,6612.562410911231,0.7076624213170758,87.29190159410005
1.402,6673.229174304372,0.7078433510740487,87.64637810933279
1.402,6673.229174304372,0.707761532408397,86.80330564264727
1.402,6541.532504599553,0.7076825163483439,85.07194992963069
1.427,6643.156316969174,0.7078459751661206,87.51408660403882
1.427,6643.156316969174,0.707766085528533,83.8916786831949
1.427,6472.533664060971,0.707682857041642,85.56359412061279
1.451,6597.673699399851,0.7078392441937191,83.56182163667489
1.451,6597.673699399851,0.7077619876937702,83.78581838322206
1.451,6453.642913436897,0.7076825163483439,86.31324407519385
1.476,6502.893638830835,0.7078370768674758,82.21627807555983
1.476,6502.893638830835,0.7077540210543115,83.12943581321588
1.476,6452.212174857774,0.7076752490152718,83.9683322298565
1.5,6416.111120601743,0.7078409553353959,80.9156388128656
1.5,6416.111120601743,0.7077564108558256,83.81166694601237
1.5,6328.033662342158,0.7076750219354488,82.52410627184683
1.2,6694.559781012756,0.7078446060501035,88.65887404082584
1.2,6694.559781012756,0.7077408231844833,86.27897505885522
1.2,6327.061103328397,0.707633717952637,86.1100633961904
1.2,6698.503434591133,0.7078371909339377,90.75957293142098
1.2,6698.503434591133,0.7077363870870849,86.72941231614426
1.2,6293.382699270736,0.7076399558094184,83.55576389426521
1.2,6707.297168761086,0.7078378753405041,89.99139251868255
1.2,6707.297168761086,0.7077379794676192,88.65439305612051
1.2,6431.551433123673,0.7076389349930169,85.22121772735285
1.2,6725.578244584792,0.707844035600874,90.17929951837628
1.2,6725.578244584792,0.7077448047762518,88.69347577116197
1.2,6399.411587035001,0.7076490310437674,84.75460772963132
1.2,6742.395744043513,0.7078474584354671,89.68641904352037
1.2,6742.395744043513,0.7077392306745767,91.96000723987764
1.2,6402.94721700869,0.7076472158083597,84.6302711735
1.2,6763.082847529787,0.7078499687265344,90.29300422436222
1.2,6763.082847529787,0.7077424157668453,91.95290061448004
1.2,6454.446094609006,0.7076382544653157,85.33485949079714
1.2,6781.643152295435,0.7078488276628627,90.80618519939388
1.2,6781.643152295435,0.7077394581715559,90.19004813649651
1.2,6366.428137849949,0.7076409766556405,86.20614815644025
1.2,6740.753696398968,0.7078467738418186,89.33985869587077
1.2,6740.753696398968,0.7077410506918131,88.18205649871624
1.2,6449.025840534736,0.7076401826615573,86.72969592270822
1.2,6745.197903262901,0.7078371909339378,89.90591755142982
1.2,6745.197903262901,0.7077391169266413,87.05890377255895
1.2,6443.129821790317,0.7076358727227239,83.73461506311567
1.2,6757.990837253971,0.7078363924764961,90.74243815589809
1.2,6757.990837253971,0.7077420744930965,88.03588323550858
1.2,6523.358967524107,0.7076398423839013,85.81681803472483
1.2,6780.6756923701,0.7078359362232653,92.94783141507423
1.2,6780.6756923701,0.7077440084216671,88.51263662095738
1.2,6528.231939765106,0.707633717952637,87.35288905345531
1.2,6796.926331922868,0.7078378753405041,88.97572376839948
1.2,6796.926331922868,0.7077419607359197,89.01568981255073
1.2,6447.992076597535,0.7076360995483578,86.34195896733131
1.2,6834.5361214796585,0.7078351377943987,91.0596670363762
1.2,6834.5361214796585,0.7077450323094606,87.15529757991789
1.2,6458.078713315897,0.707643812496068,87.05074718741245
1.2,6889.012767781615,0.7078389019754051,90.60574318291344
1.2,6889.012767781615,0.7077470801748944,88.38827089356234
1.2,6584.283525472432,0.7076629888148298,85.38259014679109
1.2,6860.8281922489605,0.7078412975737526,91.32826665804002
1.2,6860.8281922489605,0.7077459424570857,88.60223714004174
1.2,6532.875005360582,0.707667415613503,86.63364833979864
1.2,6900.868481724694,0.7078458610710773,90.13900915783336
1.2,6900.868481724694,0.7077413919555804,88.14684085812797
1.2,6537.814822042041,0.7076636698242953,84.14034254513143
1.2,6888.356327135419,0.7078490558726267,90.68802446207268
1.2,6888.356327135419,0.7077409369379634,90.55009770197788
1.2,6489.578688131788,0.7076612863492043,87.87373567847276
1.2,6913.3265285847565,0.7078509957155857,90.566904711683
1.2,6913.3265285847565,0.7077448047762518,89.5147116579321
1.2,6637.135400931512,0.7076638968303987,87.50892790976248
1.2,6911.868566150319,0.7078484853510014,92.79441345312958
1.2,6911.868566150319,0.707743553370038,91.87688175328792
1.2,6672.8747307086505,0.7076620808228452,86.61263086251337
1.2,6944.638472414229,0.707845518788175,91.79940995346216
1.2,6944.638472414229,0.7077401406713657,90.1802314576838
1.2,6584.679544624226,0.7076585625766475,87.59805561379129
1.2,6927.226439894174,0.7078446060501035,92.2968196326528
1.2,6927.226439894174,0.7077456011489532,91.23188852948728
1.2,6685.67395609447,0.707667415613503,87.48801377265525
1.2,6913.068033670516,0.7078440356008739,92.62587652947212
1.2,6913.068033670516,0.7077454873803154,92.8906079288488
1.2,6644.385808146858,0.7076652588979738,89.11539770872295
1.2,6929.222498389365,0.707845176508614,92.11410364079492
1.2,6929.222498389365,0.707742188250643,90.923562520736
1.2,6766.399033912157,0.7076482368666758,88.86646613366631
1.2,6943.218565927183,0.7078460892615351,91.41059970948317
1.2,6943.218565927183,0.7077449185426714,89.87828140951243
1.2,6783.512092485448,0.7076541368988555,88.96686460891289
1.2,6947.658361802775,0.7078416398154502,91.20343224025628
1.2,6947.658361802775,0.7077418469791125,90.9827179448582
1.2,6763.353687244727,0.7076629888148298,88.79113628509978
1.2,6935.440436057354,0.7078381034789953,91.98342655775332
1.2,6935.440436057354,0.7077410506918131,93.0491258369948
1.2,6737.789408490116,0.7076764979806595,87.73016974288909
1.2,6975.907898591511,0.7078355940372388,91.52890910575807
1.2,6975.907898591511,0.707738093211858,90.72410074010878
1.2,6691.225311896428,0.7076595839664857,90.97891835854534
1.2,6976.233810017858,0.7078381034789953,91.6197468025976
1.2,6976.233810017858,0.7077416194666071,91.85790014490388
1.2,6719.753599152969,0.7076636698242953,90.27339792411613
1.2,7014.666565055479,0.7078389019754051,91.7141367790582
1.2,7014.666565055479,0.7077401406713657,93.15012381525877
1.2,6696.709166355006,0.7076570872884562,88.44433738942482
1.2,6993.606409225751,0.707840042716109,92.04673408023596
1.2,6993.606409225751,0.7077424157668453,91.24975399409368
1.2,6845.725175900062,0.7076415438053165,92.73167466813456
1.2,6992.056197832822,0.7078434651609249,92.5859142549624
1.2,6992.056197832822,0.707744691010202,90.26039631947548
1.2,6747.600351941925,0.7076707076989955,91.00349118020306
1.2,7026.874107835827,0.7078428947302561,92.64689006206945
1.2,7026.874107835827,0.7077432120851985,92.17029332367404
1.2,6804.583509291068,0.7076636698242953,89.16555468170917
1.2,7019.409324152348,0.7078470020382163,92.17188547080256
1.2,7019.409324152348,0.7077456011489532,90.80884071394112
1.2,6767.45714112082,0.7076642373423174,90.82759152750876
1.2,7051.444803952582,0.7078460892615351,93.34067034471116
1.2,7051.444803952582,0.7077442359496997,91.61322351832754
1.2,6733.365248304369,0.7076435856203651,90.30759281275304
1.2,7090.495599348752,0.7078471161369722,95.85128454235264
1.2,7090.495599348752,0.7077463975397721,93.52877663008988
1.2,6800.635614107868,0.707669345419126,89.9503869024785
1.2,7065.416177346896,0.7078489417675591,93.1907243291791
1.2,7065.416177346896,0.7077495832842321,93.60158483874444
1.2,6786.139424485285,0.7076721835620876,92.32119704990752
1.2,7091.322459752929,0.7078524791973156,92.58038466778213
1.2,7091.322459752929,0.7077485592633252,90.19051111418544
1.2,6828.265527244732,0.7076679831923348,90.75117091460756
1.2,7067.699866730541,0.7078521368498079,91.76356429781268
1.2,7067.699866730541,0.7077503797656463,90.67456144226176
1.2,6773.911261523115,0.7076711618040809,91.73716078951996
1.2,7059.032197448275,0.7078513380519535,93.5184996871768
1.2,7059.032197448275,0.7077484454850734,89.56111243464353
1.2,6740.690145925061,0.7076683237440566,93.69955367359697
1.2,7100.5096727150685,0.7078491699780655,92.1357226883324
1.2,7100.5096727150685,0.7077489006002994,89.81442532640519
1.2,6790.697549287032,0.7076707076989955,91.09040950988756
1.2,7074.401787089921,0.7078475725357082,93.29130496189605
1.2,7074.401787089921,0.7077476490476645,91.2453176332653
1.2,6751.610613306026,0.7076469889105628,90.76313111824696
1.2,7092.152914496303,0.7078439215121416,93.4577013313447
1.2,7092.152914496303,0.7077456011489532,95.74973419727938
1.2,6878.323782313055,0.7076729782834034,92.3501273046538
1.2,7113.404929064886,0.7078446060501035,92.33024839745956
1.2,7113.404929064886,0.7077500384142498,90.50760025622176
1.2,6982.170859099036,0.7076518675378445,94.27492614169276
1.2,7119.568242389679,0.7078431229014099,92.75955037878492
1.2,7119.568242389679,0.7077474214974471,89.56512204692831
1.2,7013.378940394794,0.7076524348642841,92.36353995436592
1.2,7118.501422377167,0.7078412975737526,92.26485381686628
1.2,7118.501422377167,0.7077471939487088,94.58966193270412
1.2,6961.880069244367,0.7076776334424529,92.06067368875262
1.2,7121.376810968753,0.7078433510740487,92.345405082773
1.2,7121.376810968753,0.7077510624784238,94.61805238774056
1.2,7074.094808708665,0.7076795638121242,92.95466646369448
1.2,7125.755945552147,0.7078441496899774,92.19610960101608
1.2,7125.755945552147,0.707747762823328,93.07459270676527
1.2,7032.842301602625,0.7076506194520903,92.12700279831046
1.2,7129.807094843472,0.7078483712477904,92.2514174015525
1.2,7129.807094843472,0.7077517452045151,93.96706497160424
1.2,6991.288018059874,0.7076783147372274,94.07038643419588
1.2,7139.438796437915,0.7078480289403846,92.13430151187116
1.2,7139.438796437915,0.7077499246311908,95.3846346534237
1.2,7009.78485577386,0.7076745677802272,94.50250060272916
1.2,7140.362387455938,0.7078493981900574,93.0439164862142
1.2,7140.362387455938,0.7077514038398054,95.48790570628157
1.2,7051.540473681404,0.7076799044766579,92.72354092161304
1.2,7609.739476628782,0.710516000211746,96.5383621119272
1.2,7609.739476628782,0.7104082328874587,94.75222716555596
1.2,7353.874004276163,0.7103095820049249,94.51732671376112
1.2,7594.930235267226,0.7104408486899654,96.44404166732836
1.2,7594.930235267226,0.710333302408546,94.65978139982302
1.2,7339.558226625492,0.7102348536264079,94.42522847079772
1.2,7580.146599831096,0.71036585134171,96.34990534979816
1.2,7580.146599831096,0.7102585254566648,94.56751584915897
1.2,7325.267171014274,0.7101602781846232,94.33330953526396
1.2,7565.388503966848,0.7102910077159663,96.25595262069852
1.2,7565.388503966848,0.7101839015833211,94.47542998710531
1.2,7311.0007734587025,0.7100858552333728,94.24156938402332
1.2,7550.655881550006,0.7102163173634789,96.16218294348904
1.2,7550.655881550006,0.7101094303417653,94.3835232892528
1.2,7296.758970195572,0.7100115843281927,94.15000749597432
1.2,7535.900645469815,0.7101415365000948,96.06829024195255
1.2,7535.900645469815,0.7100348686632548,94.29149576062622
1.2,7282.495276151002,0.7099372230544486,94.05832500185797
1.2,7521.218855194856,0.710067151850585,95.9748856611046
1.2,7521.218855194856,0.7099607018471346,94.19994640734058
1.2,7268.302550916185,0.709863255408186,93.96711866329608
1.2,7506.562341144882,0.7099929191355753,95.88166253329337
1.2,7506.562341144882,0.709886686331501,94.10857465553272
1.2,7254.134229792507,0.7097894384834897,93.87608903503842
1.2,7491.931038102568,0.7099188379127608,95.78862033027951
1.2,7491.931038102568,0.7098128216765068,94.01737998889374
1.2,7239.99024989046,0.7097157718427547,93.78523560402442
1.2,7477.324881074758,0.7098449077415513,95.69575852587278
1.2,7477.324881074758,0.709739107444008,93.92636189311588
1.2,7225.870548536434,0.7096422550500673,93.69455785917675
1.2,7462.743805291508,0.7097711281830638,95.60307659592164
1.2,7462.743805291508,0.709665543197556,93.83551985588268
1.2,7211.77506327179,0.7095688876711984,93.6040552913915
1.2,7448.18774620512,0.7096974988001136,95.51057401830396
1.2,7448.18774620512,0.7095921285023883,93.7448533668552
1.2,7197.703731851958,0.7094956692735952,93.51372739353306
1.2,7433.656639489193,0.7096240191572064,95.4182502729156
1.2,7433.656639489193,0.7095188629254219,93.65436191766568
1.2,7183.656492245506,0.7094225994263728,93.42357366041864
1.2,7419.103055825042,0.709550449423195,95.32580400454997
1.2,7419.103055825042,0.7094455073344335,93.563750134153
1.2,7169.587494476342,0.7093494396363622,93.33329982042903
1.2,7404.621742772245,0.709477268446422,95.23383695152953
1.2,7404.621742772245,0.709372539185091,93.47360781526942
1.2,7155.588331477636,0.7092766660858384,93.24349347409606
1.2,7390.165190221356,0.7094042359118661,95.14204718076404
1.2,7390.165190221356,0.7092997188632948,93.38363902121064
1.2,7141.613075267451,0.7092040398015795,93.1538597869719
1.2,7375.733334722457,0.7093313513907191,95.05043418013528
1.2,7375.733334722457,0.709227045942601,93.29384325140391
1.2,7127.661664658527,0.7091315603592986,93.06439826161184
1.2,7361.326113042227,0.7092586144558222,94.95899743949452
1.2,7361.326113042227,0.7091545199982048,93.2042200071983
1.2,7113.73403867223,0.7090592273363364,92.97510840247712
1.2,7346.943462163041,0.7091860246816597,94.86773645065284
1.2,7346.943462163041,0.7090821406069314,93.1147687918576
1.2,7099.830136537672,0.7089870403116548,92.88598971593088
1.2,7332.585319282026,0.7091135816443492,94.77665070737638
1.2,7332.585319282026,0.7090099073472302,93.02548911055302
1.2,7085.949897690798,0.708914998865828,92.7970417102254
1.2,7318.251621810167,0.7090412849216349,94.68573970537064
1.2,7318.251621810167,0.7089378197991649,92.93638047034796
1.2,7072.093261773557,0.7088431025810352,92.70826389549669
1.2,7303.895584809555,0.7089688985445664,94.5947067019911
1.2,7303.895584809555,0.7088656426767257,92.84715201189304
1.2,7058.215000974865,0.7087711167957264,92.61936649242566
1.2,7289.610670618096,0.7088968936654672,94.50414424432373
1.2,7289.610670618096,0.7087938457713177,92.75838453757736
1.2,7044.405467305424,0.7086995100569112,92.53092814973871
1.2,7275.3500151406515,0.7088250338425162,94.41375502498153
1.2,7275.3500151406515,0.7087221933259973,92.669786635253
1.2,7030.61935652362,0.7086280472338748,92.44265853805528
1.2,7261.113556635238,0.7087533186598909,94.32353854735403
1.2,7261.113556635238,0.708650684927218,92.58135781948666
1.2,7016.856609087241,0.7085567279151458,92.354557174953
1.2,7246.901233569219,0.7086817477033563,94.23349431672786
1.2,7246.901233569219,0.7085793201630098,92.49309760669352
1.2,7003.117165655716,0.7084855516908195,92.26662357984982
1.2,7232.712984618413,0.7086103205602584,94.14362184027615
1.2,7232.712984618413,0.7085080986229719,92.40500551513172
1.2,6989.400967089268,0.7084145181525507,92.17885727398928
1.2,7218.548748666226,0.7085390368195157,94.05392062704912
1.2,7218.548748666226,0.7084370198982662,92.31708106489307
1.2,6975.707954448057,0.7083436268935474,92.09125778043595
1.2,7204.40846480275,0.7084678960716111,93.9643901879694
1.2,7204.40846480275,0.7083660835816088,92.22932377789618
1.2,6962.038068991331,0.7082728775085614,92.00382462406668
1.2,7190.245979421856,0.7083966661217436,93.87473828779986
1.2,7190.245979421856,0.70829505814564,92.14144720681516
1.2,6949.231362361702,0.708202039080539,91.91627241571663
1.2,7176.670446609245,0.7083258106011613,93.78554849132183
1.2,7176.670446609245,0.7082244058914867,92.0540233617081
1.2,6936.48936719026,0.7081315726943368,91.82917105527063
1.2,7163.512268942131,0.7082550968528647,93.69652801130296
1.2,7163.512268942131,0.7081538948314706,91.96676525491226
1.2,6923.768838512738,0.7080612469742981,91.74223461588493
1.2,7150.376267032369,0.7081845244735295,93.60767636605875
1.2,7150.376267032369,0.7080835245644578,91.87967241556332
1.2,6911.069722127745,0.7079910615212868,91.65546262960132
1.2,7137.262384867234,0.7081140930613595,93.51899307573032
1.2,7137.262384867234,0.7080132946908321,91.7927443745806
1.2,6898.391964016216,0.7079210159376751,91.56885463022864
1.2,7124.170566622498,0.70804380221608,93.43047766227652
1.2,7124.170566622498,0.7079432048124883,91.70598066465442
1.2,6885.735510340642,0.707851109827337,91.48241015333906
1.2,7111.100756661618,0.70797365153893,93.34212964946254
1.2,7111.100756661618,0.7078732545328255,91.61938082024083
1.2,6873.100307444298,0.7077813427956409,91.39612873625414
1.2,7098.052899534945,0.7079036406326554,93.25394856285396
1.2,7098.052899534945,0.707803443456739,91.53294437755314
1.2,6860.486301850501,0.7077117144494424,91.31000991803931
1.2,7084.984407320606,0.7078335409912145,93.16564657264468
1.2,7084.984407320606,0.7077335437305947,91.44638920160877
1.2,6847.852321723131,0.7076419975316847,91.22377260061911
1.2,7071.980361547711,0.7077638088944621,93.0777984639578
1.2,7071.980361547711,0.707664010334003,91.3602787082248
1.2,6835.280619858306,0.7075726458329907,91.13797813190482
1.2,7058.99810319459,0.7076942153845125,92.99011586735692
1.2,7058.99810319459,0.707594614963309,91.27433023417
1.2,6822.729955765919,0.7075034316479483,91.05234488815611
1.2,7046.037577551996,0.707624760070073,92.9025983155274
1.2,7046.037577551996,0.7075253572293295,91.18854332260732
1.2,6810.200276682484,0.7074343545892975,90.96687241533743
1.2,7033.098730093704,0.7075554425613225,92.81524534291104
1.2,7033.098730093704,0.7074562367443429,91.10291751841612
1.2,6797.6915300208175,0.7073654142712317,90.88156026111834
1.2,7020.18150647574,0.7074862624699055,92.72805648570208
1.2,7020.18150647574,0.7073872531220827,91.01745236818586
1.2,6785.203663369285,0.7072966103093898,90.79640797486208
1.2,7007.285852535618,0.7074172194089237,92.64103128183298
1.2,7007.285852535618,0.7073184059777302,90.93214742020204
1.2,6772.736624491095,0.7072279423208501,90.7114151076211
1.2,6994.411714291595,0.70734831299293,92.55416927096996
1.2,6994.411714291595,0.7072496949279083,90.84700222444386
1.2,6760.290361323543,0.7071594099241233,90.62658121212633
1.2,6981.517070855914,0.7072793183218096,92.46718692981
1.2,6981.517070855914,0.7071808957103253,90.7617388615653
1.2,6747.824249556032,0.707090789440175,90.5416293852759
1.2,6968.685872651976,0.7072106844886423,92.38065046042192
1.2,6968.685872651976,0.7071124561468037,90.6769123453362
1.2,6735.419449785753,0.7070225275283145,90.45711261402704
1.2,6955.876029101415,0.707142186151517,92.2942758118714
1.2,6955.876029101415,0.7070441515350253,90.5922442398927
1.2,6723.035270407224,0.7069544000710964,90.37275348127174
1.2,6943.087486938505,0.707073822930728,92.20806253068255
1.2,6943.087486938505,0.7069759814973152,90.5077341019073
1.2,6710.671660047493,0.7068864066926994,90.288551546388
1.2,6930.32019307453,0.7070055944479866,92.1220101650704
1.2,6930.32019307453,0.7069079456574077,90.42338148970587
1.2,6698.328567504123,0.7068185470187012,90.20450637039148
0.6,6101.1029406942025,0.7098142685558327,99.52551805752638
0.6,6101.1029406942025,0.7097922099283945,90.1849497165381
0.6,6323.688146991303,0.7098152331741807,101.61353712265212
0.6,6323.688146991303,0.7097941380152681,92.18927611874828
0.6,6546.125179492564,0.7098161978182347,103.66764906732796
0.6,6546.125179492564,0.7097957046615011,94.23322524806032
0.6,6768.754678444113,0.7098172830735229,105.48678346769894
0.6,6768.754678444113,0.7097975124145139,95.9460076285557
0.6,6992.681824354058,0.7098181271834635,107.3705069721702
0.6,6992.681824354058,0.7097989586819462,97.8861703467937
0.6,7214.172689662606,0.7098189713130876,109.18586223206935
0.6,7214.172689662606,0.7098005255368914,99.62121389498088
0.6,6065.344849198799,0.7097811254222339,96.03099973608232
0.6,7434.462467372737,0.7098204184382383,110.71213413987108
0.6,7434.462467372737,0.7098018513902169,101.41847867107678
0.6,6253.782418208789,0.7097830529185171,97.86571935980126
0.6,7656.459600532085,0.7098210214241246,112.64280498641396
0.6,7656.459600532085,0.7098030567535731,103.0984308676178
0.6,6443.169489431271,0.7097848600395484,99.48708069429478
0.6,7877.106159862277,0.709821745020446,114.26677326538956
0.6,7877.106159862277,0.7098042621570755,104.70906772462136
0.6,6625.604777847685,0.7097865467672823,101.10418385810397
0.6,8097.522595870439,0.7098223480284286,116.01512256908474
0.6,8097.522595870439,0.7098054676007259,106.37077360846398
0.6,6812.091925601108,0.709788233573651,102.77465057433812
0.6,8317.467389947231,0.7098229510464553,117.65888464830832
0.6,8317.467389947231,0.7098064319845537,107.95190488352203
0.6,6993.868039252331,0.7097896794702726,104.37575996780896
0.6,8541.244727592886,0.7098228304420464,120.00539863396008
0.6,8541.244727592886,0.7098073963940784,109.58070849349784
0.6,7187.0836028631575,0.7097911254246736,106.0274820143612
0.6,8762.316311301054,0.7098234334681089,121.59528308069986
0.6,8762.316311301054,0.7098083608293011,111.11764178820904
0.6,7371.270975335582,0.7097925714368578,107.59933439043684
0.6,8984.110908643206,0.7098239158961906,123.31472545737192
0.6,8984.110908643206,0.7098093252902227,112.55284345117258
0.6,7553.8727519382865,0.7097938969987905,109.1499112617787
0.6,9206.177101026098,0.7098243983307011,124.90439644779836
0.6,9206.177101026098,0.7098101692146107,114.2494046623
0.6,7742.892436766941,0.7097951020972308,110.67532952603116
0.6,9428.484828607045,0.7098247601608028,126.8112433381561
0.6,9428.484828607045,0.7098108925940333,115.76675401405484
0.6,7932.107933540876,0.7097963072358049,112.24393858246746
0.6,9649.444681606565,0.7098252426065638,128.49291323504798
0.6,9649.444681606565,0.7098117365549651,117.4040591849315
0.6,8122.685814500941,0.7097973918948368,113.78314790190558
0.6,9871.655232707912,0.7098256044451036,130.1224498041023
0.6,9871.655232707912,0.7098124599657119,118.84474754555896
0.6,8309.84275885989,0.7097985971096693,115.28904634756084
0.6,10114.699481503343,0.7098260869021155,132.0933463676718
0.6,10114.699481503343,0.7098131833909163,120.32120474237637
0.6,8508.066589186641,0.7097995613104354,116.67861959799754
0.6,10346.42033444179,0.7098265693655562,133.9189684804994
0.6,10346.42033444179,0.7098139068305792,121.6648566161111
0.6,8703.267154387699,0.7098005255368914,118.2622003593988
0.6,10570.081505769307,0.7098269312173563,135.47922746357088
0.6,10570.081505769307,0.7098146302847009,123.2126143573896
0.6,8892.838764666496,0.7098016103223632,119.80716413598088
0.6,10791.850831728569,0.7098271724538986,136.9684440131682
0.6,10791.850831728569,0.7098152331741807,124.71082433136974
0.6,9069.786269096126,0.7098024540668769,121.22388058387033
0.6,11015.413445782237,0.7098275343117262,138.6009743676745
0.6,11015.413445782237,0.709815836073702,126.24589332197834
0.6,9251.95061273318,0.709803297831062,122.84725167694428
0.6,6063.170365444536,0.7095796676377181,99.31957162008176
0.6,6063.170365444536,0.7093837370915729,89.70604811118311
0.6,6285.923795959766,0.7095892525361038,101.33817557682715
0.6,6285.923795959766,0.7094001828926848,91.72822804454326
0.6,6508.084349095472,0.7095981208353892,103.34343589022446
0.6,6508.084349095472,0.7094153244453588,93.72287777693911
0.6,6731.02535444922,0.7096066316588896,105.26565906563884
0.6,6731.02535444922,0.709430114476066,95.57632575086134
0.6,6954.52937644034,0.7096147847527725,107.12039061376169
0.6,6954.52937644034,0.7094439558177599,97.39318012563156
0.6,7176.0581022034485,0.7096223399988095,108.98726214858802
0.6,7176.0581022034485,0.7094570861477968,99.20319088415717
0.6,6007.019909365127,0.7092843883054625,95.42740553105064
0.6,7397.393122096448,0.7096295369420819,110.86449048697988
0.6,7397.393122096448,0.7094696241145878,100.95625725084808
0.6,6199.765415127949,0.7093020962802523,97.20468763667428
0.6,7618.459345126601,0.7096357754539794,112.70832853957911
0.6,7618.459345126601,0.7094808522857611,102.62833109576104
0.6,6385.405276171422,0.7093183858199985,98.87091788004102
0.6,7839.604505459326,0.709641535037507,114.41260874529164
0.6,7839.604505459326,0.7094912474374205,104.25068781167845
0.6,6567.898697728816,0.7093334929444663,100.51517528484028
0.6,8060.315051275089,0.709647175520277,116.17738301407982
0.6,8060.315051275089,0.7095014065188248,105.93871627944392
0.6,6754.615758435645,0.7093481303128649,102.20033335257988
0.6,8280.8005506027,0.7096524567710243,117.8634807490713
0.6,8280.8005506027,0.70951085105844,107.4736272016334
0.6,6940.931440954863,0.7093618210532916,103.77511977695458
0.6,8503.861082354531,0.7096573786318907,119.71721489078092
0.6,8503.861082354531,0.7095197000889595,109.07522789233964
0.6,7132.344460219109,0.7093746831950426,105.3618790007653
0.6,8724.995205566722,0.7096624212338812,121.37577475716884
0.6,8724.995205566722,0.7095280727943404,110.66153684528376
0.6,7316.577183872578,0.7093873116258828,106.96770014249697
0.6,8946.758677467284,0.7096667440246855,123.02157026516451
0.6,8946.758677467284,0.7095359688417001,112.196956907532
0.6,7499.212627007665,0.709398871719569,108.5531787984563
0.6,9168.867087123052,0.7096711874322779,124.74239306316784
0.6,9168.867087123052,0.7095437469432643,113.79989923887877
0.6,7688.288050180846,0.7094100778313677,110.0843835851036
0.6,9391.20279874677,0.7096752710456252,126.48060427962696
0.6,9391.20279874677,0.7095510479195135,115.38013702964604
0.6,7877.552210643767,0.7094206910922792,111.6181638748832
0.6,9612.117052051944,0.7096789947425838,128.23565790524955
0.6,9612.117052051944,0.7095579912030754,116.97777263461433
0.6,8068.132823217402,0.7094308302769636,113.21053540372488
0.6,9834.31524543962,0.709682598685828,129.92115828585585
0.6,9834.31524543962,0.7095645765868023,118.52059691812129
0.6,8255.324018991882,0.7094403756499542,114.77172909436372
0.6,10077.340494269134,0.7096864432883176,131.8067826319456
0.6,10077.340494269134,0.7095711631735684,119.88360492389128
0.6,8453.569551078845,0.7094495654635504,116.1766346874199
0.6,10309.12649964301,0.7096902883000163,133.7477489110846
0.6,10309.12649964301,0.7095776311749423,121.34370249403848
0.6,8648.844896842158,0.7094587576243959,117.7223224228829
0.6,10532.788043592504,0.7096935328469787,135.24191510363372
0.6,10532.788043592504,0.7095835012914032,122.79040275979602
0.6,8838.444192840405,0.709467116171844,119.2624745765516
0.6,10754.529818596706,0.7096964171333566,136.75713229094396
0.6,10754.529818596706,0.7095888930564415,124.31047003361266
0.6,9015.46039612861,0.7094751183140352,120.77718276307613
0.6,10978.089891981035,0.7096994218431965,138.31898832069112
0.6,10978.089891981035,0.7095941657839205,125.83787319256504
0.6,9197.678536306934,0.7094826443392069,122.32976034550036
1.2,6051.950913046557,0.7095498509368136,84.8568724115037
1.2,6051.950913046557,0.7094350060660563,83.42098029340056
1.2,6242.920128651708,0.709557751757241,86.3072856339016
1.2,6242.920128651708,0.7094467008543182,84.93031220353065
1.2,6433.7413844584125,0.7095651753177002,87.67937437332773
1.2,6433.7413844584125,0.7094576830948144,86.40788325745612
1.2,6156.458270574295,0.7093402753737214,84.79714237110913
1.2,6625.325663792534,0.7095723608640753,89.0242890962475
1.2,6625.325663792534,0.7094680715580018,87.8723691012705
1.2,6341.807196074204,0.7093540821677914,86.26585771873216
1.2,6817.163748461054,0.7095791884596602,90.38431112106646
1.2,6817.163748461054,0.7094778657282067,89.30962953672204
1.2,6527.047057049706,0.709366822450374,87.68099595354849
1.2,7008.319401081668,0.7095857777161044,91.74295594380722
1.2,7008.319401081668,0.7094874235844661,90.72025829490092
1.2,6714.610120604919,0.7093792098582691,89.07630277153997
1.2,7200.003441671892,0.7095921285023883,93.05395519048122
1.2,7200.003441671892,0.7094963863792709,92.1261903714249
1.2,6898.753216010281,0.7093910056847312,90.42643828421652
1.2,7390.219710454766,0.7095980009789734,94.2884454389783
1.2,7390.219710454766,0.7095048732140604,93.51948965331844
1.2,7079.947975295797,0.7094022093451763,91.77920147778056
1.2,7581.078693004552,0.7096037545361632,95.59661782636812
1.2,7581.078693004552,0.7095132424739767,94.89173372807034
1.2,7268.068347790374,0.7094130587681569,93.3559701324416
1.2,7771.954045783227,0.7096092692229584,96.86912947675404
1.2,7771.954045783227,0.7095212548728534,96.25074402081016
1.2,7459.608396107264,0.7094234343543734,94.89447217465715
1.2,7962.765196349093,0.7096145449295961,98.1508626337276
1.2,7962.765196349093,0.7095287905453369,97.6117740498467
1.2,7648.699069209335,0.7094332163828144,96.25151655663164
1.2,8153.321986791024,0.709619821407701,99.35320961496376
1.2,8153.321986791024,0.7095362081428727,98.9800900591302
1.2,7837.2953545022365,0.7094425237078936,97.65916476747972
1.2,8344.16298788884,0.7096250986574341,100.52065483788688
1.2,8344.16298788884,0.7095436272674488,100.24553728618358
1.2,8027.593889215401,0.7094514753297229,98.91330558658797
1.2,8535.193596226258,0.7096309765029708,101.6966875165672
1.2,8535.193596226258,0.7095517661282127,101.4917780157518
1.2,8221.350644078877,0.7094603097793138,100.24460099116922
1.2,8725.17979174225,0.7096354155105208,102.89842580111495
1.2,8725.17979174225,0.7095582306505002,102.78034818921604
1.2,8411.281377676261,0.70946878811426,101.52562251425292
1.2,8916.296899204484,0.7096402150517781,104.10849458542296
1.2,8916.296899204484,0.7095650555707254,104.02621219649616
1.2,8603.971999782381,0.7094770295364824,102.65010866591176
1.2,9107.067468866964,0.7096446551956563,105.33962249557712
1.2,9107.067468866964,0.7095716422449972,105.27375758638028
1.2,8800.441745565702,0.7094850338825467,103.7854243747008
1.2,9297.43858800718,0.7096488558344446,106.57072805593585
1.2,9297.43858800718,0.7095777509636868,106.50719419334484
1.2,8994.252114095361,0.7094928009936697,104.9737405061171
1.2,9487.499966272597,0.709652576808429,107.7856221255703
1.2,9487.499966272597,0.709583381483557,107.7244958384042
1.2,9186.778092969158,0.7095002111840345,106.1816209804343
1.2,6085.389686922212,0.7095570334292801,85.7108602105969
1.2,6085.389686922212,0.7094328584568484,83.68671232112528
1.2,6283.364244359251,0.7095655345610116,87.23506174759113
1.2,6283.364244359251,0.709444433200381,85.29399731091232
1.2,6074.803544069584,0.7093298047924127,84.74855863295127
1.2,6482.089505927739,0.7095734388195449,88.68759057513512
1.2,6482.089505927739,0.709455295366144,86.84690883510503
1.2,6267.526386832064,0.7093444406578744,86.29779125787252
1.2,6681.637368880906,0.7095809854102078,90.22495388721552
1.2,6681.637368880906,0.7094658025572761,88.27169433974512
1.2,6460.718190007011,0.7093583681138526,87.81424165941192
1.2,6881.83719919568,0.709588054284495,91.63293874641776
1.2,6881.83719919568,0.7094757155601517,89.7274364398276
1.2,6654.007135580138,0.7093714672280705,89.31689017892015
1.2,7081.872192151534,0.70959476500627,93.03506911619868
1.2,7081.872192151534,0.7094851533638763,91.1565563314293
1.2,6845.708382532275,0.7093838562369909,90.82816903139737
1.2,7281.573901090029,0.7096011173752121,94.39463497937908
1.2,7281.573901090029,0.7094939960825439,92.60340650516076
1.2,7033.48247629591,0.7093956535882373,92.3083072150455
1.2,7480.295385177133,0.7096071112016513,95.69431895676595
1.2,7480.295385177133,0.7095026018932855,93.98317510671264
1.2,7225.36337902532,0.7094069779191734,93.78006949581987
1.2,7678.935378723138,0.7096128662119917,96.89769452620844
1.2,7678.935378723138,0.70951085105844,95.3515560930476
1.2,7412.222108669581,0.7094178287809482,95.24036031520912
1.2,7876.342705025254,0.7096180225216666,98.1123155289864
1.2,7876.342705025254,0.709518384554991,96.73521122032555
1.2,7602.214915635382,0.7094280864508584,96.70373135278292
1.2,8073.545607047465,0.7096231795682416,99.33239859793096
1.2,8073.545607047465,0.7095258000104996,98.09146552834504
1.2,7796.011011679099,0.7094381083945682,98.175026340376
1.2,8271.156407880915,0.709627857526945,100.53075843429856
1.2,8271.156407880915,0.709532858071049,99.52985095593549
1.2,7988.842522500258,0.709447775056059,99.53216406460544
1.2,8467.571582743416,0.7096325360920632,101.74501462234996
1.2,8467.571582743416,0.709539797851152,100.97801423472022
1.2,8182.321950112124,0.7094570861477968,100.919996718908
1.2,8663.682288403186,0.7096370952773705,102.96833707223244
1.2,8663.682288403186,0.7095466192820532,102.42155299566032
1.2,8378.425174612034,0.7094662802297546,102.28628664070142
1.2,8860.875618211156,0.70964141503681,104.17937069474958
1.2,8860.875618211156,0.7095532025885413,103.86498502522592
1.2,8572.643428965199,0.7094751183140352,103.65486880859956
1.2,9058.401290934127,0.7096456152985744,105.52542652509266
1.2,9058.401290934127,0.7095594279114799,105.24265488314656
1.2,8771.183985275007,0.7094832417101758,104.98869523976256
1.2,9256.641483784806,0.7096498160490827,106.84824388365332
1.2,9256.641483784806,0.7095655345610116,106.6061060427445
1.2,8969.044755999037,0.7094911279358695,106.31327602796412
1.2,9452.909777080698,0.7096536571630314,108.12185143822616
1.2,9452.909777080698,0.7095712829408288,108.25111116616723
1.2,9166.002496678211,0.7094987768346491,107.62661866742113
1.2,9650.262354287986,0.7096574986856597,109.45662907149288
1.2,9650.262354287986,0.7095771520239426,109.32559566316644
1.2,9365.296921358044,0.7095063078062411,108.85858974679677
1.2,9847.803077969282,0.709661100484343,110.73031288073273
1.2,9847.803077969282,0.709582662644837,110.81959125880324
1.2,9561.722016517744,0.7095136011999997,110.18055339307386
1.2,6184.260094410212,0.7078205411578594,86.63636859950802
1.2,6184.260094410212,0.7077080775595713,84.84131462920915
1.2,6374.563060248698,0.7078277246803314,88.13797208302572
1.2,6374.563060248698,0.7077180799165387,86.23292071372764
1.2,6164.926985730555,0.7076158044837533,85.78884352657968
1.2,6565.488467506691,0.7078344534412712,89.5236759665118
1.2,6565.488467506691,0.7077275165786832,87.6547752719812
1.2,6349.266143400831,0.707628274914762,87.25648559985248
1.2,6756.256196235897,0.707840841256686,90.88270520499536
1.2,6756.256196235897,0.7077365008261491,89.05062697071492
1.2,6532.089506114117,0.7076400692353038,88.73256637798904
1.2,6946.705877112416,0.7078468879398317,92.21063901955289
1.2,6946.705877112416,0.7077449185426714,90.46380767276663
1.2,6711.166591111524,0.7076513002206131,90.1782302065372
1.2,7136.220661634269,0.7078525933138942,93.4800816153791
1.2,7136.220661634269,0.70775311069664,91.81145591159311
1.2,6894.159825103497,0.7076620808228452,91.61571425927914
1.2,7325.656894964588,0.7078580713464067,94.65544667457036
1.2,7325.656894964588,0.707760963310005,93.14798276290492
1.2,7072.360200423232,0.7076724106234775,93.04199514925804
1.2,7513.920871964164,0.7078629794772341,95.8418102905326
1.2,7513.920871964164,0.7077681346257533,94.49944462874043
1.2,7253.554529557949,0.707682175658365,94.47129280166236
1.2,7701.986762489646,0.707867888294977,97.03350581225
1.2,7701.986762489646,0.7077751935451483,95.82413627405514
1.2,7438.374755878392,0.7076917162325645,95.9083294098832
1.2,7890.444705466394,0.7078723410726643,98.20399147876212
1.2,7890.444705466394,0.7077819122252984,97.22906504848945
1.2,7622.274659697297,0.7077009185373492,97.23384654982078
1.2,8077.75927705658,0.7078767944156273,99.39000220157136
1.2,8077.75927705658,0.707788518285894,98.64354313680089
1.2,7806.79011074048,0.707709782304625,98.58935262668048
1.2,8264.782197993753,0.7078811341141268,100.58486960216462
1.2,8264.782197993753,0.7077950116628304,100.053501256395
1.2,7993.806369821571,0.7077185346370757,99.92380941081284
1.2,8452.8384047725,0.7078852459026512,101.7677367547804
1.2,8452.8384047725,0.7078012783430653,101.46335661560076
1.2,8179.023276257665,0.707726948033023,101.260509003729
1.2,8641.210722443928,0.7078892439368407,103.08250097141698
1.2,8641.210722443928,0.7078072042353205,102.80897608603868
1.2,8368.364889722847,0.7077346810454723,102.56327093178145
1.2,8830.262148717371,0.7078932424266102,104.3745613378448
1.2,8830.262148717371,0.7078130171416641,104.1407043461378
1.2,8557.05583495345,0.7077421882506431,103.85700188929404
1.2,9017.435145676358,0.7078968985874269,105.618559504292
1.2,9017.435145676358,0.7078184889932485,105.7474813565221
1.2,8744.886577104724,0.7077494695026523,105.13975576071194
1.2,9205.640199379855,0.7079005551291896,106.92230851371777
1.2,9205.640199379855,0.7078240757230354,106.7969241501313
1.2,8934.941508447531,0.7077566384644772,106.34301630416172
1.2,9394.026013831946,0.7079039834831187,108.16638316425303
1.2,9394.026013831946,0.7078293212185991,108.2561822053666
1.2,9122.260658655054,0.7077635812391957,107.63419188012318
