K,Rem,prandtl,nusselt
1.2,5997.438404976292,0.7066522902652246,86.39874321136132
1.2,5987.378936834048,0.7066045691762103,86.32174637749903
1.2,5998.362209646061,0.7066509950994082,85.42103321480919
1.2,5977.053378548021,0.7065557319335863,86.24153432068498
1.2,5988.846574114642,0.7066053295096828,85.35436820182252
1.2,5966.533041130432,0.7065060887678337,86.16670845342446
1.2,5979.150993261408,0.7065588429065298,85.28016469304494
1.2,5955.818853015421,0.7064554185964979,86.08609545648457
1.2,5969.241200832069,0.706511389071437,85.20463670718452
1.2,5944.876826724458,0.7064037285594651,86.00600757873583
1.2,5999.170983434132,0.7065795680766741,83.34315909926634
1.2,5959.135652409121,0.7064631254054428,85.12800645811157
1.2,5933.742964147746,0.7063511763292051,85.92087065946572
0.3,5806.487354441296,0.7073043608107695,111.2519881513706
0.3,5158.168392005201,0.707069471021671,102.94553477792758
0.3,4754.447898203854,0.7068130677509432,101.220569172114
0.3,4447.922353991863,0.7066298255560579,96.91268083348672
0.3,4102.626474373954,0.7064501310958553,92.15904770936
0.324,5643.1248147468605,0.7072939148879995,112.13169034560778
0.324,5093.188765158243,0.7070567531930965,104.07441277172356
0.324,4624.397944247816,0.7068270775788121,99.25557442978696
0.324,4407.363437215391,0.7066581575075971,94.04077499514284
0.324,4168.476784442873,0.706482857469073,90.72471920521872
0.349,5850.7092166674975,0.7073449387340061,110.94770051947484
0.349,5236.9350422042135,0.7071292180503739,103.05069021065434
0.349,4793.813210558466,0.7069030593527439,98.58717184201566
0.349,4626.395904629824,0.7067143903380673,94.77220785263286
0.349,4368.126637168804,0.7065537593376544,91.14148051730908
0.349,4169.80981139761,0.7063868506118406,89.27767128183815
0.349,4025.6768365234543,0.7062333329913004,87.4633011802337
0.373,5819.708694451395,0.7073557375151592,108.4764993926062
0.373,5207.924594009592,0.7071431925001833,106.1838638091817
0.373,4725.349834772631,0.7069253865194212,97.69253943178784
0.373,4612.552664279991,0.706730667473331,97.09264669706324
0.373,4413.0751681232505,0.7065687097265392,93.51165724467972
0.373,4153.624531838451,0.7064123983737255,90.6888439307527
0.373,4053.542819712356,0.7062748955337814,88.19782765446195
0.398,5769.054357184203,0.7072091160203289,102.18989914440294
0.398,5289.30819928223,0.7070061513253423,101.68062981544416
0.398,4839.740920076938,0.7068017166259664,93.88994583191536
0.398,4801.771431656844,0.7066493952882441,94.44491545276132
0.398,4368.567472645676,0.7065002598346333,90.40373727627237
0.398,4489.617899408376,0.7063648675231042,87.66180690818436
0.422,5711.990403484628,0.7072495827661124,103.39603807987328
0.422,5420.380979422087,0.707061549719899,98.26253245299816
0.422,5098.133958499923,0.7068609991211116,93.72678656483734
0.422,4775.273771250728,0.7067064469444518,93.65001506124716
0.422,4607.446273684853,0.7065722020681291,91.3777933984057
0.422,4531.191302050064,0.7064477898747235,89.32517931753821
0.447,5894.632755532462,0.7073181812103743,110.64868070181308
0.447,5454.403932491523,0.7071359250829977,105.45638237815004
0.447,5226.860200290219,0.7069486176490402,104.34383536685804
0.447,4906.997323441782,0.7067747414887283,100.6495499926776
0.447,4710.606112465308,0.7066414740353352,100.7058874877846
0.447,4655.520191392888,0.7065159331543661,102.42837236227268
0.471,5696.517932766538,0.7072989689746401,107.95332412536456
0.471,5337.158568494057,0.7071215065674924,105.81126615830092
0.471,5147.5392007743285,0.7069271644268558,103.44876452083462
0.471,4846.720191513237,0.7067644807268454,100.42938568760296
0.471,4681.891215885045,0.7066318046246479,97.6845903539653
0.471,4544.852641213923,0.7065097231310269,95.83316392032776
0.496,5886.469540354608,0.7072577715295502,99.87513599683692
0.496,5434.216447809544,0.7070646733970692,94.08802798730984
0.496,5021.425050513731,0.7068659903983902,92.71405374106588
0.496,4793.5129671838295,0.7067139319917594,92.888494941284
0.496,4613.487721906787,0.7065785807439825,91.24417153155603
0.496,4416.311346917616,0.7064714395491091,91.9916580728145
0.52,5883.938169264528,0.7073037991221369,103.15615940030588
0.52,5384.624778052436,0.7071329067576662,97.85648920268844
0.52,5218.306696404506,0.7069536216117508,97.31495957101907
0.52,4883.776076978822,0.7067837808199188,95.59718514160092
0.52,4725.424751014806,0.706653356926513,94.09718886343624
0.52,4616.765736425109,0.7065397284013584,89.50377850766479
0.545,5909.485560379394,0.7073296461989457,100.9296565897846
0.545,5658.612895310174,0.7071616474057257,97.36031988223594
0.545,5163.70956115971,0.7069880017418689,96.33712783529776
0.545,5065.374256093634,0.7068144486692015,95.1201231561055
0.545,4903.5046183312,0.7066898051518112,96.01072567844504
0.545,4910.864052820269,0.7065838216822803,92.9990545047448
0.569,5637.578296440157,0.7071786569863246,101.62691665113972
0.569,5404.318732115179,0.7070157310197838,98.72014790700604
0.569,5165.941138397599,0.7068564521416242,96.9418997804638
0.569,5006.444269528838,0.7067288328617478,96.74008636047763
0.569,4925.710397874604,0.7066276944398245,92.30266964072614
0.594,5814.218019396876,0.7072110205982199,99.8574564756704
0.594,5635.379986274326,0.7070559724260655,98.47242778154614
0.594,5355.566691703275,0.7068981737396649,96.36598005658874
0.594,5310.121670755488,0.7067598112763835,93.1046974600722
0.594,4903.085309765776,0.7066620444178596,93.7602191524875
0.618,5827.307166498964,0.7072277181381454,100.52229651028838
0.618,5664.238901809578,0.7070826400130974,95.5788532448838
0.618,5525.4188137342935,0.7069299425904836,93.8445913096678
0.618,5316.53324664395,0.7067904476527415,94.08730138567184
0.618,5439.731197078035,0.7066998804136887,92.95626943049922
0.643,5992.451319360168,0.7072544060505517,96.0155216068722
0.643,5700.400080982015,0.7071083227906277,92.76583855342504
0.643,5512.726999227902,0.7069639654319285,95.50210864339512
0.643,5466.457475924833,0.706816442399982,91.86660760717098
0.643,5371.768228910354,0.7067237884240589,93.44151641290036
0.667,5901.76524022627,0.7071359250829977,95.81183561205005
0.667,5739.781180687867,0.7069939020948827,94.79252116603634
0.667,5418.869138526829,0.706850464351438,91.52487121630072
0.667,5404.904616193037,0.7067471854749016,92.76782843985322
0.692,5859.806921948879,0.7071530338937334,93.66022274685726
0.692,5777.464649921182,0.70701807065066,92.50970123759647
0.692,5698.860028307683,0.7068759751199206,92.80656935137588
0.692,5526.11174057569,0.7067689213986347,92.69069713120024
0.716,5911.5429977677695,0.7071742918901736,92.9633899161857
0.716,5937.238229510917,0.7070412526878207,96.76501796245694
0.716,5800.827319794412,0.7069013937251414,92.76478805416023
0.716,5627.88711330638,0.7067859262596277,92.22046753183078
0.741,5983.569649998196,0.7071817912403928,94.60340367411958
0.741,5978.819230007777,0.7070507305892894,95.81543041216928
0.741,5811.587635526601,0.7069116108398413,91.67395839050543
0.741,5840.350371130773,0.7068012565614786,94.70291452645472
0.765,5919.648296367094,0.7070597648880824,94.50473438599006
0.765,5820.08872478603,0.7069263865810899,94.34406050967404
0.765,5768.281712474989,0.706806164382986,94.67576275620998
0.79,5930.118624275387,0.7071915316232721,95.63663569782835
0.79,5737.051757588702,0.706928386791317,96.93795615580837
0.79,5886.469851189362,0.7068024834202392,94.0552481799992
0.814,5798.334960625608,0.7069342769720605,93.17294540741838
0.814,5828.633919824186,0.7068043238291463,95.19852539664592
0.839,5781.949869734236,0.7069497295781171,91.97310266411314
0.839,5859.573663167826,0.7068141417914284,90.70340302279304
0.863,5810.225143564359,0.7069585150761885,90.27526975721128
0.863,5913.248660561267,0.7068251940268089,91.2827359602722
0.888,5959.666455640111,0.706970863032729,90.63162965298942
0.888,5853.155318180186,0.7068376052053142,89.288290564699
0.912,5920.600867730974,0.7070009170322484,91.34815162526256
0.912,5990.045379482146,0.7068696511274319,89.64056834608068
0.937,5948.70096047985,0.7068794149709474,90.67576190987414
0.961,5912.330558064902,0.7070269849803401,91.2374489272506
0.961,5955.488493923944,0.7069144988334186,87.24994760000753
1.133,5960.953876908709,0.7069627418078406,89.45753127412286
1.231,5997.112765950371,0.7069852189060113,85.85648164161611
1.28,5962.376680367476,0.7070874401283977,82.84776712361432
1.304,5952.017144544603,0.7070079333931495,86.1375725116717
1.329,5996.9691952197545,0.7070982707396617,86.11656574668886
1.353,5967.6359317448005,0.707013948550108,84.8779751743967
1.378,5932.683378148229,0.7071051951732438,86.16392417401808
1.378,5955.025646575863,0.7070149511779962,86.12132111452266
1.402,5957.632801836578,0.7071069823485959,87.0076878857194
1.402,5923.17093843453,0.7070190733980597,83.8207640385231
1.427,5970.922849052418,0.7071120092737087,85.303095949613
1.427,5897.081166540876,0.7070224160993733,85.89046411242305
1.451,5928.051358463027,0.7071206125935474,86.45758408225826
1.451,5986.528521303742,0.7070345639672629,85.84137646146348
1.476,5994.469679042838,0.7073864648838939,85.63753022835411
1.476,5955.840924234339,0.7072987443329561,83.81643488629912
1.476,5940.766418704078,0.7072093400828898,84.97621468306399
1.476,5812.930420756101,0.7070322232205509,87.03878687613384
1.5,5936.235508343591,0.7072997552319705,85.66675066940182
1.5,5982.416896685572,0.7072099002456228,83.87235316272475
1.5,5895.214847146356,0.7071209478310735,84.21300514811485
1.5,5850.664553059559,0.7070362360261724,84.80867780129077
1.2,5955.850416258571,0.7075091942539037,82.75029776538865
1.2,5667.213866958427,0.7073918703043321,80.0177919598547
1.2,5442.555996232859,0.7072713489398946,80.16500849801902
1.2,5295.399425410448,0.7071471063561289,79.61286244485522
1.2,5132.544401842887,0.7070216361068373,77.04726831140887
1.2,4882.860619352309,0.7068980627110405,75.9382539909073
1.2,4853.310203414469,0.706804477203097,74.04246707223302
1.2,5932.663879426628,0.7075078382609374,83.97184124403014
1.2,5672.973371468486,0.7073936722977354,81.50414425680614
1.2,5479.261533143971,0.7072737058906001,79.82605165011854
1.2,5289.9918086941625,0.7071506851255064,78.19510062807652
1.2,5143.980166511674,0.7070284337759352,76.35818581812427
1.2,5021.932350268532,0.706905391366419,76.17574663908822
1.2,4891.613548677293,0.7068047072659104,74.72153251093559
1.2,5622.932434110206,0.7073924334172479,79.67033507950482
1.2,5501.515460247524,0.7072776344972265,80.94144760864867
1.2,5333.2228989972655,0.7071556065367932,78.23265714607305
1.2,5158.057602471894,0.7070322232205509,77.16456416584383
1.2,5068.614032762818,0.7069109444140916,76.80922544180389
1.2,4958.946579190346,0.7068092322948316,74.23847600913193
1.2,5986.301795317561,0.7075119063980386,85.51396096132576
1.2,5788.070183661984,0.7073988535485414,81.21380924484295
1.2,5536.270057713295,0.707283696647747,81.32109104629905
1.2,5334.533324713456,0.7071631018462088,79.8105901054648
1.2,5307.475359387,0.707040360783695,77.96457565489425
1.2,5104.44756121125,0.7069196089523753,77.19525753142874
1.2,4982.775252784022,0.7068217595792505,75.69889008825768
1.2,5978.641840666684,0.7075104372937807,83.73006298875445
1.2,5774.9583980617335,0.7073987409044523,82.72950852925526
1.2,5533.161432064352,0.7072835843760858,80.7714128638329
1.2,5378.524267410176,0.7071641088022877,78.44424288047662
1.2,5236.3286398307055,0.7070444860330241,78.11792627986735
1.2,5141.609641673778,0.7069272755491098,76.806892790982
1.2,5079.872472514412,0.7068305125562386,76.3401325042456
1.2,5734.319222321528,0.70740268366449,81.93585693262773
1.2,5575.675504028329,0.7072886369600826,82.18069117593414
1.2,5414.687762978312,0.7071684726166096,78.77922111118427
1.2,5347.065280049435,0.7070466045954465,78.63582229968006
1.2,5229.876887475345,0.7069297203291685,77.64645510193783
1.2,5066.429130974098,0.7068359427347763,78.68310297302891
1.2,5996.947480454419,0.7075181225240456,83.05373274501169
1.2,5795.555166467823,0.7074062888645313,83.35031022232101
1.2,5556.324755017806,0.7072912196756956,82.45587841668872
1.2,5442.355415597708,0.7071725012404398,80.41373326359458
1.2,5311.495966331456,0.707054634009278,80.02528366593802
1.2,5215.147212347675,0.7069389453760258,78.4425131450725
1.2,5124.190408734294,0.706843036501053,78.49426311320263
1.2,5820.29863252633,0.7074069648811093,84.16308795440958
1.2,5661.775298278009,0.7072954871917324,82.2462481544759
1.2,5494.070955325794,0.7071805598925118,79.74562551110525
1.2,5378.630521779166,0.7070612150569222,81.74882962058918
1.2,5317.102610883526,0.7069425026788081,78.91342640871558
1.2,5125.470063266141,0.7068464730687805,75.4255383639606
1.2,5836.368243733319,0.707411697364771,81.52414055075066
1.2,5684.358958425675,0.7072987443329561,81.45996896289421
1.2,5474.955657949316,0.7071849257777472,81.89158974894377
1.2,5412.178339167956,0.7070688015457592,80.7626143340834
1.2,5354.5313577800725,0.7069492848021914,77.79523730093335
1.2,5200.962153394801,0.7068514622442807,77.2732085902903
1.2,5832.815952948836,0.707411922737184,84.35553826953567
1.2,5685.619277394301,0.7073004291809851,82.52898676358633
1.2,5568.200662355532,0.7071869409870843,79.38089384948181
1.2,5353.330064091084,0.7070710331824868,80.46451847718173
1.2,5308.011798631707,0.7069552897603988,79.28754041662005
1.2,5206.8698450522925,0.7068612209403221,77.85768215556342
1.2,5893.40587232998,0.707411922737184,82.92937024687201
1.2,5683.847745381194,0.7072989689746401,83.03738517278087
1.2,5546.923572750991,0.7071843660181555,81.62199179319194
1.2,5415.119703959647,0.7070695826022485,80.55285338640483
1.2,5326.40971341399,0.7069552897603988,78.52939940759498
1.2,5252.858855630831,0.7068653248530249,80.72301964066864
1.2,5935.338349498524,0.7074210515461602,83.25295999865062
1.2,5772.8774743913045,0.7073085175888321,83.46359357940878
1.2,5587.367758484139,0.7071966828164654,80.64566862832906
1.2,5454.4597987239285,0.7070805192438888,82.0941468491003
1.2,5380.765574542424,0.7069653003439904,79.47355047874177
1.2,5295.231163461835,0.7068709823979437,79.35833115637281
1.2,5953.532128269521,0.7074246586488787,84.26264366056418
1.2,5791.774419782469,0.7073132366962359,83.958136690874
1.2,5613.216296926154,0.7072034029138787,80.14999808609825
1.2,5463.269187254219,0.7070897846126247,82.03781204041991
1.2,5439.060322621888,0.7069726432822562,79.76677125318697
1.2,5251.001107400818,0.7068779724110231,82.2324024202572
1.2,5992.305942597489,0.7074247713768599,83.14338442463907
1.2,5814.601886787128,0.7073150346199941,83.84893300040888
1.2,5631.412989206351,0.7072036269395462,82.27250681958861
1.2,5526.858180877211,0.7070901195519017,82.06931843567095
1.2,5419.88354414527,0.706976983024712,79.83471026177426
1.2,5409.279156821151,0.7068868506593715,79.95149415427097
1.2,5985.852656854228,0.707425447752411,83.26249769197729
1.2,5853.76786777681,0.7073152593670033,81.59651155789246
1.2,5663.592294273561,0.7072051951597268,81.73322335729847
1.2,5508.460406099604,0.7070939157568108,83.19200530595113
1.2,5520.402183828745,0.7069834380086297,80.53937428296187
1.2,5377.057680592405,0.706899284045553,83.25420595504463
1.2,5905.933338926675,0.7073214404792973,84.48601419621447
1.2,5687.50790063743,0.7072122530278612,82.64542169065822
1.2,5570.662493942334,0.7071002809164719,82.04958666416846
1.2,5489.035676152102,0.7069883356972271,80.53619548366314
1.2,5397.908847818862,0.7069130548064322,82.18243952487641
1.2,5971.724048113845,0.7073238008303371,82.25125572657142
1.2,5699.05068643727,0.7072120289464886,81.88650600019557
1.2,5586.406160295748,0.7070998342004309,80.78827364707573
1.2,5525.274864204303,0.7069911187840177,81.1923680206436
1.2,5453.490023557622,0.7069107222750338,82.5075606823631
1.2,5873.409352192856,0.7072225623355765,81.91597194437436
1.2,5623.794015191411,0.7071116741226703,81.65528547682244
1.2,5644.029967720991,0.7070000261676539,81.60545679595917
1.2,5491.062787088781,0.706920719947886,83.02690271984247
1.2,5932.926858013585,0.7073264985706416,85.60137883165449
1.2,5723.381147507312,0.7072207691924732,82.44833416843404
1.2,5645.070013640167,0.7071126795855134,84.03527764634792
1.2,5627.961438857651,0.7070016965575986,81.98341430777897
1.2,5451.533192272288,0.7069237198143319,83.17204627567429
1.2,5945.745904788192,0.7073330189741124,83.88801006801901
1.2,5743.89681863848,0.7072258126436202,82.45849154279378
1.2,5747.4435692823245,0.7071163665323097,83.07603189264836
1.2,5598.429051055419,0.7070057058227404,82.51583012095878
1.2,5569.578759539348,0.7069301648532289,81.91643558610104
1.2,5821.841650500346,0.7072292874474878,84.30019521121837
1.2,5794.228826387179,0.7071196069004321,81.52786453286387
1.2,5539.095897123068,0.7070064854560605,82.04661952976309
1.2,5518.1814885437125,0.7069243864867143,79.79826388800169
1.2,5958.359253417984,0.7073349303586198,86.11109707344087
1.2,5889.8063936672215,0.7072278302293169,83.14785944663863
1.2,5684.392458930067,0.7071215065674924,83.73410348241451
1.2,5656.797127193468,0.707010829449226,81.97588809109699
1.2,5567.621439925172,0.7069159429208043,83.33755426517043
1.2,5998.258577056243,0.7073369542920461,84.69233025228473
1.2,5891.114091971481,0.7072319778571666,82.6046450113508
1.2,5806.7812458305325,0.7071240768710851,83.29038606489982
1.2,5652.37481803293,0.7070128345532121,81.67707374153537
1.2,5604.263437679524,0.7069181647116526,81.41730919423946
1.2,5998.019979574958,0.7073375165166843,82.57968306549265
1.2,5801.955751507211,0.7072311931328009,85.26435383818341
1.2,5803.915475116383,0.7071227358193333,82.3290705035657
1.2,5639.821560912671,0.7070147283692868,83.96002370828774
1.2,5680.657308734189,0.7069189423722276,82.32795192110828
1.2,5816.666279288866,0.7072348927030033,84.00783215323456
1.2,5810.37031373859,0.7071282121074418,82.08091860750875
1.2,5719.175838245268,0.7070192962347632,84.26936036854529
1.2,5627.765243238936,0.7069430585404634,82.19835546841554
1.2,5941.258521444853,0.707236910816596,84.93204155015769
1.2,5748.792972702189,0.707132236054405,82.85770534471492
1.2,5713.2025366095,0.7070226389576145,84.50864269893519
1.2,5613.423569269179,0.7069430585404634,81.82442306335994
1.2,5890.541009894372,0.7071350307369725,84.31359824850459
1.2,5750.973616232583,0.7070267620940959,82.92423941725475
1.2,5673.603440776732,0.7069481728874306,82.9168562067404
1.2,5923.674228750012,0.7072435265671614,83.84592238017392
1.2,5916.824859433656,0.7071355897005334,84.12227845318128
1.2,5751.084172411982,0.707027542202234,84.11016471724537
1.2,5657.706120231232,0.7069502855560769,82.06808688857575
1.2,5815.426755517398,0.7071439752360152,83.29471501500828
1.2,5828.32705361272,0.7070344524995424,86.1492180877431
1.2,5783.202881739448,0.7069416133187655,83.16039446478
1.2,5857.085745319645,0.7071471063561289,84.53453022306783
1.2,5886.83332088111,0.7070412526878207,84.3463821064293
1.2,5793.63854647797,0.7069522871508231,82.83516395627642
1.2,5980.285123212378,0.7072467788389698,85.17237023145601
1.2,5913.820990590688,0.7071474418500615,87.0858334205386
1.2,5913.021285390679,0.7070449320353861,86.96385962779915
1.2,5896.5017172880025,0.7069739785295868,83.56986759671672
1.2,5982.596947694446,0.7070506190694735,85.69490673886222
1.2,5974.469347768016,0.7069746461725982,84.27889707129495
1.2,5932.423983309602,0.7070565301150044,84.9274522047985
1.2,5901.632632902485,0.7069826588948774,85.05642962474111
1.2,5985.3892096273685,0.7071586268396778,85.74869030302722
1.2,5944.366156654359,0.7070574224360002,85.89259943338041
1.2,5942.740087797988,0.7069663015618809,86.36395658554878
1.2,5977.695725498247,0.7071597455371577,84.27171679709404
1.2,5952.240455591769,0.7070614381652138,87.47624004879508
1.2,5990.912442016564,0.7069907848017721,83.83476599120017
1.2,5987.2523225277455,0.7066343167620315,86.36828679698
1.2,5990.470287242996,0.7066512998378189,85.42837324840428
1.2,5976.505984591964,0.7065877721569139,86.29423399985771
1.2,5979.684110257548,0.7066045691762103,85.35486421119553
1.2,5965.741367248022,0.706541169025276,86.22006670042944
1.2,5996.236991820624,0.7066238132657859,83.40913517702333
1.2,5968.949864653569,0.7065580840941678,85.28172039726965
1.2,5955.028559025161,0.7064948107308067,86.1462677465991
1.2,5985.474266999727,0.7065772896799851,83.33763340195179
1.2,5958.232349652917,0.7065116919825674,85.20870183541652
1.2,5944.332429621596,0.7064485450814406,86.0725950192518
1.2,5974.728323538401,0.7065308591635024,83.26625411046429
1.2,5947.531526171083,0.706465392602808,85.13580820418572
1.2,5933.652940116635,0.7064023718396889,85.99904819481546
1.2,5963.999122218695,0.7064845214773994,83.19499698810749
1.2,5936.847355245211,0.7064191857171052,85.06303918322914
1.2,5922.99005171059,0.7063562907688742,85.92562695082317
0.6,4117.5556331285725,0.7098023335307421,76.77855985442811
0.6,4117.5556331285725,0.709767515402799,69.82823837211322
0.6,4345.464900186393,0.7098047443297177,79.51067072661223
0.6,4345.464900186393,0.7097714894809367,72.59376227448097
0.6,4573.618602062416,0.7098069141861039,82.13341953847333
0.6,4573.618602062416,0.709775223103606,75.32560334906871
0.6,4802.05494984547,0.7098088430565495,84.68728275310866
0.6,4802.05494984547,0.7097785957391933,77.88588627220481
0.6,4016.2292303869926,0.7097456056014609,72.59929554579004
0.6,5029.839269425958,0.7098106514659528,87.0993239319673
0.6,5029.839269425958,0.7097816072866776,80.4397599604988
0.6,4206.166319220698,0.7097500587169897,75.07369176968196
0.6,5257.542713227409,0.7098122188271897,89.56033722314257
0.6,5257.542713227409,0.7097844986081214,82.88974540388652
0.6,4396.231226478412,0.7097543920044619,77.41165246198537
0.6,5484.630734979113,0.7098136656824184,91.72810298649618
0.6,5484.630734979113,0.709787028703935,85.28402023773218
0.6,4589.246252168454,0.7097582442514968,79.82594694177502
0.6,5711.664739783728,0.7098149920171838,93.95255288807208
0.6,5711.664739783728,0.7097893179907003,87.64375209749711
0.6,4779.440282336349,0.70976185610579,82.00759361974055
0.6,4138.24519735454,0.709734775987786,77.63300392874918
0.6,5937.153622702325,0.7098161978182347,96.02237390220802
0.6,5937.153622702325,0.7097916074223146,89.76650142943814
0.6,4968.98245100545,0.7097652274952527,84.22988837274437
0.6,4308.6919820453095,0.7097392277696444,79.66009807986494
0.6,4015.655946550586,0.7097106015578649,76.08327494932686
0.6,5160.938046728271,0.7097682379299857,86.36095430343727
0.6,4478.600540472766,0.7097433190795592,81.6802574227408
0.6,4174.059433996454,0.7097157718427547,78.0306973446211
0.6,5349.724493680448,0.7097711281830638,88.37779480328886
0.6,4649.966003160237,0.7097471701471285,83.64419076170861
0.6,4332.809295298737,0.7097205820742253,79.9695133462358
0.6,4083.059621683757,0.7096920907901332,75.1459370732907
0.6,5538.643682227779,0.7097736573439577,90.34983635585282
0.6,4818.602613866269,0.7097506605314216,85.57805167256555
0.6,4488.920887055525,0.7097250321083564,81.89086774115535
0.6,4231.910876770509,0.7096973786133192,77.14809535579768
0.6,4044.399490130456,0.7096667440246855,76.74314595798106
0.6,5922.892245146071,0.7097784752825081,94.16102773519914
0.6,5160.319858412324,0.7097570403802186,89.40364597804462
0.6,4804.058202308905,0.7097332119783427,85.51644261340046
0.6,4530.03517649925,0.7097074756979033,80.73379832657928
0.6,4327.364676381827,0.7096787544924854,80.22004665627534
0.6,4028.9581164154406,0.7096516165203649,77.61726769546944
0.6,5332.113225892671,0.7097600501335557,91.13643804495284
0.6,4963.668677535969,0.7097368213330016,87.23262288090045
0.6,4679.271766461283,0.7097118038836943,82.5750970290242
0.6,4469.873761086325,0.7096840403638114,81.9622749254853
0.6,4161.681023382151,0.7096577387943948,79.42954450401268
0.6,5502.362167660628,0.7097626989236948,92.98670677088002
0.6,5122.336905512112,0.7097401903891511,88.92780629057256
0.6,4829.132284385322,0.7097160123391242,84.3792243380028
0.6,4611.387834322131,0.7096890866898986,83.62045037297314
0.6,4293.486255286636,0.7096636219571999,81.10062580083415
0.6,4073.2137190493127,0.7096380551792395,78.61989754676881
0.6,4001.060985992816,0.7096145449295961,79.02387547602157
0.6,5674.771762977821,0.7097653479078316,94.70730300564
0.6,5282.811687094938,0.7097435597592663,90.59574887053436
0.6,4980.213694694193,0.7097199807602802,86.00799195647971
0.6,4753.539611369005,0.7096937731953824,85.22120225959073
0.6,4423.561750632145,0.7096691457987389,82.72479909981622
0.6,4199.295448409133,0.7096444151739163,80.10999922761951
0.6,4122.36972254684,0.7096215004489091,80.64249963780635
0.6,5848.3854476111765,0.709767756243591,96.3856622735368
0.6,5442.281120885091,0.7097465683907836,92.27798555114845
0.6,5128.443885131799,0.7097237090680082,87.61223473926138
0.6,4896.305359091692,0.7096983401188682,86.84077897193882
0.6,4553.978378212629,0.7096744302639559,84.3330808562523
0.6,4326.170544010341,0.7096504161962004,81.61874388361925
0.6,4241.899865540588,0.7096280974386087,82.21144677945738
0.6,5598.739685896542,0.7097493365528919,93.922121528359
0.6,5278.909384825157,0.7097271971879319,89.0944415509484
0.6,5037.75678807052,0.7097025470065129,88.38774364759456
0.6,4683.25777972475,0.7096793551207276,85.96204228764631
0.6,4457.213646301998,0.709656058066778,83.14503816827266
0.6,4367.134368134088,0.7096343357016807,83.72098567110172
0.6,5757.163050227275,0.7097521049269233,95.52098677740732
0.6,5427.814975823153,0.7097305653472664,90.67452941397818
0.6,5180.58134903602,0.7097065139492329,89.99035793123294
0.6,4815.149252616165,0.7096839202217817,87.52239140913241
0.6,4582.004824231129,0.7096612205504866,84.64634927957702
0.6,4490.1777149463005,0.7096400950554688,85.28619693863541
0.6,5916.665911527027,0.7097547531351902,97.0127261083591
0.6,5579.872807829935,0.709733693204811,92.11607438164884
0.6,5323.344356526603,0.7097102408679161,91.45925098254918
0.6,4946.7399237734735,0.709688365743012,89.09449925612041
0.6,4711.119760993267,0.709666383772354,85.9473704934344
0.6,4612.857498157753,0.7096457353132346,86.69424983031146
0.6,5731.809198072286,0.7097367010153739,93.55367945306558
0.6,5468.58105397967,0.7097138479294097,92.82799072808191
0.6,5077.412310632867,0.7096924512989483,90.58195957021874
0.6,4836.969765994036,0.7096710673329923,87.37586828740794
0.6,4734.684052220202,0.7096508963210775,88.14880050035295
0.6,5883.515028649008,0.7097394684221182,95.03644821494164
0.6,5613.274382362592,0.7097173350977626,94.18709691953252
0.6,5210.007678695319,0.7096965373169527,92.0224360633104
0.6,4963.764047305083,0.7096756313866178,88.80701909467658
0.6,4857.0763261541215,0.709655938017799,89.606502735236
0.6,5757.174466247849,0.709720461810636,95.63847091338168
0.6,5343.4887112727865,0.7097001430107405,93.50871388271668
0.6,5089.799835660899,0.7096798356305124,90.14503043355806
0.6,4980.859917384102,0.7096606202237604,91.06493971802504
0.6,5904.49155114022,0.7097235887940142,96.91905411371005
0.6,5475.697533084312,0.709703749064379,94.94005299346476
0.6,5215.493878587242,0.7096839202217817,91.47560866816168
0.6,5103.070403940389,0.7096651829572032,92.52211520352658
0.6,5608.847361895307,0.7097071150391522,96.41544568041652
0.6,5342.126953495212,0.70968776496493,92.8456126520919
0.6,5223.965013286993,0.7096693859849295,93.87399057515124
0.6,5746.402681658321,0.7097104813274819,97.71756821593794
0.6,5468.809121373046,0.7096916101173086,94.0535532709967
0.6,5343.744735636656,0.7096735895018585,95.37014528279144
0.6,5881.48444898391,0.7097137276882259,98.88641490814558
0.6,5596.662724620975,0.709695215319383,95.29291142367184
0.6,5465.745537210554,0.7096775532659632,96.69903863855666
0.6,5722.096904276596,0.7096985804992538,96.5649409381874
0.6,5588.900215715076,0.7096812771982207,98.06503505054845
0.6,5848.645436599992,0.7097017055897992,97.87096327062396
0.6,5711.616281983465,0.7096847612243802,99.46972364924532
0.6,5973.9394582049,0.7097048309506491,98.98720248848272
0.6,5835.625129228207,0.7096882455865963,100.79830480433728
0.6,5955.533678181984,0.7096914899501018,102.0427096019718
0.6,4081.774303805309,0.7094741627408564,76.44380473680805
0.6,4081.774303805309,0.7091644658529944,69.26847389909075
0.6,4309.890715671823,0.7094955497573707,79.21178167190102
0.6,4309.890715671823,0.7092003649301925,72.0487486511526
0.6,4538.277279665914,0.7095150361398128,81.80566747996309
0.6,4538.277279665914,0.7092330963997991,74.77088959875759
0.6,4766.911368491093,0.7095323795147818,84.33424935400235
0.6,4766.911368491093,0.7092625327880119,77.36910869708016
0.6,4994.910000533794,0.7095482949187247,86.81843366624359
0.6,4994.910000533794,0.7092898542649749,79.93626195633308
0.6,4151.340757597345,0.7090109685443693,74.35110070215869
0.6,5222.815901895841,0.7095626607147407,89.21079420744648
0.6,5222.815901895841,0.709314818135553,82.3955062852519
0.6,4341.507838309802,0.7090482483425398,76.73068212438196
0.6,5450.091307617282,0.709575714609141,91.462792395135
0.6,5450.091307617282,0.7093378954281532,84.79447378027419
0.6,4534.626066390107,0.7090828494988108,79.08082308644727
0.6,5677.290108877141,0.7095875749949975,93.60471583255712
0.6,5677.290108877141,0.7093589634245693,87.07518072327149
0.6,4724.940900860155,0.7091144094131822,81.32649277445425
0.6,4067.1594788108937,0.708875273520535,76.7552159221795
0.6,5902.929080334665,0.7095983605494155,95.68913656557064
0.6,5902.929080334665,0.7093784950840727,89.24859149125976
0.6,4914.597749525101,0.7091438667889387,83.53731971100503
0.6,4237.671866669964,0.7089146460793572,78.85212169774029
0.6,5106.670446500028,0.7091710979572261,85.69243377860099
0.6,4407.667716173858,0.7089510014175356,80.86693900123761
0.6,4086.236792025749,0.7087093299026077,77.01251439946486
0.6,5295.602651870676,0.7091963348592454,87.76437936482012
0.6,4579.084924802595,0.7089846837173142,82.84514772567572
0.6,4245.095042979638,0.7087514456895531,78.97384375340239
0.6,5484.642259230158,0.7092194546560519,89.70713499779143
0.6,4747.790897432163,0.7090156853573891,84.79251094620012
0.6,4401.339847183579,0.708790564404568,80.87131406523845
0.6,4126.804217377141,0.70854962713911,75.9450064687726
0.6,5677.204151345853,0.7092415212853157,91.60049383306252
0.6,4918.37043577222,0.7090450615239967,86.69442664396614
0.6,4557.879750557567,0.7088273799143165,82.72485893120403
0.6,4275.617318784999,0.7085942342680069,77.8002560703966
0.6,4061.4153800985487,0.7083362216295394,77.16658675544325
0.6,5869.1543356368265,0.7092622953011526,93.51097188007822
0.6,5089.705580639058,0.7090724538254359,88.56352480624408
0.6,4716.7814415895855,0.7088618850042393,84.5407937854716
0.6,4425.167377444981,0.7086362138102127,79.60772281231527
0.6,4204.049946866412,0.7083858897102052,78.88240688775328
0.6,5261.568895125005,0.7090982122726323,90.35384774935326
0.6,4876.501214869488,0.7088940729032139,86.24157938550066
0.6,4574.520334253999,0.7086753227220264,81.40579546152243
0.6,4346.65946351878,0.7084326112132712,80.62844444375487
0.6,4022.986852931124,0.708204920605624,77.86966988339809
0.6,5431.890875132474,0.7091223333119782,92.14920684511446
0.6,5035.312666530372,0.7089244077919238,87.96857269010893
0.6,4724.502244195182,0.708712136070934,83.20180682241069
0.6,4488.296179030446,0.7084766066261982,82.28106559058422
0.6,4154.886428373145,0.7082555585748174,79.57976142656491
0.6,5604.419846256264,0.7091451686778812,93.95211117897296
0.6,5195.901286857964,0.7089531203459554,89.69012498326713
0.6,4875.679090267441,0.708746880737298,84.88803246582903
0.6,4630.566912105656,0.7085179819539993,83.91106700277189
0.6,4285.115179172022,0.7083034950647172,81.24953294822102
0.6,4046.919081895028,0.7080898429422511,78.46472106439161
0.6,5778.114647918934,0.7091665974668957,95.67092391686673
0.6,5355.503204750487,0.708980206616343,91.35864218590888
0.6,5024.092149952644,0.7087796677489036,86.48045817807159
0.6,4773.443858094261,0.7085570771703127,85.54552210074358
0.6,4415.665645974492,0.7083487189125323,82.87837777100638
0.6,4173.495073465542,0.7081411211562405,80.0329856508479
0.6,4072.778739952933,0.7079493835923972,80.40046871119485
0.6,5945.759772785921,0.7091861431725993,97.32852120509658
0.6,5512.056769817946,0.7090050734034512,92.98054252756982
0.6,5174.607346777318,0.7088101398907479,88.0294423461057
0.6,4914.979674179343,0.7085938846469436,87.112543058676
0.6,4545.109609131455,0.7083915671953346,84.49950521324139
0.6,4304.320228330966,0.7081897088126388,81.5386371618322
0.6,4197.701295472053,0.7080026347672709,81.95093294422136
0.6,5670.564527944116,0.7090286598038408,94.61798598766396
0.6,5323.584249715589,0.7088389952449972,89.5798700427086
0.6,5057.852055944076,0.7086285138447991,88.66766081826373
0.6,4677.065137746674,0.7084316831390123,86.09355625528391
0.6,4429.203315667108,0.708235248520394,83.05614014422402
0.6,4320.493948340707,0.7080526382823449,83.52450169838062
0.6,5830.090327283193,0.7090510813085871,96.20427262561564
0.6,5475.663796445662,0.7088664647203786,91.0651432303782
0.6,5200.69447027601,0.7086615421344061,90.17058300516088
0.6,4808.762852717811,0.7084701025428836,87.6404005111527
0.6,4558.307393570824,0.7082788833890405,84.4366425153098
0.6,4442.962175936962,0.7081005293251462,84.98997216358195
0.6,5989.021427629092,0.7090724538254359,97.7992203926806
0.6,5627.65975574883,0.7088924275615744,92.5367367096774
0.6,5345.937534833592,0.7086927312696375,91.61305444999886
0.6,4939.539033134144,0.7085063547917413,89.14163429017553
0.6,4684.2480060152175,0.7083199123794626,85.8447412358385
0.6,4564.590649068691,0.7081454936049077,86.44395491053992
0.6,5779.417724053325,0.7089171156579039,93.97995505323895
0.6,5490.670781130855,0.7087223102875513,93.02082714611626
0.6,5072.17162387302,0.7085407822589421,90.60628890241028
0.6,4811.077596039459,0.7083592524609851,87.25248067308772
0.6,4686.793637555302,0.7081887870966428,87.90950264615351
0.6,5930.247818924946,0.7089406440219421,95.39602958881342
0.6,5634.636415813577,0.7087506262960268,94.41793423361165
0.6,5205.720978595943,0.7085736125156539,92.1055054020122
0.6,4937.222222786978,0.7083965502288915,88.62154557646409
0.6,4810.605733319933,0.7082299421367836,89.36406038815683
0.6,5781.92525174739,0.7087775591039114,95.77179459799883
0.6,5338.007010553186,0.7086048410769714,93.57238543009969
0.6,5063.008196987728,0.7084321471731005,89.98347627249089
0.6,4932.955544200003,0.7082690666141693,90.7990319153392
0.6,5927.08797019124,0.7088031055434904,97.11351322457271
0.6,5471.206046758434,0.7086344636714912,94.97826378486558
0.6,5189.695436215894,0.708465805857175,91.2922333543098
0.6,5053.999119937948,0.7083061536895756,92.19934052427092
0.6,5608.778437693969,0.7086631768400172,96.32859480319938
0.6,5316.474622469758,0.708498334272929,92.60362976765462
0.6,5173.993770304287,0.7083421225737415,93.64064932788855
0.6,5743.897060413096,0.7086905109134414,97.6409867605278
0.6,5444.375765717331,0.7085292639459897,93.89290345522406
0.6,5296.124021581571,0.7083761589979679,95.02406343964186
0.6,5875.987063678199,0.7087162287966806,98.94852481104726
0.6,5569.892347076306,0.708558590649104,95.14503285785965
0.6,5419.346086502008,0.7084083732554153,96.43321942885628
0.6,5696.503495631682,0.7085867764321274,96.3803879754291
0.6,5542.174166124192,0.7084396885795847,97.7706218313198
0.6,5821.874450782225,0.708613701939944,97.62712539156594
0.6,5666.224970752649,0.708469521879224,99.19988764097982
0.6,5948.856086290205,0.7086394809665587,98.84085735895762
0.6,5786.303722744816,0.7084981018211877,100.42625972925109
1.2,4119.295558896004,0.7094278478671733,68.05680059742842
1.2,4119.295558896004,0.70925255969311,64.13047216370981
1.2,4313.192157708165,0.709445149286187,70.09693182169022
1.2,4313.192157708165,0.7092772600437478,66.19975845235783
1.2,4113.800638478361,0.709099985324873,63.45264282188948
1.2,4506.928890237162,0.7094606679784156,72.07715199373118
1.2,4506.928890237162,0.7092995999965793,68.2179031791792
1.2,4299.4189702682825,0.7091300223529357,65.3877661625406
1.2,4064.864945537424,0.708952531742113,66.04416836585965
1.2,4700.461271120243,0.709474879418363,73.9632906598535
1.2,4700.461271120243,0.709320050860706,70.17632476104771
1.2,4484.517994930799,0.7091574797854138,67.29486277453059
1.2,4241.762482525812,0.7089870403116548,68.03989284794672
1.2,4072.742679829131,0.7088066225434675,66.76814675843264
1.2,4893.946289576963,0.7094882600176052,75.7688483995482
1.2,4893.946289576963,0.7093390853812293,72.05450959653284
1.2,4670.625186081611,0.7091829440547344,69.16849442488075
1.2,4419.493582125592,0.7090193413157072,69.95063435646975
1.2,4241.467714131904,0.708846154051404,68.67664412600465
1.2,4116.6365542344,0.7086739210622442,64.87756564857244
1.2,5086.731641263192,0.709500450247819,77.47815804791367
1.2,5086.731641263192,0.7093563441311784,73.86854890366651
1.2,4854.946597958272,0.7092062923283298,70.97749824290034
1.2,4594.599758048573,0.7090490746011193,71.7615629140928
1.2,4410.477855888647,0.7088824396163735,70.56356220419721
1.2,4281.81033083635,0.7087166965667555,66.68812326118041
1.2,4141.173452178451,0.7085507911033496,65.96624723817135
1.2,4055.082546919977,0.7083861214264572,65.89974161639935
1.2,5279.138874260909,0.7095116880358201,79.12843354302703
1.2,5279.138874260909,0.7093724200771766,75.59807586360576
1.2,5038.443522134808,0.709227994966425,72.7176021461918
1.2,4769.802481367467,0.7090765881064535,73.62666395052409
1.2,4579.994803533502,0.7089161748459224,72.38343116227614
1.2,4448.5184340213145,0.7087564795208728,68.4702467300849
1.2,4301.894493916127,0.7085964486147119,67.75482475680461
1.2,4212.224701361259,0.7084374840023075,67.69096717519308
1.2,4083.613021229535,0.7082771508186879,66.45720344514372
1.2,4063.418197184154,0.7081434223773787,67.34434716492596
1.2,5471.207490528319,0.709522450906121,80.72433883456061
1.2,5471.207490528319,0.7093873116258828,77.25533219435086
1.2,5221.219762668696,0.7092480489655433,74.38592546534603
1.2,4945.680446517766,0.7091021131035218,75.30606143328393
1.2,4748.608070479312,0.7089473524466987,74.15340090802093
1.2,4616.095581057887,0.7087932597907931,70.20509742874138
1.2,4463.333575299162,0.7086387808363297,69.53426839896868
1.2,4369.520943792523,0.7084852031395269,69.4571858561733
1.2,4237.495568407064,0.7083303216702789,68.15329760176586
1.2,4213.269179641976,0.7082010017891349,69.05600975371199
1.2,5663.024197324437,0.7095324991532529,82.28934792789605
1.2,5663.024197324437,0.7094011365031618,78.87735529171634
1.2,5403.4196563081305,0.7092668078202865,76.01526338404493
1.2,5122.572957777888,0.7091262367725606,77.00781575242684
1.2,4917.369484912191,0.7089767902588988,75.89360914708003
1.2,4780.532364885364,0.7088278491472143,71.9092433121948
1.2,4624.773482893386,0.7086787102947169,71.25063695324901
1.2,4527.262278177569,0.7085301945798177,71.16833941410079
1.2,4390.7804881731645,0.7083802131361011,69.78998337303014
1.2,4363.852584087092,0.7082552122827865,70.73357674488884
1.2,5854.324424064867,0.7095418321778989,83.78020438065074
1.2,5854.324424064867,0.7094142512120517,80.45136947897329
1.2,5586.526759178016,0.7092845071218192,77.61890876603937
1.2,5299.978353619836,0.7091487195246455,78.6182422982526
1.2,5086.569456941821,0.7090043660518911,77.55113330397222
1.2,4946.716541757976,0.7088603585629182,73.5127622485421
1.2,4786.102445184868,0.7087159949139503,72.8876270682419
1.2,4684.532746554686,0.7085720983959446,72.81280581123742
1.2,4544.426734048984,0.7084269271402621,71.40245719440422
1.2,4515.564805709366,0.7083061536895756,72.38999065761985
1.2,5769.605298967726,0.7093011452945779,79.16499617406302
1.2,5475.761240213459,0.7091696766886776,80.1749058243279
1.2,5257.001336393263,0.7090299575075437,79.15410737372439
1.2,5114.761935806142,0.7088905472640614,75.09098588138008
1.2,4947.592967141967,0.7087507433510898,74.45384481162046
1.2,4842.274312169265,0.7086113699194936,74.41920577254531
1.2,4697.8950838312185,0.7084707993518392,73.01360619722665
1.2,4666.339692022192,0.708353927417907,74.0205113681614
1.2,5953.605898595512,0.7093167208564837,80.68433778306516
1.2,5650.484444200606,0.7091895795802814,81.75375402912296
1.2,5426.737938026816,0.709054386719328,80.67972117967213
1.2,5279.822414206957,0.7089192325755623,76.57274827502178
1.2,5107.872016443815,0.7087835339224421,75.98453973515066
1.2,4999.640347269538,0.7086482337588794,75.95552322383669
1.2,4849.136541917867,0.7085118190830128,74.49596247139773
1.2,4818.923530965382,0.7083986363583069,75.59824062080669
1.2,5826.853212735075,0.7092080707389044,83.23317545365349
1.2,5596.273097527436,0.7090770606261367,82.20579911722581
1.2,5444.12496695272,0.7089459400419827,78.05984789580215
1.2,5268.617747857541,0.7088143611659936,77.49456940212097
1.2,5157.139091315034,0.7086830328389936,77.47517534956349
1.2,5003.053871744663,0.7085505583074462,75.98332381289251
1.2,4970.936824198306,0.7084407329009433,77.0893596360686
1.2,5766.197066566718,0.709098566876053,83.69827853494864
1.2,5609.639001881424,0.7089712540976144,79.50543954361422
1.2,5429.514098147447,0.7088434546604367,78.96200847614297
1.2,5314.1390744993005,0.7087158779731617,78.96860146238134
1.2,5156.416176204602,0.7085872425009639,77.43425722324397
1.2,5121.5063904984,0.7084804399487973,78.58410728991255
1.2,5936.144940020465,0.7091189033494492,85.20638350013672
1.2,5776.039643013468,0.7089951717556711,80.92708651927971
1.2,5590.406861383352,0.7088710450248664,80.3789887818642
1.2,5470.900678426971,0.708746880737298,80.40863904184994
1.2,5309.394677702072,0.7086217485863541,78.87744818432104
1.2,5273.933272071488,0.7085180982448823,80.09250006552577
1.2,5945.22671225188,0.7090179260616718,82.34587025009733
1.2,5750.602827878519,0.7088972462764335,81.75887045422665
1.2,5630.259475049156,0.7087765048282476,81.83017336565351
1.2,5463.607191459393,0.708654887323556,80.32247947775983
1.2,5426.502976845147,0.708554050406428,81.54003812722193
1.2,5910.449123468813,0.7089220553278087,83.15765619040063
1.2,5788.291270126633,0.708804512301808,83.24618733313999
1.2,5617.79883189514,0.7086859537746042,81.6537174312905
1.2,5576.84795493793,0.7085879416156939,82.91232257768945
1.2,5946.298014747651,0.7088311339505324,84.63538184466165
1.2,5771.632047748547,0.7087156440927381,83.00042117305694
1.2,5728.801508445081,0.7086203490386015,84.25964617943791
1.2,5926.513487037676,0.7087439547938362,84.3252634800663
1.2,5880.997630061627,0.7086509183806418,85.61021419959616
1.2,4053.831264188052,0.7094332163828144,66.89880177902059
1.2,4053.831264188052,0.7092571897138416,65.68850527855022
1.2,4254.227270992419,0.7094511172220953,69.02490843538075
1.2,4254.227270992419,0.7092828437286157,67.94422124589886
1.2,4130.760330540966,0.7091057779077616,65.94030133377423
1.2,4454.109738807571,0.7094675938617533,71.08066605842235
1.2,4454.109738807571,0.709306019362429,70.16961333946014
1.2,4323.937395251612,0.7091368847376627,68.04721019197542
1.2,4103.449856011293,0.708968191908948,65.52548940132381
1.2,4653.929932698017,0.7094832417101758,73.05886540564072
1.2,4653.929932698017,0.7093271876238967,72.31029669123087
1.2,4515.484169208169,0.7091652947988851,70.08310341996223
1.2,4288.4532484200645,0.7090038944919635,67.53149746539857
1.2,4177.064211155817,0.7088458019453354,68.07019485055243
1.2,4142.168027177431,0.7086842011844372,66.43589936210854
1.2,4058.762291427071,0.7085153073689656,66.35161494761006
1.2,4853.235608875588,0.7094971034992253,74.96393033611568
1.2,4853.235608875588,0.7093468210370784,74.37316280921331
1.2,4709.408194355614,0.7091915941793664,72.04704098871139
1.2,4474.861945075957,0.7090366827267961,69.50055524906568
1.2,4359.957454449072,0.7088851419608168,70.0719626203475
1.2,4321.589765415763,0.7087302645755615,68.48264716146107
1.2,4236.052042625739,0.708568022240912,68.36463578144121
1.2,4169.934919220981,0.7084083732554153,65.57721525453083
1.2,4165.584178100901,0.7082527883336868,66.90654718549342
1.2,4135.572391683055,0.7081161625651641,67.92429749734889
1.2,5051.909562721499,0.7095096554102006,76.79129716543441
1.2,5051.909562721499,0.7093646789092567,76.30349235570304
1.2,4904.241455301976,0.7092155410268243,73.94451521952224
1.2,4659.123478957672,0.7090667847312059,71.38298451927011
1.2,4542.960764206659,0.7089213496188137,72.00549636512199
1.2,4502.05414033457,0.7087722880377758,70.4761143855926
1.2,4412.744918924864,0.7086160341135639,70.33886609444157
1.2,4344.1075020803855,0.708462554657636,67.46490156520302
1.2,4339.527913657488,0.7083132057941253,68.78929729202301
1.2,4308.593525366419,0.7081815294249992,69.88892910589661
1.2,5250.667937666219,0.7095212548728534,78.51869088309772
1.2,5250.667937666219,0.7093812351290076,78.11879042314858
1.2,5096.342086004853,0.709237723908848,75.76065128526109
1.2,4843.559239959455,0.709094548243022,73.22125319611817
1.2,4723.937552106925,0.7089548862157067,73.86444141494079
1.2,4681.2934295082405,0.7088114296717791,72.35004328643576
1.2,4590.1541514115615,0.7086606080506762,72.23496853429
1.2,4516.861404183021,0.7085127492590385,69.29250976828628
1.2,4511.636687358603,0.7083692101278093,70.6469701889898
1.2,4480.575484695351,0.708242055702372,71.84446835945376
1.2,5448.835078799727,0.7095320206017518,80.21293758611587
1.2,5448.835078799727,0.7093964878909276,79.88524895956512
1.2,5288.759437683421,0.7092583769948965,77.47636774640124
1.2,5029.55931237188,0.7091206774269692,74.97976868309655
1.2,4906.82440061516,0.7089862154859512,75.66645261249154
1.2,4861.3316219023945,0.7088477972590524,74.15794388729219
1.2,4767.242860196412,0.708702315450409,74.07801923030928
1.2,4689.627383419158,0.7085596384799385,71.01630980030434
1.2,4684.9866525169045,0.7084210120334298,72.46071739594669
1.2,4651.871545946982,0.7082980628446978,73.72054611484772
1.2,5647.215436863996,0.7095423108597038,81.86078538577806
1.2,5647.215436863996,0.7094109124687651,81.5823689930402
1.2,5479.63066078036,0.7092774976296642,79.15228011979485
1.2,5213.006235065735,0.7091445769043131,76.6887637311417
1.2,5086.350444824167,0.709015213648072,77.37690403378348
1.2,5040.540113839706,0.708881734690629,75.90156320832503
1.2,4943.7921217673065,0.7087410290909538,75.86332907309848
1.2,4862.76030516272,0.708603209053919,72.70942326133947
1.2,4858.818135471521,0.708469521879224,74.17451564941561
1.2,4824.953454189247,0.708350223513051,75.53434503948836
1.2,5845.305692770847,0.7095518858310538,83.47840504930716
1.2,5845.305692770847,0.7094243885815319,83.26257797628584
1.2,5673.978979599092,0.7092954399094576,80.77442683808948
1.2,5397.208124407665,0.709167071176098,78.34848380479498
1.2,5267.086076328931,0.7090422290348287,79.03818489903539
1.2,5219.668120842455,0.7089132349683545,77.59666517192053
1.2,5119.342727476764,0.7087770905330955,77.58800652173055
1.2,5035.6964545722285,0.7086439154451469,74.36920680501636
1.2,5032.292156380003,0.7085148422443394,75.86116032460257
1.2,4998.412971062258,0.708398752257992,77.30883115733529
1.2,5867.792389452442,0.7093123209673153,82.36233153826345
1.2,5580.467154339072,0.7091880390809178,79.96792992868727
1.2,5446.138194141716,0.709067611418156,80.64366442004739
1.2,5398.012236619148,0.7089427623356738,79.24000871498046
1.2,5294.977598786209,0.7088107261490637,79.25458288177067
1.2,5208.637020514059,0.7086818645319489,75.97471621140515
1.2,5205.308576069739,0.7085570771703127,77.46903606715297
1.2,5171.273697253604,0.7084436339552267,79.0487141407913
1.2,5763.393131573132,0.7092078336123973,81.54237475222071
1.2,5625.722437979414,0.7090913572970726,82.19098432074445
1.2,5576.330365180289,0.7089704296363745,80.83309313666126
1.2,5469.463417205657,0.7088423984326663,80.89340610484149
1.2,5382.150821143736,0.7087175151791901,77.51472548504736
1.2,5378.979197792923,0.7085966817118744,79.08106451456767
1.2,5343.613889933514,0.7084854355066742,80.77423102918442
1.2,5947.005531057353,0.7092264528154646,83.12463912391944
1.2,5805.936228324914,0.7091138181477767,83.72873380711857
1.2,5755.8342400388665,0.7089965861087918,82.41424534170876
1.2,5646.759604378668,0.7088723370120084,82.4969947178928
1.2,5554.821119713717,0.7087513286321799,79.03419037495053
1.2,5552.848680637708,0.7086343469986425,80.61871246730517
1.2,5516.8144988803015,0.7085249600822268,82.45749564702075
1.2,5986.375246912396,0.70913499153465,85.22456856385915
1.2,5934.173702615503,0.7090212284082655,83.9602526765119
1.2,5823.732733352668,0.7089006550288184,84.07105549548832
1.2,5728.122884901202,0.7087834167594999,80.53985145025408
1.2,5726.95632685628,0.7086699499930207,82.13484596972717
1.2,5689.955162337317,0.7085626657206521,84.12589634897861
1.2,5900.259008777855,0.708813540323296,82.03528297592821
1.2,5901.399456100074,0.7087034844296936,83.62383017928768
1.2,5862.530040288111,0.7085987796552176,85.73572147480732
1.2,4059.5510754586894,0.7077041001441338,67.43097148242616
1.2,4059.5510754586894,0.7075439030136828,66.37864531121473
1.2,4250.174982587504,0.7077197851490226,69.43890835187827
1.2,4250.174982587504,0.7075659672403302,68.55227528145676
1.2,4127.030968762363,0.7074049368707587,66.4822205522565
1.2,4440.735399476085,0.7077346810454723,71.37107656643578
1.2,4440.735399476085,0.7075861201036335,70.6431620785313
1.2,4309.708276689413,0.7074319867268096,68.47069778522919
1.2,4094.092601700746,0.7072783080172652,65.98104523228722
1.2,4630.808632442523,0.7077478765993611,73.2248007533489
1.2,4630.808632442523,0.7076048115235051,72.6649593352997
1.2,4494.653218425006,0.7074570265636316,70.38888633045077
1.2,4271.871049626558,0.7073095287721916,67.90421626634125
1.2,4163.226049131174,0.7071652276766776,68.4656646978242
1.2,4127.612912174703,0.7070177364079873,66.91594484562853
1.2,4046.947837218089,0.7068632173774085,66.80394187719865
1.2,4820.280833582588,0.7077598251409688,75.01667853986974
1.2,4820.280833582588,0.7076218124084551,74.54344132450099
1.2,4680.467708655007,0.7074798262076971,72.24216278564482
1.2,4447.601828689517,0.7073381911982505,69.74276808809053
1.2,4337.759132407095,0.7071997066992073,70.35409768296469
1.2,4299.721584322702,0.7070577570623051,68.86292352539967
1.2,4215.45996115695,0.7069089452140263,68.7320950520922
1.2,4150.966484006435,0.7067786478890165,65.93038036291502
1.2,4147.800917902927,0.7066801156408962,67.23757190589025
1.2,4119.280542624252,0.7065932431547882,68.32397825934196
1.2,5009.833660165176,0.7077708669419018,76.70388161498676
1.2,5009.833660165176,0.7076375739508672,76.3164816597945
1.2,4863.673943995235,0.7075009461119316,74.0159869901155
1.2,4623.498678719585,0.7073646265276474,71.53819171333653
1.2,4510.357671462235,0.7072316415445518,72.16967055054472
1.2,4470.6598535737685,0.7070950323668713,70.69311388388188
1.2,4384.654397557848,0.7069513975388408,70.58392379326374
1.2,4315.7198014094265,0.7068117636252589,67.71204651933043
1.2,4311.801860915943,0.7067170642045144,69.04836347990249
1.2,4283.549929541034,0.7066331748477532,70.23025672034609
1.2,5198.822328207715,0.7077811150263699,78.35871190670225
1.2,5198.822328207715,0.7076520944673153,78.04182262347886
1.2,5047.183346882319,0.7075206092847178,75.69171610732869
1.2,4800.8881351183245,0.7073895053295792,73.25570214491934
1.2,4684.776951625623,0.7072614739332277,73.92962911222777
1.2,4642.3594126329945,0.7071296651454958,72.45880652690991
1.2,4553.542164576854,0.7069911187840177,72.38392707963801
1.2,4480.482240554064,0.7068552323222732,69.39525855488552
1.2,4477.110855434185,0.7067512402906893,70.81634873402244
1.2,4446.775445943955,0.7066701251716201,72.05898766208198
1.2,5388.01207139471,0.7077909104426373,79.96821674705087
1.2,5388.01207139471,0.7076658264417929,79.69942953417055
1.2,5229.215334505389,0.7075388132498142,77.32857330258126
1.2,4975.841228409411,0.7074122607985388,74.92485478400367
1.2,4855.990655676154,0.7072890861142237,75.6001505381421
1.2,4813.267769270601,0.7071619830404217,74.16170727165712
1.2,4721.913810764171,0.7070279879862121,74.12753266733674
1.2,4645.596085618244,0.7068967303954043,71.04877908354476
1.2,4642.891994655217,0.706783244490781,72.48673139227063
1.2,4611.704762793691,0.7067045378784318,73.82695006779153
1.2,5576.925223904528,0.7078000249173477,81.54820008521655
1.2,5576.925223904528,0.7076786553895926,81.34052472611073
1.2,5414.565331589461,0.707555895170372,78.9129132148222
1.2,5151.514050473584,0.7074336780407299,76.5458746574837
1.2,5028.357509250956,0.7073148098744381,77.22264808367045
1.2,4984.099519496312,0.7071919795227484,75.81722443935443
1.2,4889.332874088416,0.7070623306127627,75.81191407460805
1.2,4810.522433600983,0.7069354995882998,72.66975097477143
1.2,4808.331124988625,0.7068131444664842,74.1306759595486
1.2,4776.994015982498,0.7067365544933604,75.55660701253699
1.2,5765.2760419053975,0.7078086858649817,83.05536553357672
1.2,5765.2760419053975,0.7076908074943107,82.89590329002229
1.2,5599.40333355625,0.7075719665957052,80.46380913963121
1.2,5326.286030650292,0.7074536417498872,78.12756160165415
1.2,5199.117688537079,0.7073389783432904,78.79063904274851
1.2,5154.181729916859,0.7072200967876962,77.42218540640062
1.2,5056.831834830677,0.7070943623965145,77.43954532625158
1.2,4975.453753670093,0.7069716418806128,74.23771189005137
1.2,4973.33405364257,0.706852792812986,75.70075109740876
1.2,4941.842169574865,0.706766165020159,77.25259403223548
1.2,5955.219007802269,0.7078167789478554,84.55743120235408
1.2,5955.219007802269,0.7077020547922683,84.50099033774322
1.2,5783.693254607879,0.7075870261235362,81.97351871541679
1.2,5500.740156750501,0.7074724880606742,79.66529147254896
1.2,5370.384616374136,0.7073615882552015,80.30182303669227
1.2,5324.2394979608825,0.7072464423829296,78.97805660640851
1.2,5223.233511499831,0.707124523899871,79.04007328332638
1.2,5140.931384966831,0.7070055944479866,75.74168779662533
1.2,5138.961350098211,0.7068905136023669,77.27504946659592
1.2,5106.1989243574935,0.7067937434567174,78.93465938775175
1.2,5968.848386436657,0.7076011857387828,83.47525107782725
1.2,5675.84925609771,0.7074902151497486,81.21067139789751
1.2,5542.252219441802,0.7073829743293796,81.80366685202326
1.2,5495.427935166456,0.7072713489398946,80.52228039497517
1.2,5392.317476741528,0.7071530338937334,80.60618595588151
1.2,5305.60163399577,0.7070377966874017,77.22560007513776
1.2,5304.775701718778,0.7069263865810899,78.77667550562622
1.2,5271.3737710561145,0.7068222027145475,80.57613575363999
1.2,5850.022081705499,0.7075070472893914,82.74338684874412
1.2,5714.333292273023,0.7074031342940756,83.26457204659087
1.2,5665.504240502676,0.7072948133385634,82.03217967182925
1.2,5561.092531832773,0.7071800002033825,82.14345986218572
1.2,5470.873710788078,0.7070683552356779,78.69603540828652
1.2,5470.815089803709,0.7069602946896535,80.25729495592024
1.2,5436.489865731141,0.7068581156011737,82.2055236157595
1.2,5887.340513674523,0.7074222914455726,84.69633968013272
1.2,5837.2554748642615,0.7073171697752582,83.5331249471491
1.2,5729.806154842297,0.7072054191969678,83.65438579078113
1.2,5635.032533931484,0.7070970423557142,80.15649476988948
1.2,5637.176051756292,0.7069922320814732,81.7114054726037
1.2,5601.065648292844,0.7068925117351507,83.77767693415525
1.2,5899.893115499401,0.7072295116403292,85.14274783075824
1.2,5799.50874257869,0.7071240768710851,81.6031286347829
1.2,5804.307774464779,0.7070223046707912,83.16537999821006
1.2,5767.876328872376,0.7069250531719676,85.32537660914994
1.2,5964.527946357998,0.7071496785592707,82.95913432038132
1.2,5970.075423323485,0.7070507305892894,84.578942262101
1.2,5931.800240495412,0.7069558458278474,86.86782862028333
