K,Rem,prandtl,nusselt
0.3,5635.63393290122,0.7073187431314893,114.09953202605772
0.3,5160.191107426701,0.7070771709254037,111.40536225228853
0.3,4722.863827629569,0.7068309558040624,104.66707403260264
0.3,4368.044546782973,0.7066641786839158,100.46535017148288
0.324,5678.458941581761,0.7073127872298279,112.52623318281398
0.324,5120.910996766262,0.7070758316886787,102.05899345747794
0.324,4531.908863227939,0.7068372727047941,99.1129522856809
0.324,4361.435011345411,0.7066827092880028,95.1061757093446
0.349,5758.973969436282,0.7073390907940363,111.36176583646376
0.349,5271.393767369348,0.7071224005645058,103.2307095201109
0.349,4960.951484407693,0.7068997281779088,98.1852350843795
0.349,4529.663608011423,0.7067246290878876,99.96281341578155
0.373,5978.27229415164,0.7073728424449788,109.07803625353068
0.373,5233.33129191409,0.7071655633460356,109.16974760033918
0.373,4973.931281879403,0.706951508739086,99.7203816460207
0.373,4704.135569582285,0.7067686151182883,99.089747555637
0.398,5488.090155909434,0.7072070995223918,106.41828732830344
0.398,5335.525794789045,0.7070038125007148,100.6152041268884
0.398,4887.967461378886,0.7068228674281741,100.70763971370012
0.422,5774.495474913894,0.7072493584436075,103.40981598095696
0.422,5330.764340963622,0.70705965333915,99.08996872519376
0.422,5112.5578827773625,0.7068677652488075,98.25719912501836
0.447,5719.646132869005,0.7072687677011993,108.68943061737885
0.447,5442.2075299593225,0.7070814121835116,103.95937499556636
0.447,5166.626879349991,0.706895842213551,99.41468664707624
0.471,5642.90829828842,0.7072878509543077,109.13979874316804
0.471,5270.175316597999,0.7071077642668104,103.59841188430708
0.471,4966.821772490334,0.706933054399101,98.89890811821304
0.496,5804.364468056228,0.7072780835091346,99.6862812408406
0.496,5374.229589443833,0.7071001692369213,96.23979917296175
0.496,5102.262304810146,0.7069224976150602,94.32135783740424
0.52,5685.881413537015,0.707315371741053,100.66253494175884
0.52,5415.064675921975,0.7071402853504274,101.26812773109911
0.52,5086.780425306222,0.7069671915576934,97.12040021179686
0.545,5952.667631574748,0.7074761004938069,104.99626096120588
0.545,5640.08071209424,0.7073170573953954,101.32981156320584
0.545,5549.466540171271,0.7071496785592707,99.22499209086033
0.545,5332.287098118602,0.7069859980774692,99.19146128518592
0.569,5562.400217741487,0.7072181917115784,100.66266822799176
0.569,5386.981003307789,0.7070622190555605,103.04045204898942
0.594,5896.960086679194,0.7072095641468977,99.57352345282789
0.594,5550.504824037671,0.7070556378170157,97.90494761930267
0.618,5839.74412536378,0.7072188640794425,98.32713147702596
0.618,5636.993169330873,0.7070811889464467,95.99517013622568
0.643,5891.158756449545,0.7071170369284341,100.97945986980636
0.667,5827.619409373607,0.7071346953631636,95.88906680740132
0.692,5972.48826361633,0.707144646166513,95.99324967422598
0.716,5955.351552972662,0.7071544879728722,97.86638135182793
0.765,5834.19600548487,0.7071857094563536,97.57411424456716
0.79,5988.712969241349,0.7072070995223918,94.22445635624196
1.2,5582.318458936008,0.7073892801022702,80.74172277897803
1.2,5453.559786400185,0.7072677577034943,81.54807183216074
1.2,5266.6087652999695,0.7071710464056173,78.38675618649975
1.2,5950.602605274656,0.7075157489633493,83.22808729314055
1.2,5717.444413808304,0.707398065047574,80.82006238180416
1.2,5514.734542017953,0.7072776344972265,79.90177013883859
1.2,5266.784121226695,0.7071726131533392,77.44317413720279
1.2,5966.318460928168,0.7075150708328214,83.06388041480838
1.2,5779.511338133367,0.7073987409044523,81.2875035150576
1.2,5473.235100521338,0.7072817880788512,80.5978859764297
1.2,5330.317805458744,0.7071755230155065,81.04917342313044
1.2,5763.487288930204,0.7074040355707487,80.45453140923253
1.2,5599.697903570995,0.7072848193843164,80.52852631636652
1.2,5292.37112253126,0.7071830226319953,78.40363221696921
1.2,5987.3989208370185,0.7075165401322986,85.04649276840252
1.2,5837.91260764487,0.7073987409044523,80.02106312132838
1.2,5448.605420893777,0.7072799918744976,79.87490464974287
1.2,5344.546490262692,0.7071755230155065,80.24250051278327
1.2,5998.920474879515,0.7075216266470099,83.36231025038312
1.2,5852.635066097583,0.7074057255274111,81.269159371507
1.2,5612.79661371819,0.7072834721047875,81.70604147039116
1.2,5324.799454568861,0.7071834704216003,78.26647531682674
1.2,5797.422301984709,0.7074040355707487,82.0789103094193
1.2,5685.131010575062,0.7072850439359846,80.43489658051743
1.2,5345.004790511437,0.7071850377307497,80.45311193694177
1.2,5887.760256655827,0.7074064015330492,83.1362398368328
1.2,5677.649390295444,0.7072896475650661,81.08009625706414
1.2,5353.55595035509,0.7071858214118857,80.27078402045825
1.2,5789.3249530790445,0.7074089930096155,83.19830992859242
1.2,5662.188307759356,0.7072978457807434,81.18889336579211
1.2,5508.119772420659,0.7071895161471996,80.57777356500445
1.2,5791.361295028703,0.7074094437208859,83.54624385633069
1.2,5588.0172275358655,0.707301327800005,80.76516657213185
1.2,5575.689104525177,0.7071963468457647,79.41603981999103
1.2,5811.88810183935,0.7074128242414253,87.32121203105933
1.2,5708.007754650495,0.7073046978283067,80.05346701225362
1.2,5517.498903210462,0.7072037389529227,79.96016554035602
1.2,5912.452297728693,0.7074184591718755,86.21885592568313
1.2,5719.522405247648,0.7073103152684785,80.39870601192055
1.2,5556.405825369846,0.7072093400828898,81.19949403048318
1.2,5945.940664946572,0.7074169940022208,83.47685483477049
1.2,5717.59560542552,0.7073122254049916,84.53183534040944
1.2,5659.764305940127,0.7072127011949478,81.06431382132479
1.2,5916.882453107842,0.7074144019300216,81.80784543624897
1.2,5601.857296076273,0.7073073940862714,82.34882083520071
1.2,5595.533772723624,0.7072231227117973,81.11486891101416
1.2,5951.429514210853,0.707413049621133,82.77715023113407
1.2,5687.735976450518,0.7073133490637462,85.38872827975054
1.2,5596.652042030277,0.7072375835472015,78.68588192423606
1.2,5854.747874633803,0.7073179564444717,84.99739694568058
1.2,5665.140599113275,0.7072408352622637,82.2785778332169
1.2,5755.950740490139,0.7073223396417478,84.03824694247884
1.2,5771.482611737866,0.7072371350586827,82.52058071382756
1.2,5947.085024461311,0.7074300700036599,83.56510202008089
1.2,5895.587354330865,0.7073248124584179,84.5745835765268
1.2,5788.798683033034,0.7072413959335783,82.73240018661535
1.2,5945.779922592035,0.7073286344301967,84.64497683826644
1.2,5795.443092812225,0.7072453208863447,82.75939647199931
1.2,5948.612085020506,0.7073352676726763,86.93451226005924
1.2,5815.687526265428,0.7072520504093261,82.47008014379131
1.2,5930.173664816247,0.7073341433052146,83.6582841413463
1.2,5932.781336298159,0.707246666686594,82.48195660276285
1.2,5954.717566821057,0.7073311076946789,83.14652103610872
1.2,5766.450413936344,0.7072306326262591,83.2651508963277
1.2,5873.191918614443,0.707239265430756,83.3985666553332
1.2,5842.936869031038,0.7072495827661124,82.56603519721705
1.2,5951.247958213147,0.7072667477351601,83.45277505957395
1.2,5876.830314748808,0.7072557522030084,87.38042893663452
1.2,5909.686025723381,0.7072569862219408,85.94170186926647
1.2,5971.15960818491,0.7072540695205918,85.66657198399096
0.6,4074.1255645651977,0.7097995613104354,78.18670385432868
0.6,4074.1255645651977,0.7097666724726555,70.53364879079957
0.6,4297.419611115871,0.7098018513902169,81.05937886349913
0.6,4297.419611115871,0.70977064645818,73.2947815793419
0.6,4520.311647145376,0.7098040210731632,83.62644029816646
0.6,4520.311647145376,0.7097742595511869,75.84887515885552
0.6,4744.096210753707,0.7098069141861039,85.85205861206745
0.6,4744.096210753707,0.7097775116434649,78.41007887320686
0.6,4965.886028490045,0.7098076375004749,88.5548428110956
0.6,4965.886028490045,0.7097805231007043,80.84882496445525
0.6,4161.22863040703,0.7097509012599988,75.7596883312677
0.6,5187.2950764298175,0.709809204731202,90.91017776369506
0.6,5187.2950764298175,0.7097831733904446,83.32393116590589
0.6,4330.175088271475,0.7097547531351902,78.0706980818282
0.6,5407.945963374147,0.7098117365549651,92.799165930216
0.6,5407.945963374147,0.7097859443554935,85.40809837719543
0.6,4528.207640971645,0.7097586054206948,80.30432781066249
0.6,4018.987879014769,0.7097290015199758,75.67210688515189
0.6,5627.840710265308,0.7098130628190448,94.97303790291976
0.6,5627.840710265308,0.709788113084874,87.64236480244682
0.6,4699.407741583364,0.7097619765071453,82.43424109358237
0.6,4183.58432723378,0.709733693204811,77.80518425450168
0.6,5848.433775721208,0.7098133039631894,97.52153332928822
0.6,5848.433775721208,0.709790281944251,89.811161334023
0.6,4883.848603954819,0.7097651070830748,84.51555648601588
0.6,4352.945843738032,0.7097379042096694,79.91437955529015
0.6,4075.219434581714,0.7097092790456523,77.81494824813393
0.6,5064.818735369576,0.7097679970859866,86.53211657269613
0.6,4517.702089718403,0.7097417547005137,82.02451047581668
0.6,4232.630932819492,0.7097142086553606,79.92613081983413
0.6,5246.465531160996,0.70977064645818,88.55677266493252
0.6,4688.991739912633,0.7097453649081356,84.0049913681901
0.6,4391.261962561376,0.7097188984203883,81.92276049788785
0.6,4137.751530723674,0.7096911294508795,80.86633203055086
0.6,5445.158105100786,0.709773296024432,90.58408118608962
0.6,4860.034517003709,0.7097488551181721,85.95579606461122
0.6,4547.03710178009,0.7097232279744333,83.89967862392372
0.6,4285.474993066612,0.7096964171333566,82.79381942244363
0.6,5626.659744579772,0.7097757048894401,92.41116886884022
0.6,5028.721317291504,0.7097519845584279,87.77720295215703
0.6,4703.22070119614,0.709727197187932,85.84666387864732
0.6,4434.595745095319,0.709701344988634,84.77347362672411
0.6,4036.046152720474,0.7096764721962484,80.7757380472993
0.6,5798.749928092679,0.7097778730050981,94.21115256039684
0.6,5195.574374250678,0.709755114269525,89.49317058362297
0.6,4862.61026990553,0.7097311668373152,87.6208264428799
0.6,4586.803891537517,0.7097060330844963,86.6767318700679
0.6,4173.358520657944,0.7096818778684129,82.66012279314087
0.6,5982.830825924486,0.7097799207892022,96.02947984459404
0.6,5369.287902327676,0.7097578830859056,91.2292206031226
0.6,5018.458052582658,0.709734775987786,89.42334213444641
0.6,4735.491314848023,0.7097104813274819,88.486756794827
0.6,4309.187419187164,0.7096870440444197,84.55180452018949
0.6,5534.062896974018,0.7097605317173341,92.98405836920902
0.6,5175.549346085616,0.7097380245313014,91.25316100197853
0.6,4884.754748353332,0.709714569384912,90.2329320485226
0.6,4446.50130958836,0.7096919706213274,86.27439661470248
0.6,5705.106973385177,0.7097630601373803,94.65304172010012
0.6,5332.215530612681,0.709741273366732,92.8614714136316
0.6,5035.45022783331,0.7097185376476267,92.0004672050843
0.6,4581.284456911324,0.7096965373169527,88.02348229805222
0.6,5874.874554929281,0.7097654683208111,96.329514218815
0.6,5487.037128791832,0.7097441614655428,94.57818749817098
0.6,5185.585940471232,0.7097221455373013,93.68664094906462
0.6,4715.292268607615,0.7097008641926784,89.8444489719957
0.6,5646.905707703179,0.7097470497950584,96.25301920342152
0.6,5333.82846814261,0.7097256335063418,95.38322091618429
0.6,4850.620515666816,0.7097049511622343,91.45288810693788
0.6,5803.357510242252,0.7097498179940213,97.71331878261891
0.6,5481.577197156854,0.709728881228371,97.03373414154348
0.6,4984.101001354382,0.70970879814412,93.02005720842848
0.6,5959.276117240277,0.7097522252958194,99.27453113634516
0.6,5628.07272452711,0.709732008940197,98.57452115227336
0.6,5118.34683970095,0.7097125252983927,94.59017797580977
0.6,5770.49903668229,0.7097348962990071,100.16458017302524
0.6,5257.0014308899,0.7097158920907394,96.16049818643508
0.6,5918.977193370634,0.709737783888438,101.6878565386518
0.6,5396.780987647913,0.709719259196751,97.67406854228506
0.6,5533.176681937744,0.709722265806493,99.17895717401164
0.6,5667.097054652511,0.7097252726663498,100.61450217947122
0.6,5801.211489763314,0.7097281594871476,101.9128261443067
0.6,5935.005600407085,0.7097308059420849,103.36713928560658
0.6,4036.05830737998,0.7094488492898651,77.7644756419244
0.6,4036.05830737998,0.7091565326268977,69.91130949535271
0.6,4259.340500643879,0.7094701018377775,80.6186799985425
0.6,4259.340500643879,0.7091921867300611,72.69668426990938
0.6,4482.801978284892,0.7094892159649827,83.26729016882562
0.6,4482.801978284892,0.7092243176389996,75.36249259361979
0.6,4706.55525338758,0.7095065469104928,85.83246063655318
0.6,4706.55525338758,0.7092536281063992,77.8740466435419
0.6,4928.131234062698,0.7095219724880496,88.21756497083325
0.6,4928.131234062698,0.7092801111785503,80.30467376712356
0.6,4100.259290017895,0.7090176901914474,74.98573218734815
0.6,5149.576665209987,0.7095362081428727,90.55795921941476
0.6,5149.576665209987,0.7093045927374961,82.62877342557752
0.6,4282.477630807868,0.7090529700773134,77.3156085381748
0.6,5369.828809742531,0.7095491327662721,92.863258929696
0.6,5369.828809742531,0.7093270686662223,84.90691193556333
0.6,4466.7174234551385,0.7090856852067934,79.57749160094896
0.6,5590.2933902738205,0.7095609844101978,95.09572734010771
0.6,5590.2933902738205,0.7093476542070586,87.08645460516352
0.6,4651.171353371815,0.7091155919732929,81.77232288238129
0.6,4113.382911702882,0.7088658775444069,76.93600273835946
0.6,5811.20809991756,0.7095721213227912,97.23071871207974
0.6,5811.20809991756,0.70936694153974,89.22986327522347
0.6,4836.550995191266,0.7091435117365315,83.87456754932873
0.6,4282.646960777249,0.7089031236390714,79.06503695808459
0.6,5019.4150813728,0.7091690845100888,85.93135414478292
0.6,4448.502945000249,0.708937584457353,81.13144276301925
0.6,4141.613761295083,0.7086960036262722,78.85108980702552
0.6,5200.301706922569,0.7091931348315498,87.91423280143393
0.6,4618.196081536244,0.7089698407471414,83.13033683992415
0.6,4300.197304470528,0.7087368165013956,80.87670312188071
0.6,4028.9405077251154,0.7084940341624967,79.57531971141337
0.6,5385.8721730007255,0.709215896793648,89.87886625170646
0.6,4787.698321008763,0.7090001222365643,85.0627913085459
0.6,4457.673515988221,0.7087747477715176,82.85701945965891
0.6,4177.87210349062,0.708540316800029,81.5681291130243
0.6,5568.434661419235,0.7092370119455162,91.75682409886714
0.6,4956.870725012595,0.7090283058928252,86.88836992714857
0.6,4613.937018798664,0.7088103743929163,84.78327240378624
0.6,4326.892973894929,0.7085838636405557,83.51287019185541
0.6,5749.147592692648,0.7092568335371864,93.60528414751197
0.6,5125.43552374955,0.7090549770033975,88.68441168103477
0.6,4771.655438905423,0.7088440414671685,86.66597343882307
0.6,4478.406365371259,0.7086247811290474,85.40064276312884
0.6,4053.413226642539,0.7084147500563528,81.2807817230905
0.6,5928.416566487354,0.7092753594130379,95.36931063993136
0.6,5297.472921752682,0.7090796595959608,90.44192987981876
0.6,4928.137253820759,0.708875273520535,88.44249430896167
0.6,4627.36302532408,0.7086630600728369,87.2472129376239
0.6,4189.140943148121,0.7084595359538226,83.1537580085145
0.6,5462.3302297851,0.7091031770402875,92.15853814272243
0.6,5085.278917458584,0.708904769474148,90.2004730120731
0.6,4776.641409400388,0.7086990425128464,89.04748164997652
0.6,4326.42505775653,0.7085018212320113,84.9505267042461
0.6,5633.388913544116,0.7091255270207982,93.84832785488956
0.6,5242.027894593503,0.7089328779469473,91.92847616938812
0.6,4927.343321403007,0.7087330723960268,90.8180460451624
0.6,4461.253336381658,0.7085414804587661,86.70928820005791
0.6,5802.595564612498,0.7091464706141515,95.51626541723418
0.6,5397.8796373351215,0.7089592424012064,93.59049747297468
0.6,5077.582010690676,0.7087651440606397,92.51792852801084
0.6,4595.33415787176,0.7085789706888291,88.47193610513007
0.6,5973.64690560006,0.7091660053392007,97.19320290232572
0.6,5555.57423488552,0.7089839767693269,95.25197118181543
0.6,5225.245740136485,0.7087953693658083,94.21000011100588
0.6,4730.454434571769,0.7086144015759465,90.13483295793584
0.6,5713.689952484084,0.7090076671456412,96.84406235627252
0.6,5374.725097399637,0.7088242127538804,95.8550738669692
0.6,4864.520197497668,0.7086481170407958,91.76498427537211
0.6,5869.789286426221,0.7090299575075437,98.35026834177152
0.6,5520.537474866796,0.708851553446741,97.41434965673194
0.6,4998.689490307791,0.7086799953205428,93.33856005826767
0.6,5662.920155058551,0.7088773879564231,98.97777745636968
0.6,5137.099467169465,0.7087101483454971,94.94596603354248
0.6,5811.225971237733,0.7089024183044248,100.531336996242
0.6,5276.823531626353,0.708739390802414,96.46269070246844
0.6,5960.996801862265,0.7089258193448328,101.94329195820964
0.6,5412.790806487125,0.7087666664273574,97.89471681494834
0.6,5547.903625774474,0.7087927910133159,99.31632259001933
0.6,5681.300255924701,0.7088176447259362,100.7443253154984
0.6,5815.637547210004,0.7088415769438191,102.14439765994646
0.6,5945.489749396199,0.7088639986462791,103.50486219296474
1.2,4112.338464129513,0.7094332163828144,68.42828559684838
1.2,4112.338464129513,0.7092601579901489,65.6109014031809
1.2,4306.336178124489,0.7094499235557375,70.46804206634488
1.2,4306.336178124489,0.709284150673929,67.78884022055806
1.2,4148.718626540272,0.7091002217384756,63.13349159360891
1.2,4500.042826733631,0.7094652054755916,72.42213760287423
1.2,4500.042826733631,0.7093061382503986,69.8898874641321
1.2,4337.150570683898,0.7091300223529357,65.19599711480416
1.2,4085.0880408768735,0.7089499420004839,65.22060147327703
1.2,4693.304887839712,0.7094792992449166,74.30158406115737
1.2,4693.304887839712,0.7093265928394646,71.91972933744164
1.2,4525.776051589708,0.7091577165789561,67.21952037725137
1.2,4264.573754279455,0.7089849193697524,67.26009480918029
1.2,4091.063497809872,0.708814830227456,66.14269657826469
1.2,4886.2954036134815,0.709492322969224,76.08262388476918
1.2,4886.2954036134815,0.7093453927906312,73.85785438539205
1.2,4713.85423871814,0.7091829440547344,69.17463973112403
1.2,4443.4187882477145,0.7090168646579211,69.2407448779712
1.2,4263.168712317382,0.7088540186600434,68.1314939499797
1.2,4157.904777242831,0.7086891086546562,67.07982108160098
1.2,5078.584175350615,0.7095043950293634,77.78666143346962
1.2,5078.584175350615,0.7093625354959778,75.67982146842986
1.2,4901.435660341156,0.7092061737707618,71.01945605655483
1.2,4619.659121421626,0.7090464778527291,71.05707938648634
1.2,4434.156249894708,0.7088897246650685,69.88365071582436
1.2,4325.370705273386,0.7087310835003056,68.93171690830286
1.2,4101.479947180904,0.7085885242218221,64.99988811583978
1.2,5271.045938202922,0.7095155144657851,79.42981178423292
1.2,5271.045938202922,0.7093783759564218,77.44162465428248
1.2,5087.694807603009,0.7092275204513736,72.83271484142142
1.2,4796.931479812658,0.7090736349998294,72.8681843686328
1.2,4604.097559297505,0.7089229962948456,71.65463588064408
1.2,4490.779547512718,0.7087701798298316,70.75102007679357
1.2,4260.588025013122,0.7086328302864829,66.69971025283706
1.2,5463.582430827431,0.7095261588615756,81.01678078209524
1.2,5463.582430827431,0.7093932699729254,79.15701595813131
1.2,5274.511845142478,0.7092474554909801,74.58825858511364
1.2,4974.977183785079,0.709098685077974,74.64852176760446
1.2,4773.320968892911,0.708953591236016,73.44037536564281
1.2,4656.277471009311,0.7088065053045397,72.50780068214655
1.2,4418.8636079739945,0.7086741546683691,68.4071645188505
1.2,5656.43927684858,0.7095359688417001,82.54930176860582
1.2,5656.43927684858,0.7094072163644717,80.78091429402392
1.2,5462.293993800853,0.7092660952795367,76.28236042007796
1.2,5151.255485977313,0.7091219784730284,76.368510536666
1.2,4941.266498956439,0.7089822094605683,75.12804303333402
1.2,4820.446290080792,0.7088406381226082,74.19701291673667
1.2,4578.925908569729,0.7087128376476138,70.13301128863249
1.2,5848.211812158411,0.709545422446407,84.04519400921879
1.2,5848.211812158411,0.7094204525576358,82.3410090190384
1.2,5648.34706390684,0.7092834377887679,77.89310580807745
1.2,5326.340071256896,0.7091438667889387,77.99467820274285
1.2,5108.716500617008,0.7090090819934638,76.76656070595041
1.2,4986.626364913304,0.7088724544677064,75.84393465329624
1.2,4738.805369404065,0.7087489875655727,71.71058102023883
1.2,5835.20144442707,0.7092997188632948,79.45387718647099
1.2,5502.656837392688,0.7091643474337187,79.56692767264185
1.2,5275.977846454502,0.7090342048672449,78.29715688555547
1.2,5150.321951838396,0.7089023007500063,77.43434816279833
1.2,4897.220126602657,0.7087829481115866,73.2425168114148
1.2,5678.162181196073,0.7091835364624226,81.1381065697216
1.2,5443.428812778648,0.7090579285699001,79.81363479601926
1.2,5315.034548189717,0.7089302896307407,78.97689816147096
1.2,5056.8386174051575,0.7088147129615113,74.70417364925677
1.2,5853.976913516959,0.709201668873691,82.64321955078529
1.2,5610.844581829582,0.7090802502972531,81.24292018180219
1.2,5478.730033551748,0.7089567699063783,80.45821508561204
1.2,5217.598770946684,0.7088447456480002,76.21104207984655
1.2,5777.198337570586,0.709101285619015,82.71762430875637
1.2,5645.9285334743845,0.7089818560093093,81.92433448772987
1.2,5376.996845692969,0.7088732766684258,77.67193769965718
1.2,5943.909788464456,0.7091213870825945,84.15381185124764
1.2,5812.339136723642,0.7090055449789371,83.37064717756688
1.2,5535.70821201173,0.7089001848367094,79.0740343148002
1.2,5979.056695875583,0.7090280699540947,84.77407810315849
1.2,5696.052151772356,0.7089257017132911,80.45833185833426
1.2,5855.053607231449,0.7089498242894186,81.75145221505443
1.2,4074.0809246275217,0.7094365571968766,66.95335710514264
1.2,4074.0809246275217,0.7092615828500053,65.32617546987701
1.2,4009.767164831481,0.7090796595959608,64.99993907179444
1.2,4275.4315149433005,0.7094548178394176,69.1473949321871
1.2,4275.4315149433005,0.7092871211811774,67.5711834411365
1.2,4206.699838381183,0.7091138181477767,67.25299800588203
1.2,4043.550342210323,0.7089407617027403,65.43807871001252
1.2,4477.011222752262,0.7094717739188651,71.26932392465356
1.2,4477.011222752262,0.7093101806756024,69.78730405192883
1.2,4404.735153415395,0.7091446952582446,69.41400868261739
1.2,4235.926749944173,0.708979617565884,67.48037707635534
1.2,4077.355116716039,0.7088066225434675,65.8711679991581
1.2,4677.646423764954,0.7094876625633805,73.29947780087682
1.2,4677.646423764954,0.7093314703625777,71.88791614167975
1.2,4602.242762300873,0.7091729930696634,71.48362985494298
1.2,4427.732803660695,0.7090153315748174,69.49016804784989
1.2,4263.311293324648,0.7088494405424601,67.9928839768688
1.2,4174.218416997812,0.7086879401479177,69.35844247237587
1.2,4115.654408607448,0.7085370587586755,64.62345106254469
1.2,4877.887093639233,0.7095016455905433,75.3658645167768
1.2,4877.887093639233,0.7093506299718548,73.92594699977603
1.2,4801.304645205017,0.7091988239672088,73.4712979943501
1.2,4618.1658229286695,0.7090481303071583,71.46373601041344
1.2,4448.80613548307,0.7088885495565601,70.02136371371098
1.2,4356.948596140269,0.708733657386518,71.4345312513006
1.2,4292.5811228939065,0.7085886407441951,66.5712822678165
1.2,5078.1011934087865,0.7095141990846427,77.37336940163522
1.2,5078.1011934087865,0.7093682515488123,75.89897688434843
1.2,5000.875698361284,0.7092225384223912,75.36436191662685
1.2,4809.3712491897495,0.7090782419526509,73.35735825562136
1.2,4633.85235507954,0.7089247606749169,72.01878951118451
1.2,4540.244720727199,0.7087760362713071,73.5872103155646
1.2,4471.96131677478,0.7086360971316151,68.48143702391093
1.2,5277.450373840084,0.709526039244153,79.26372109515376
1.2,5277.450373840084,0.7093846902659723,77.72180963654402
1.2,5198.95587080407,0.709244606949743,77.1860174923551
1.2,4999.998355223198,0.7091062508130638,75.17553809458134
1.2,4820.911657451349,0.7089580650013639,73.92735847612664
1.2,4722.588838891171,0.7088149474937867,75.47579352550763
1.2,4647.717161186609,0.7086799953205427,70.30939169480081
1.2,5475.960593280548,0.7095371653634536,80.8693812266143
1.2,5475.960593280548,0.7094000636931533,79.46624379823545
1.2,5395.589118932727,0.7092650264949408,78.96683360325488
1.2,5189.622525393331,0.7091321519177989,76.93770458733981
1.2,5005.422136627569,0.708988925699067,75.75406310959524
1.2,4903.800316033299,0.7088510839016323,77.3275315294839
1.2,4824.70800257386,0.7087206728607949,72.07743602268987
1.2,5674.5473504074935,0.7095474570906519,82.51826533856227
1.2,5674.5473504074935,0.7094143704586157,81.09053051042139
1.2,5589.500297876796,0.709284150673929,80.67461210437123
1.2,5378.809099792411,0.7091564142338442,78.5826025391708
1.2,5189.644162211095,0.7090175722569191,77.47965104806784
1.2,5084.758006760347,0.7088845544772144,79.15037573154262
1.2,5001.008432258619,0.7087582356760622,73.81524648100071
1.2,5873.454358869766,0.7095572728703435,83.9185877747482
1.2,5873.454358869766,0.7094276092850704,82.66251841127847
1.2,5779.8888321988325,0.7093017396576724,82.3290674756179
1.2,5567.872137033685,0.7091789159421571,80.19298456234452
1.2,5373.204419290314,0.7090443533806684,79.12893944775396
1.2,5265.300174467425,0.7089159396468027,80.91352963900108
1.2,5178.811704898539,0.7087920878586703,75.51533001027313
1.2,5976.479113041044,0.7093182668914733,83.92870760686003
1.2,5757.127514447807,0.7091998907806801,81.78639271806286
1.2,5556.499113394604,0.709069382954532,80.75865669931463
1.2,5446.594771231549,0.7089453515565101,82.62553818326418
1.2,5356.8959835673,0.7088240954570486,77.16118557364152
1.2,5947.547099709422,0.7092196918594318,83.34396344819578
1.2,5741.255178781294,0.7090928936429359,82.36240774968125
1.2,5627.0209443310105,0.7089727852904146,84.24763185483278
1.2,5533.634202598799,0.7088548404356991,78.7533521739281
1.2,5925.628893018282,0.7091151189445605,83.93345121462735
1.2,5807.838305229286,0.7089988256157451,85.80842555923262
1.2,5710.281627184433,0.7088844369816552,80.30175184596784
1.2,5988.679334190384,0.7090234694600922,87.34674863791162
1.2,5885.819499907734,0.7089122942586894,81.80111212174445
1.2,4079.760886944864,0.7077076229749194,67.55055328914057
1.2,4079.760886944864,0.7075479753594475,66.0141169647305
1.2,4015.2543731052942,0.7073829743293796,65.7067364275037
1.2,4271.999408245509,0.7077237643480123,69.61677191763732
1.2,4271.999408245509,0.7075699289631492,68.17869132055621
1.2,4204.121164028743,0.7074123734863864,67.81742304524785
1.2,4044.0817029236136,0.707255191299809,65.93158685172642
1.2,4463.333984333163,0.7077388894318798,71.60603389052116
1.2,4463.333984333163,0.7075901973783535,70.22395685905057
1.2,4392.48295287733,0.7074393163470764,69.83883825393096
1.2,4227.007051373932,0.7072891984036663,67.89450989197566
1.2,4071.082547961704,0.7071312300238544,66.43496969303746
1.2,4654.296636377831,0.7077522003626393,73.62436687794975
1.2,4654.296636377831,0.7076084376846806,72.2210468747837
1.2,4582.331057066344,0.707463910032525,71.78020594318589
1.2,4408.622754894822,0.7073204289493407,69.8220614334358
1.2,4247.986424682878,0.7071684726166096,68.4161545565621
1.2,4161.361355990117,0.707020967555806,69.80022532966132
1.2,4100.930341673323,0.7068828551649324,65.05111926463748
1.2,4845.236524962297,0.7077641503801372,75.58519461321701
1.2,4845.236524962297,0.7076252135785507,74.14817582129686
1.2,4772.665317603786,0.7074864883252512,73.62916460960432
1.2,4590.976535281317,0.7073491003671232,71.67152477086653
1.2,4424.462742673502,0.7072029548668831,70.36701272013515
1.2,4336.171546913045,0.7070613266108882,71.9027245396837
1.2,4272.002468925927,0.7069280534149002,66.91668590527344
1.2,5035.3493128302725,0.7077754212759153,77.43157895566338
1.2,5035.3493128302725,0.7076408632268097,75.92857978368734
1.2,4961.575531613169,0.7075074992709348,75.40837067191717
1.2,4772.777181362012,0.7073757691307629,73.44729329147268
1.2,4602.859830051219,0.7072346684754023,72.23107396504957
1.2,4510.073724327684,0.7070983824130903,73.7472003677672
1.2,4439.614587583093,0.7069698616826704,68.70195246995397
1.2,5224.660463903577,0.7077860123921167,78.99985711719114
1.2,5224.660463903577,0.7076554985861879,77.63240176030068
1.2,5149.103855277817,0.7075269400211726,77.14769296063837
1.2,4953.620900783473,0.7074004306040668,75.16835465800231
1.2,4778.823876548075,0.7072640546298531,74.01516742451254
1.2,4682.89442249945,0.7071327949728877,75.55569549016718
1.2,4608.406403429066,0.7070086016922555,70.4287006161027
1.2,5414.0451684961145,0.7077958091780677,80.61036974004196
1.2,5414.0451684961145,0.7076691183776416,79.2188592772725
1.2,5334.034488649633,0.7075451472911276,78.81567011982264
1.2,5134.045901249925,0.7074235313891382,76.77485643713311
1.2,4954.511155815373,0.707291331972034,75.70048377050145
1.2,4855.473240142834,0.707164668234969,77.3359822442664
1.2,4776.540119819818,0.7070443745333319,72.12593258340507
1.2,5603.733501235929,0.7078051528515128,81.97807020740208
1.2,5603.733501235929,0.7076817214102229,80.75423778734839
1.2,5515.604589761456,0.7075618927945189,80.43157135971825
1.2,5314.3551467100415,0.7074449555663207,78.34765486921277
1.2,5129.567703484324,0.7073168326367598,77.31126786317346
1.2,5027.6547508739695,0.7071945550569821,79.05796158064643
1.2,4946.107997410756,0.7070766129038054,73.786346140892
1.2,5793.857337053282,0.7078138150668125,83.50115679182647
1.2,5793.857337053282,0.7076934201804318,82.41098720193654
1.2,5703.093780334933,0.7075776273103056,81.99393023516267
1.2,5494.847268638193,0.7074649257414275,79.90388577330923
1.2,5304.371282826694,0.7073406651426675,78.9029463957848
1.2,5200.554776684941,0.7072225623355765,80.72998459307432
1.2,5115.943700206376,0.7071070940501172,75.39378204163035
1.2,5982.928661372242,0.7078220233514741,84.9014946943764
1.2,5982.928661372242,0.7077046683186536,83.9233107354983
1.2,5888.618226554989,0.7075925760084978,83.54784388760865
1.2,5676.448578822336,0.7074837781576881,81.42511361093503
1.2,5480.568589877349,0.7073630510939938,80.46926858297338
1.2,5372.625074577902,0.7072486854847888,82.31417600416097
1.2,5284.495033572527,0.7071363722646661,76.94875753529925
1.2,5855.984533108675,0.7075016239678185,82.93560278730735
1.2,5656.399461198614,0.7073842128731618,82.00364491813441
1.2,5545.067512174963,0.7072734814122132,83.83848391185505
1.2,5452.957262257222,0.7071645563477107,78.46096774912512
1.2,5831.930637037098,0.7074042608935635,83.50364657806439
1.2,5717.531157917938,0.7072969472517661,85.34084939885943
1.2,5620.358747356805,0.7071910837295794,79.92527827857522
1.2,5889.11656106212,0.7073188555168026,86.78593616864289
1.2,5789.74962782136,0.7072161746861494,81.39448325027219
1.2,5960.553418952735,0.707240050337636,82.78505716784272
