K,Rem,prandtl,nusselt
1.2,5994.113792232537,0.7075155229183749,88.83969086641659
1.2,5986.772393332333,0.7074660543416014,88.78311833796771
1.2,5979.115835085968,0.7074144019300216,88.71627426994367
1.2,5971.163171889384,0.7073609131195843,88.65162445613885
1.2,5962.915493141953,0.7073053718731864,88.58797397425018
1.2,5954.3739265588365,0.707247900382653,88.5158328631926
1.2,5945.48602456475,0.7071881725615461,88.43111629891696
1.2,5936.32459909558,0.7071265356007855,88.36927713683994
1.2,5997.294487721541,0.7070725954138036,85.77364690686152
1.2,5926.890820300728,0.7070629999635261,88.29893264546087
1.2,5987.042021583453,0.7070054830735917,85.69977934699212
1.2,5917.150302580867,0.7069975764083706,88.20759928953353
1.2,5976.481819890677,0.7069363887909316,85.61727841980624
1.2,5998.626581914135,0.7070881099648361,86.88782204156902
1.2,5907.122209920708,0.706930164853229,88.13039791517265
1.2,5965.597444691003,0.7068652139300455,85.53315530230476
1.2,5989.813798401836,0.7070280994331043,86.8165641097359
1.2,5896.772418724435,0.7068607773033274,88.05248888733786
1.2,5954.390535261302,0.7067988797059003,85.4492644587021
1.2,5980.7429365093285,0.7069664128101038,86.7421015984971
1.2,5886.155620325715,0.7067971930518191,87.97030628739995
1.2,5942.982039550477,0.706746802981483,85.37362268830505
1.2,5971.433040157936,0.7069031703974415,86.66996180405089
1.2,5990.4904081214245,0.7068100760411846,85.81328362164673
1.2,5875.280870323938,0.7067464969912628,87.88118153768504
1.2,5931.450125601301,0.7066933157332241,85.2855515030503
1.2,5961.831341193735,0.7068379377090407,86.59463189197595
1.2,5979.9016560763375,0.7067613421408249,85.73966146528242
1.2,5864.328413171488,0.7066943079499614,87.79763170616812
1.2,5919.572812836336,0.7066381996901229,85.20614574772324
1.2,5952.028675053449,0.7067846236477319,86.51086979216176
1.2,5969.272227679131,0.7067115640127515,85.66378987925235
1.2,5853.136057374752,0.7066410171222784,87.7140080468614
1.2,5907.438675769488,0.7065819986130062,85.11088928353658
1.2,5941.972325465451,0.7067373191504526,86.44038063072024
1.2,5958.45788236853,0.7066605200619405,85.57700874188899
1.2,5841.653595487935,0.7065864046088518,87.62053636381515
1.2,5894.997205562586,0.706524342058218,85.02733767545338
1.2,5995.945483756665,0.7068794149709474,89.00192843778723
1.2,5931.8980334762255,0.706688965743342,86.36264616720314
1.2,5947.398731369652,0.7066082950480339,85.50131324082153
1.2,5829.89967827992,0.7065304802118495,87.53562279421365
1.2,5882.25014685439,0.7064654681798812,84.92533116305067
1.2,5987.222536589959,0.7068198763177882,88.92855109288018
1.2,5921.602816676697,0.7066393418512066,86.2820909091945
1.2,5936.043717623704,0.7065548214838476,85.41518440869572
1.2,5817.858691537519,0.7064733295440351,87.44554881049936
1.2,5869.21652859439,0.7064051607390688,84.83397859869135
1.2,5978.2772059024,0.7067759669557282,88.86295177975812
1.2,5911.080238063448,0.7065887598806133,86.19932506024982
1.2,5924.463951382084,0.7065002598346333,85.32749880583174
1.2,5805.566347247679,0.7064148868346833,87.34673658454524
1.2,5855.880856175932,0.7063435067971201,84.74055155450634
1.2,5969.146336839561,0.7067328844882486,88.79265366880607
1.2,5900.331387870237,0.7065369990436311,86.1177055988771
1.2,5912.608517171175,0.706444467258245,85.23800954800973
1.2,5792.99003461876,0.7063552377032285,87.25140210117718
1.2,5842.26216173387,0.7062806678100314,84.63826983149264
1.2,5959.968777053055,0.7066888131268706,88.71742644782711
1.2,5889.340081968277,0.7064841432831825,86.03350857622345
1.2,5900.496238207348,0.7063875285057024,85.15021107429708
1.2,5780.148406165425,0.7062943171338183,87.15515119796304
1.2,5828.345086735987,0.7062164299488493,84.53777103367756
1.2,5950.63791999259,0.70664360641497,88.65034257564241
1.2,5878.07300459184,0.7064300496167953,85.94593093618425
1.2,5888.093924255206,0.7063292272171662,85.05304164674818
1.2,5766.992176944694,0.7062319862750763,87.04990788272487
1.2,5814.097341131636,0.7061507312071233,84.4283407582305
1.2,5941.145403534506,0.7065977272947096,88.57317718789976
1.2,5866.617758262569,0.7063749530516575,85.86652929135029
1.2,5875.455037106783,0.7062698740825505,84.9677849691031
1.2,5753.5909736957465,0.7061685557715275,86.94553319119731
1.2,5799.589383255813,0.7060838823438734,84.32476707764171
1.2,5931.457101844833,0.7065509524711349,88.4950251281401
1.2,5854.9409277502,0.7063189363787403,85.77222780616795
1.2,5862.598196807623,0.7062094031435692,84.87115575851026
1.2,5739.929455591886,0.7061038867403971,86.8465693193707
1.2,5784.788919889883,0.7060158202609293,84.22233465178184
1.2,5921.556488039261,0.7065032119680745,88.4187701395244
1.2,5843.0093529079695,0.7062617071989163,85.68152870180359
1.2,5849.455872414808,0.7061478239120218,84.77566744155146
1.2,5726.009301153668,0.7060381388850755,86.74046368827202
1.2,5769.731965604899,0.7059464829088979,84.1121608770658
1.2,5911.461876889979,0.7064544365406586,88.34094001829716
1.2,5830.8415790769095,0.7062034993007024,85.59136188302757
1.2,5836.081310736654,0.7060851460441985,84.6755506833954
1.2,5711.832215293761,0.7059711005106382,86.6303638932604
1.2,5754.36947911425,0.7058758829788417,84.00031501114015
0.3,5711.71413940648,0.7073179564444717,115.14508235866816
0.3,5190.808435789515,0.7070741577156254,110.74058217761078
0.3,4702.621815127237,0.7068263019861121,104.52984253624663
0.3,4355.506730224044,0.7066495476464718,102.88482497071055
0.3,4081.076204527327,0.7064749928672993,99.08286998254692
0.3,4023.496944886285,0.7063004694764725,97.2394580280489
0.324,5758.118472804559,0.7073061582754037,112.34124981738204
0.324,5015.4654257791735,0.7070702520932667,105.05458612186308
0.324,4793.006984130523,0.7068239753127025,95.65136157659974
0.324,4402.888502519948,0.7066582337152835,97.2329594240409
0.324,4055.4130408701735,0.7064880011541904,92.80019082634564
0.349,5740.65093503238,0.707345613559599,108.67879159980444
0.349,5336.172592442504,0.7071266473653722,102.98401421871807
0.349,4907.289686471895,0.7068971744949021,100.95866872127388
0.349,4529.730012081113,0.7067102655457574,96.30493067635628
0.349,4304.523029095562,0.7065486010336848,96.53734795127856
0.349,4118.9108010506,0.7063839133019034,90.81704269676855
0.349,4067.018749358195,0.7062249547067225,88.760789828794
0.373,5964.068581699278,0.7074036975892617,113.67646662749247
0.373,5457.323716304762,0.7072028428560384,110.6198345142155
0.373,5048.754238036835,0.706993011411025,105.90657545957065
0.373,4798.858495502988,0.7067896046147738,105.51074403682917
0.373,4611.157483948095,0.7066369053087109,98.94765362379562
0.373,4439.344466548964,0.706482857469073,98.12427410013926
0.373,4277.0824843987375,0.7063329089987382,96.50658387060044
0.373,4272.960060754978,0.7061836317030846,98.12045935436632
0.373,4126.790491336913,0.7060330948945794,94.89099645955112
0.373,4072.57193173774,0.705888481930386,94.82802274124988
0.398,5979.090529821636,0.7073968260107145,109.05886336963113
0.398,5595.627649224832,0.7072077716753488,106.4790455941747
0.398,5235.1195745292,0.7070147283692868,102.97350766374268
0.398,5171.090063775481,0.7068037870282443,96.95427217160864
0.398,4812.388238942454,0.7066583099232193,95.2440970935329
0.398,4555.352781212389,0.7065175995414699,95.65152764851187
0.398,4434.212043374197,0.7063631368683752,94.54648628438537
0.398,4436.917461904951,0.7062088052169301,92.31511799578904
0.398,4182.6055140115495,0.7060703576937828,91.71380122270826
0.398,4217.603408357556,0.7059315626742415,87.84722230071681
0.398,4144.243425201273,0.705819163879046,85.79282325045097
0.422,5910.904409791702,0.7072920057576874,107.56068058005972
0.422,5547.445732489956,0.7071035197800984,102.22170531493828
0.422,5037.450785830042,0.7069085009630671,100.78566425543364
0.422,4814.560036033843,0.7067398426967287,97.76456131018324
0.422,4626.175655075959,0.706598487404244,95.5385332410776
0.422,4533.345216436857,0.7064609339925632,96.3687000454176
0.422,4460.451290532704,0.7063258465075579,94.75662921268004
0.422,4499.686727288969,0.7061874395707107,93.30641295960272
0.422,4328.242390456005,0.7060525352225288,93.50494300917244
0.422,4220.571984064081,0.7059432321231959,92.62664517960202
0.447,5986.629574796431,0.707279430579684,107.1777430237788
0.447,5583.11554809678,0.7071009510013375,101.9909028642714
0.447,5266.939578341866,0.7069129437299349,98.80049660203196
0.447,4769.120631542739,0.7067500161211023,99.19288316704952
0.447,4987.8572442689,0.7066146075822862,95.32442911973584
0.447,4636.2676240993205,0.7064754465216714,93.42636334774116
0.447,4392.105466913972,0.706350349100006,94.19064870318462
0.447,4539.526508372921,0.7062321359063118,94.34058487948806
0.447,4486.510779596437,0.7061059699884173,90.04822839167129
0.447,4440.283362617745,0.7060000398681049,89.0246625349929
0.471,5916.083963682966,0.7072960487460233,102.67787881283732
0.471,5537.316130915178,0.7071048600881313,104.15006993509152
0.471,5061.558882583037,0.7069307205163515,91.46479138985836
0.471,4833.144349598089,0.7067576682348379,91.395452162784
0.471,4799.4473034281145,0.7066115651830012,93.51568665520976
0.471,4626.141176739246,0.7064942053539864,92.46740759919706
0.471,4443.851184994383,0.7063748024889525,86.08371822927195
0.471,4643.640762866754,0.7062319862750763,90.91436370326196
0.471,4466.666654523867,0.7061090208011231,86.95514094840507
0.471,4212.819003490496,0.7060105589164255,84.72664911491286
0.496,5821.903549867863,0.7073036867854998,103.31744593216536
0.496,5517.979189578598,0.7071088813234516,102.10512512681964
0.496,5236.919691915035,0.7069393900188383,96.25458780181032
0.496,4928.027911623866,0.7067704528606394,93.0022044589578
0.496,4846.023479020465,0.7066327180977453,94.14980386264648
0.496,4653.362555670387,0.706518129780686,91.37004009130683
0.496,4655.892295348298,0.7063917469594941,90.4459581087958
0.496,4593.053799251998,0.7062542171967185,88.46699246188788
0.496,4467.0597321899895,0.7061501348088095,91.00879480134702
0.496,4375.538867320715,0.7060747411815396,86.22962113214601
0.52,5845.543389491468,0.7073029004392084,99.63494402916304
0.52,5396.998123446845,0.7071249709344246,97.80165159034227
0.52,4944.131651370569,0.7069421691661086,96.1174092626269
0.52,4936.468089871699,0.7067765031177641,93.66571961753422
0.52,4787.855196728193,0.7066524426424142,92.12411100229195
0.52,4754.005620122784,0.7065279792863314,94.09186857304776
0.52,4741.501772006557,0.7064060653193346,93.779967643501
0.52,4453.174426460692,0.7062853916594105,89.49419828643225
0.52,4506.585386758195,0.7061620657264241,90.06075793293442
0.52,4475.032769885225,0.7060613704595406,87.32155991273804
0.545,5376.953217247018,0.7071528101946642,99.41152428219004
0.545,5456.710003965077,0.7069825475943464,99.28448832513692
0.545,4953.49510115767,0.7068141417914284,93.8062063355519
0.545,4857.607328539085,0.7066930104442696,95.5773146315339
0.545,4732.686269334367,0.7065719742906992,94.1564928894303
0.545,4681.139170540586,0.7064544365406586,92.82304822511416
0.545,4670.160643144091,0.7063366665254306,92.45462060384384
0.545,4768.852106307686,0.7062171028409515,94.67936488405996
0.545,4609.71875650593,0.7061263660764588,91.57824374373403
0.569,5664.629244665744,0.7072180796515343,102.79817258532452
0.569,5229.266022121706,0.7070624421703244,99.3213715480859
0.569,5169.85212827725,0.7068987288881443,97.25428554483702
0.569,5003.24128591095,0.7067547601360286,97.16695074109178
0.569,4964.77011671195,0.7066394941435897,95.97085082320626
0.569,4854.023446580091,0.7065252513117258,94.1461727766588
0.569,4736.536947345319,0.7064110411444048,94.03604304434806
0.569,4694.114215154774,0.7063011448337861,94.61121974986604
0.569,4745.479473576681,0.7062118697556592,94.5261500304696
0.594,5913.035771143362,0.7072059792964002,99.26880456730156
0.594,5693.819591180037,0.7070481657244483,99.81292808832792
0.594,5342.555181902489,0.706885296801007,97.16752826331764
0.594,5065.16292841267,0.7067477209762226,94.92588156696124
0.594,5049.694332464024,0.7066358394016482,93.47025987580452
0.594,4951.677355771664,0.7065263879287845,93.71881274598616
0.594,4841.647023763832,0.706416168873774,92.30554711871936
0.594,4788.647117715374,0.7063057978339187,91.96373898822864
0.594,4827.81120984984,0.7062138133337581,90.06594265769515
0.618,5764.506061461543,0.7072211053997475,99.0752590590095
0.618,5662.467592957181,0.707069471021671,97.01956745545404
0.618,5549.499596855302,0.7069213865623514,97.29703799712917
0.618,5375.780246228578,0.7067817121896731,94.71059957964223
0.618,5248.05821568135,0.7066723364327377,92.5262995324888
0.618,5167.202830972716,0.7065645347905609,90.6422463788243
0.618,4992.017755917252,0.7064649391455554,92.42308669808274
0.618,4953.00704320502,0.7063629863827986,91.39198578780514
0.618,5138.68949934232,0.7062755701406417,93.06345133670372
0.643,5985.326984009843,0.707245096591375,97.88003960987356
0.643,5621.4074602758365,0.7070968190178595,96.27210569722384
0.643,5561.715034714956,0.706945504438019,94.60513538667138
0.643,5418.699261741285,0.7068009498568518,93.95883112512286
0.643,5364.222636753586,0.7066962925102381,92.4533515969963
0.643,5203.888082601739,0.7065909634156781,92.99978486098988
0.643,5210.873363771191,0.7064912543686702,93.50612679569622
0.643,5169.155363140748,0.7063905416082883,93.03029958743612
0.643,5102.563510812576,0.7063053475024659,91.88379393512842
0.667,5852.162936834526,0.7071152492342654,95.50087857406471
0.667,5720.542733169454,0.7069693053896193,95.9212690257126
0.667,5407.773449932844,0.706824307685004,95.48831142169058
0.667,5450.120185474226,0.7067161474157492,95.11657484106355
0.667,5367.619367204663,0.7066118694050035,91.9932948143493
0.667,5113.674169236196,0.7065126007397268,90.82407351205964
0.667,5193.142153365055,0.7064123229700038,91.5819015712136
0.667,5129.1865546601775,0.7063284007756561,89.53887181793542
0.692,5860.2320698339845,0.7071609761460822,99.25980771035807
0.692,5658.178740228259,0.7070247561825244,97.09092505837174
0.692,5521.418439019899,0.7068919566866619,97.51532647452886
0.692,5571.106168557879,0.7067731331608853,95.9252669594428
0.692,5380.492756118021,0.7066787426505617,96.87507436375238
0.692,5387.628878498844,0.7065849611732842,96.67052591343408
0.692,5360.303986434876,0.7064881524563534,95.39874487940055
0.692,5216.453112178921,0.706406894549048,95.04977048594355
0.716,5918.967554509069,0.7070051489525593,93.766576125857
0.716,5687.257377923199,0.7068737560431776,95.8565375495842
0.716,5695.300437915133,0.7067588928059118,93.24140778421744
0.716,5636.832437652433,0.7066660082106223,90.73519954271262
0.716,5365.123671873128,0.7065722020681291,90.86903298974848
0.716,5395.443926939618,0.7064718931338099,89.97122491487308
0.716,5322.355507845706,0.7063887336995232,90.880314976668
0.741,5676.600794231345,0.7070289910211682,93.18469771604948
0.741,5830.178068211631,0.7068980627110405,94.08999516171528
0.741,5840.317895400116,0.7067790309046116,92.46901968155755
0.741,5787.249556407343,0.7066888894349812,92.85718964804308
0.741,5566.597126046585,0.7065982593687714,91.97585143872332
0.741,5544.2494037836805,0.7065013195315397,89.79915892320427
0.741,5428.8102358534825,0.7064203171349571,89.4397576997602
0.765,5852.113579878837,0.7071634374949856,96.87722512437792
0.765,5767.814384708097,0.7070366819221967,95.70005226155996
0.765,5796.175750459329,0.7069058355773624,93.30926840521276
0.765,5779.6550428010205,0.7067827081739582,94.89717599998784
0.765,5650.31481932418,0.7066936973500444,92.871132477113
0.765,5469.111898542743,0.7066049493398356,91.03961992044312
0.765,5476.583170882036,0.706509041644485,89.64019676518703
0.765,5504.326583937053,0.7064318607635377,90.30577736468288
0.79,5842.966728757291,0.7070502845121823,91.97106989956796
0.79,5793.941247745622,0.7069171648880781,94.76419873283324
0.79,5707.014701615824,0.7067945866440464,90.4044682588234
0.79,5711.125647201958,0.7067087380301469,93.39828118709484
0.79,5603.646542715612,0.7066195523308676,93.45384136117434
0.79,5437.850131951736,0.7065269941473454,94.17875394270052
0.79,5399.213536731541,0.7064506597915072,91.12293258041016
0.814,5940.879974662925,0.7069396123423912,94.2846114366494
0.814,5777.164198742743,0.7068129143206161,91.10681631130711
0.814,5619.797076226724,0.7067258519257505,91.24242239971475
0.814,5638.9460003076965,0.7066411694256332,88.69268838355417
0.814,5524.6878410760255,0.7065486768827842,90.97273910682388
0.814,5743.210266368185,0.7064690961698245,90.69065929895712
0.839,5958.925882776919,0.7070776173491585,92.2578106173518
0.839,5856.154985449689,0.7069545112810063,94.35096863547616
0.839,5785.001750233403,0.7068340586983967,89.91184209241622
0.839,5806.840882743615,0.7067434373097718,93.43466855085016
0.839,5710.464306242293,0.7066551094048078,90.482291877418
0.839,5579.387256608858,0.7065617266199034,90.05577332348203
0.839,5628.92393169565,0.7064862612504008,91.01134441557927
0.863,5998.813994883236,0.7070831981318492,95.12910398948584
0.863,5958.488821837165,0.7069656340800641,93.74490879886676
0.863,5950.953666485091,0.7068522384031204,90.83291946025454
0.863,5861.235364179166,0.706757591701279,89.36250957808328
0.863,5767.845326065164,0.7066703539130289,92.06987999268362
0.863,5801.640787347846,0.7065845053701709,90.65922169952655
0.863,5724.8080888228615,0.706514266887122,89.03685836427645
0.888,5803.298681728476,0.7068801917589647,90.27005742104431
0.888,5902.949035259629,0.7067814057415145,89.44933328571652
0.888,5919.676545760565,0.7066967505096982,87.81470027403965
0.888,5878.872412924623,0.7066103483348241,89.38586298833155
0.888,5799.920357775939,0.7065364683724997,91.7474799524176
0.912,5937.170598325764,0.7068958422135507,89.98273306291952
0.912,5913.689631872476,0.7067909075044557,90.89982213007433
0.912,5945.587132089148,0.7067077451986894,88.78569195377413
0.912,5954.202147548725,0.7066227479588202,90.32512224662756
0.912,5787.07706350336,0.7065478425563355,87.90752281752556
0.937,5885.477396814753,0.7068907356114077,87.82017879456934
0.937,5861.893987692239,0.7067958131526644,91.05074235042544
0.937,5827.01913240782,0.70671469590728,89.86241138949865
0.937,5730.681245099332,0.7065632445077787,87.05043410074788
0.961,5995.408367742632,0.706908723087832,89.01196468407336
0.961,5944.481043235496,0.706805474158311,89.09757510731798
0.961,5905.98109071571,0.7067228713708156,88.04182075045257
0.961,5764.120333149987,0.706645205828011,87.70074151594342
0.961,5666.850942324966,0.7065782769577574,86.7827185089369
1.01,5997.896907473703,0.7070402492972961,89.91443494933033
1.01,5963.976231460393,0.706738466183096,87.49405971282638
1.01,5840.070390319833,0.70666661808482,87.86344327228475
1.01,5748.811388885384,0.7065975752757877,86.12674214339603
1.035,5940.57652815762,0.7066864476994464,89.25103356797479
1.035,5867.011414690915,0.70661673749883,87.0656592984975
1.059,5974.611650229642,0.7069423915075504,88.86972296180078
1.059,5910.8209325018015,0.7066888131268706,87.11060820746582
1.059,5830.827139640598,0.7066209218319011,87.02699312533517
1.084,5889.096888126609,0.7066327942221234,85.54019667585389
1.108,5936.5434611615565,0.7067716781025742,87.30399817189863
1.108,5980.317831590102,0.7067032398028746,87.19934725186711
1.108,5875.0485511148645,0.706636676895941,87.0472135162196
1.133,5973.505884939281,0.7068574502077272,86.51199397426772
1.133,5936.575205324566,0.7067764265224339,85.94736402166313
1.133,5843.285373025691,0.7067056832992746,85.65501382777106
1.133,5829.787881957045,0.706638884980041,85.99019118223632
1.157,5810.111906555061,0.706709119899663,85.77268752405958
1.157,5844.0874908024025,0.7066482526333442,86.05917264773841
1.182,5971.853525739682,0.7069627418078406,85.42253749406689
1.182,5963.05119419337,0.7067746648991763,86.85093314386665
1.182,5866.252643888156,0.7067065996764905,85.94991828741212
1.182,5865.729740593079,0.7066484811598336,87.30373287343807
1.206,5968.151911013427,0.707064004013943,87.75831094870911
1.206,5948.062725146079,0.7069675253120329,88.20511109747137
1.206,5866.105649975524,0.7067773456829787,88.274475955216
1.206,5876.827184309841,0.7067082797949873,84.2118834295095
1.206,5859.937287733068,0.7066513760230453,82.8263472913868
1.231,5995.707816030354,0.7069647441243642,85.2321786934818
1.231,5911.219306786908,0.7068580047013747,86.71646876470406
1.231,5894.612546928588,0.7067779584767747,88.23412681495006
1.231,5815.75504101279,0.7067146195146011,86.50096896874673
1.255,5946.391754102671,0.7070611035033157,84.33168149863579
1.255,5878.806136609543,0.7069612957625095,88.4764119178946
1.255,5937.651804341262,0.7068614427609592,86.13160053463261
1.255,5822.23395425087,0.7067804098127676,86.02232423472375
1.255,5869.708934219726,0.706715918224192,84.89814492951562
1.255,5891.593424754099,0.706662501744108,86.07682341104562
1.28,5958.547816488377,0.7069719756779366,84.6913613202946
1.28,5912.962918674311,0.706873423193976,86.8595928172742
1.28,5920.232883443001,0.7067891447887045,87.90232020301367
1.28,5859.363657960896,0.7067245526626506,88.28199716426036
1.28,5858.685124490955,0.706671726408689,87.43755473651184
1.304,5946.84156357536,0.706979542615476,89.98413006015132
1.304,5938.086234557904,0.7068811905121114,88.25013753803955
1.304,5849.732790176449,0.7067981130298623,86.91836380204361
1.304,5756.306723230327,0.7067329609407983,86.6895240942561
1.304,5805.417341885343,0.7066765307808718,88.00284762118916
1.329,5916.079972027868,0.7069898941982253,87.21920676833305
1.329,5956.605082612667,0.7068936218589084,86.07138764318684
1.329,5838.666005109752,0.7068043238291463,85.80543087987188
1.329,5826.609946574096,0.7067406074616263,85.05658415301366
1.329,5847.7000052353205,0.7066852269276775,84.07271528954347
1.353,5868.328737472558,0.707093357465282,84.48659302922108
1.353,5892.1774515673405,0.7069943474454168,88.73987166543627
1.353,5898.263433074356,0.7068998392118907,85.05086344593819
1.353,5929.83329952021,0.7068083118789975,85.5585467438042
1.353,5910.3060777898645,0.7067437432598639,84.85543107484501
1.353,5861.077685929542,0.7066898051518112,86.22864612677026
1.378,5994.221676489862,0.7071958988898922,84.87501227624172
1.378,5983.419510412163,0.7071031847111943,83.26202488177908
1.378,5971.195863983036,0.7070023647361727,86.29813535805307
1.378,5816.63385117641,0.7069061687393212,83.28043339855581
1.378,5834.59336736526,0.7068139883540523,83.17039494037262
1.378,5811.002248459128,0.7067497100887404,83.87249314658006
1.378,5829.749190138379,0.7066967505096982,83.0464812546349
1.402,5956.272322664282,0.7071260885460435,83.53153440150359
1.402,5991.355749808945,0.7070272078680206,83.93708897107813
1.402,5841.95784465174,0.7069308316500489,83.3085973532376
1.402,5882.455077238629,0.7068336154106803,86.29077492827808
1.402,5880.801706890327,0.7067614952327914,84.36033297928519
1.402,5925.520361740421,0.7067065996764904,84.63541855313181
1.427,5997.679720291003,0.7071418507084551,83.4253080279
1.427,5934.65419744873,0.7070498384408254,84.05170575597855
1.427,5880.624355433853,0.70695773652412,83.19250730395798
1.427,5928.539327274985,0.7068575611057436,83.1240715768745
1.427,5855.158268043828,0.7067752010313167,85.1010205637748
1.427,5852.306812844488,0.7067174462104755,83.37714397221431
1.451,5985.128141094459,0.70715034960018,82.94172977842678
1.451,5921.678167968459,0.7070574224360002,83.28320400755611
1.451,5870.820206640176,0.706967414060228,81.36263324334749
1.451,5814.548762628455,0.7068682089756796,83.34739768989256
1.451,5816.598401122533,0.7067840106790335,83.19348604737476
1.451,5864.665399316018,0.7067266926639852,84.69049278016746
1.476,5983.357691691182,0.7071586268396778,81.35675158569212
1.476,5889.125536649887,0.7070693594414532,83.53126234008866
1.476,5836.969628708755,0.7069809894245427,84.40387254206425
1.476,5845.735839227073,0.7068816344116782,83.77447531177035
1.476,5849.690165165917,0.7067912140772937,83.55495372700271
1.476,5780.111064322632,0.706730896809928,85.2098283404154
1.5,5975.211631210371,0.7071673536374995,82.67136667060782
1.5,5990.36140701337,0.7070801843974676,81.19110929961407
1.5,5888.038040527873,0.7069904508227534,83.31235217509564
1.5,5898.910590506423,0.7068929557803688,81.91463156223479
1.5,5869.902180318508,0.7067993397235971,82.84197498446088
1.5,5776.706410966266,0.7067378544253331,84.26238204494301
1.2,5951.963499632989,0.7075052394218037,82.24967096431982
1.2,5557.791482989021,0.7073839876801041,81.88853046140524
1.2,5479.892675168539,0.7072651767316843,80.91475344465726
1.2,5259.76796031877,0.7071474418500615,78.8631756116242
1.2,5186.403766238139,0.7070272078680206,78.38681040305734
1.2,5061.423284818612,0.7068982847686467,76.98382995131928
1.2,5012.49690008829,0.7067887616072273,73.51934612119972
1.2,4800.197945100051,0.7067075160897447,75.82059541601187
1.2,4785.3498486199815,0.7066181829105322,73.90907900901634
1.2,4723.559338178659,0.706530631791767,73.22441841982355
1.2,4680.118208856136,0.7064635788271367,72.09922171504344
1.2,5911.011189780765,0.7075104372937807,81.40236276132059
1.2,5648.032411568173,0.7073870279093497,79.49781977079708
1.2,5441.622386655891,0.70726764548334,80.9347391758335
1.2,5238.29418915406,0.7071509088108615,79.14291434269549
1.2,5167.9696617479885,0.7070302169922797,78.44288425496792
1.2,5064.5296193820905,0.7069023930920582,76.82757132799118
1.2,5040.2835041760845,0.706791520654155,74.00670120567167
1.2,4820.494118175517,0.7067143139463901,73.68841936792023
1.2,4819.350284955953,0.7066273900105965,75.36342976302603
1.2,4792.0425458948885,0.706539576761943,76.31286358227187
1.2,4782.467747518095,0.7064736319575524,73.46644069438166
1.2,5910.674095195029,0.7075141666792963,83.637721101011
1.2,5784.916889995349,0.7073895053295792,80.7248194577674
1.2,5499.217624640504,0.7072687677011993,82.18067470138408
1.2,5363.416682858981,0.7071538168518442,79.96471003930723
1.2,5143.127233778276,0.707036458973466,79.04806199033332
1.2,5096.846835355478,0.706912610502587,77.8764240102466
1.2,5083.828208542749,0.7067988030371645,75.44240679519865
1.2,4920.887702333382,0.7067211137862544,76.3704073856912
1.2,4837.738519152493,0.7066318046246479,74.32607181402356
1.2,4783.717065445649,0.7065373781018773,76.12008511885504
1.2,4724.766016629462,0.706475673352193,72.85143548886089
1.2,5939.537738215608,0.7075195919521021,82.11931566298925
1.2,5828.486190199682,0.7073958122860917,81.12810605664842
1.2,5532.694417193514,0.7072790938071492,82.01460133864555
1.2,5363.232801484697,0.7071666822673671,78.36181990623452
1.2,5215.948126918172,0.7070458240573574,78.6636007785438
1.2,5154.013347082803,0.7069186090869792,77.35629728971145
1.2,5079.5099448824585,0.706803556974489,75.61545642812878
1.2,4929.120625099385,0.7067288328617478,75.09006603606213
1.2,4898.142385829561,0.706641778649027,74.04317300740031
1.2,4892.476591845658,0.7065476150179685,76.42523850279343
1.2,4784.4472929325575,0.7064855804540857,73.72117031259258
1.2,5811.565843085349,0.7073994167744548,82.90169383703605
1.2,5579.13361511808,0.7072789815503633,80.59052265826294
1.2,5362.272692025408,0.7071641088022877,78.99214637518503
1.2,5218.030088104831,0.7070469391171607,79.41627033755405
1.2,5159.353534366791,0.7069289424258304,77.82564019406007
1.2,5138.593079340931,0.7068113800727259,76.24569282403434
1.2,5034.262552905799,0.7067330373935985,76.93346248108982
1.2,4988.546663282466,0.7066487096885684,76.76324883144818
1.2,4973.916299178997,0.706557021798562,77.0664039506384
1.2,4893.985498326115,0.7064920866597744,75.16420020539984
1.2,5996.624740106286,0.7075184616173327,85.4160424671687
1.2,5861.469181930564,0.7073972765644689,81.95632766657452
1.2,5532.163612407011,0.7072838089197712,81.52649492440726
1.2,5320.226804024223,0.7071688083173847,80.4139441000919
1.2,5291.374990144875,0.7070490578297869,79.04929972809099
1.2,5196.05574586418,0.7069314984597433,78.30034744319725
1.2,5163.156380230225,0.7068129910356536,77.09371563348921
1.2,5014.484813862904,0.7067332667535029,76.27526714995724
1.2,4959.168159755126,0.7066479479348505,77.84310565749503
1.2,4948.573128961293,0.70656066415748,75.45995330573746
1.2,4781.093372098037,0.7065011681432981,75.7923659255581
1.2,5875.927645018818,0.7074051621994074,81.5868773592078
1.2,5667.213099756593,0.7072914442687355,82.68967947844317
1.2,5463.662659414595,0.7071730608085485,81.09848718807285
1.2,5297.998665682033,0.7070530725884465,79.51893231884638
1.2,5187.577982222849,0.7069397235047041,80.8313581634588
1.2,5188.440689785524,0.7068244184764835,78.09231466302002
1.2,5030.805497162515,0.7067392309028632,76.78922725926734
1.2,5004.402409029672,0.706653356926513,77.51776768011639
1.2,4998.2153381842445,0.7065693929694066,77.78283653549144
1.2,4910.007898075292,0.7065120706270509,76.51145546007717
1.2,5876.395476596163,0.7074032469523835,80.67137563913847
1.2,5591.266246139861,0.7072945887237444,82.15622602654419
1.2,5482.933713231005,0.7071777615371895,80.62912533086556
1.2,5355.342136552048,0.7070577570623051,78.47652048284257
1.2,5228.688290533179,0.70694661626689,78.25978344731494
1.2,5266.226349248094,0.7068305125562386,77.8931872988278
1.2,5097.610857676626,0.7067424429996834,80.0336227489954
1.2,5069.677148969937,0.7066570906261972,78.1069148589005
1.2,4968.007950434077,0.7065748596366817,76.9219563656332
1.2,4914.670366774024,0.7065185085304132,77.00371880655155
1.2,5895.099609528604,0.70741045784258,82.51818646261498
1.2,5619.65724709638,0.7073009908151493,82.82224484500797
1.2,5519.775170105048,0.7071844779693514,80.08272749859461
1.2,5314.752204596537,0.70706344620456,80.2598920387781
1.2,5276.88399033323,0.7069529543748438,80.13007086797522
1.2,5280.731186204945,0.7068380485443287,78.26494926985248
1.2,5157.811006313716,0.7067471089757161,79.04506908770747
1.2,5064.032602569414,0.7066634164235683,78.00662082739018
1.2,5042.441135932119,0.7065791123794436,76.4735601044819
1.2,4983.252462743418,0.7065213114708516,77.2336973584415
1.2,5847.960277528181,0.7074091056868861,82.4898086978134
1.2,5720.976259761334,0.7073021141107103,83.2412631058414
1.2,5570.97790496053,0.7071838062675981,82.43363127417135
1.2,5470.0009908541815,0.7070633346437621,80.49455958187814
1.2,5293.901268278391,0.7069533991980166,79.42300467398356
1.2,5280.2543381658525,0.7068398219573908,77.3678351779582
1.2,5158.321408497466,0.7067497100887404,78.96597208186432
1.2,5141.260641969198,0.7066679903601988,79.22951132583755
1.2,5174.670518446793,0.7065833659015391,76.79240721025245
1.2,5022.388308643677,0.7065234328403874,76.80962981716836
1.2,5891.583194565215,0.7074133876934307,83.55531869636562
1.2,5751.056873082986,0.7073053718731865,81.64693542381366
1.2,5641.747702010388,0.7071847018728266,83.52474424583352
1.2,5435.120235482339,0.7070700289281553,80.47624832434536
1.2,5292.967408893505,0.7069641879136909,80.12965780748279
1.2,5320.068903598794,0.7068489121310707,79.67360506715359
1.2,5278.953544518908,0.7067558314986931,78.80136055953224
1.2,5170.5329951414815,0.7066750054759289,79.4070445499056
1.2,5098.328979639353,0.7065907354540768,78.12510204450165
1.2,5018.329172361103,0.7065324508281096,76.41941173767705
1.2,5986.838634414263,0.7074178956377886,81.53538794497716
1.2,5709.81540025433,0.7073105399849725,83.17330398655001
1.2,5681.9338896717845,0.7071873888272834,81.81478760261334
1.2,5443.451613684021,0.7070742693113106,81.2848175431951
1.2,5308.799469291753,0.7069709742956377,79.32539054620267
1.2,5284.54817282571,0.7068534581165886,79.58192966276788
1.2,5244.441758174823,0.706760653239401,80.52247823907409
1.2,5246.561485715513,0.7066820989921032,79.5223471016366
1.2,5249.614285857175,0.7065999316808989,78.47714014337517
1.2,5109.885052942045,0.7065415481517124,79.10757849377117
1.2,5872.607655330364,0.7074204879701139,83.20221901834681
1.2,5727.094270547341,0.7073116635892372,84.5170737177151
1.2,5689.955766366496,0.707191867547337,82.02342164025629
1.2,5576.067040114771,0.7070795147143407,81.18165708652569
1.2,5365.776731184048,0.7069800990733346,81.19319596155555
1.2,5380.865592529292,0.7068633282939678,82.29657843089659
1.2,5388.566868501461,0.7067663947059355,78.57826841851599
1.2,5180.560687577235,0.7066904156497007,79.77485028400068
1.2,5260.086386284905,0.7066052534752159,78.8638533312994
1.2,5136.304954325024,0.7065445055507068,76.37029633599396
1.2,5999.454039509016,0.7074238695632287,84.66986573699742
1.2,5844.9350690691535,0.707317394536074,83.377449370998
1.2,5612.737704621628,0.7072023948162757,81.48851497440809
1.2,5523.064100505831,0.7070911243891714,81.63234761838997
1.2,5453.891197082367,0.7069877791067556,80.60858104440413
1.2,5423.182393381651,0.706866988740514,79.41243582377261
1.2,5325.973489052311,0.7067715249438161,79.2927170070576
1.2,5232.430908323374,0.7066980482237364,80.53749931990878
1.2,5325.316643438763,0.7066150639765393,78.44575791284576
1.2,5183.052545888145,0.7065605882691688,77.5933327621147
1.2,5878.556845578335,0.7073217776624905,82.26680943449514
1.2,5658.999548012011,0.7072058672757904,82.95014612510852
1.2,5645.947550980066,0.7070944740573405,82.99653887834788
1.2,5434.381597434801,0.7069935680857469,79.80648176532162
1.2,5466.770688503958,0.7068720918292796,79.61907550106957
1.2,5391.507392819544,0.7067731331608853,79.80311724648175
1.2,5273.716971080459,0.7066991933255705,79.10417020075165
1.2,5270.296904273287,0.7066168896431966,79.9679380823817
1.2,5208.038924046466,0.706566584210714,77.82315437642555
1.2,5856.185957318822,0.7073251496743204,84.82531975914938
1.2,5765.566003412129,0.7072122530278612,83.32660270354884
1.2,5666.348162492712,0.7071027379576978,82.1770289894001
1.2,5529.045963060064,0.7070015851957584,80.8220529054878
1.2,5485.596641196641,0.7068797478779565,82.09130340005179
1.2,5434.448608974167,0.706778264879703,79.15260110769766
1.2,5224.4832977015885,0.7067035452259117,81.22370005489677
1.2,5377.233596770056,0.706625791822556,79.9257639594256
1.2,5245.184894710684,0.7065791123794437,79.15825732811763
1.2,5863.6957295033535,0.7073334687021903,84.66470681440342
1.2,5850.245748380576,0.7072183037719842,82.51733385394404
1.2,5650.555402830658,0.7071099984161184,80.9766448695291
1.2,5493.016855687951,0.7070055944479866,81.7440292372358
1.2,5573.355647014378,0.7068828551649324,82.37252822471962
1.2,5440.486663493769,0.7067810226869705,78.50521452818786
1.2,5268.554638641557,0.7067088144035495,78.507469047226
1.2,5327.92379716384,0.706636067806191,80.71781107542317
1.2,5396.157840546111,0.7065840495760066,78.89514829637601
1.2,5820.992772992068,0.7073350427962751,83.47541238390235
1.2,5897.270586551949,0.7072216657524432,84.25396719972062
1.2,5716.182049657502,0.7071153609624481,83.81511125647641
1.2,5616.662779580232,0.7070123889645015,83.00348363839692
1.2,5642.500894638337,0.7068939549029987,80.98863802350026
1.2,5488.069008102863,0.7067901410899605,79.1573825293828
1.2,5328.98217408474,0.7067162238134358,80.34085387583679
1.2,5327.600127712284,0.706645586656852,79.40597074337181
1.2,5301.694765305434,0.706593927120168,79.09233382946469
1.2,5843.120717443306,0.7073338060020663,84.4157210750105
1.2,5857.001098744785,0.707221777824068,81.97265069510476
1.2,5664.837080179337,0.7071150257789807,85.35950325313964
1.2,5637.057517695124,0.7070083789244517,80.16541811896408
1.2,5493.705701122956,0.7068894035785841,81.644869679258
1.2,5484.996140376622,0.7067875354687354,80.5837534379653
1.2,5349.23197845205,0.7067146195146011,80.25710970956757
1.2,5301.964436843824,0.7066481002835985,79.15464554005565
1.2,5301.681615768401,0.7065960551412983,79.82679020035079
1.2,5830.50972774481,0.7073343681757982,85.74587178157019
1.2,5837.1685420487565,0.7072253643071709,82.93592596589573
1.2,5704.805654563875,0.7071198303852682,82.40642938770661
1.2,5574.405090177107,0.7070145055620128,81.30569829852134
1.2,5584.327446319449,0.7068981737396649,82.76920142008898
1.2,5527.62006869984,0.7067945099893954,80.30644491657735
1.2,5419.012658063432,0.7067218015209545,80.4220496235209
1.2,5453.255779596983,0.7066520617013112,80.62037946342626
1.2,5361.964384434763,0.7066017561587385,78.87533046877908
1.2,5913.3368689841545,0.707336504518881,83.49083917035836
1.2,5895.434084489189,0.7072276060473361,84.56615812159859
1.2,5802.565902647025,0.707121730064583,83.78994746181726
1.2,5697.324230270666,0.7070140599517711,81.30520230751138
1.2,5605.49650638851,0.7069023930920582,83.71006787802348
1.2,5502.50462668098,0.7067982663630575,79.10272797952874
1.2,5422.599636838097,0.7067240176930061,80.52424941772024
1.2,5417.508095246027,0.7066556427939701,81.49517462174431
1.2,5393.864964109171,0.7066038088676236,78.92389498239461
1.2,5885.412213449344,0.7073405526868299,83.69785673979138
1.2,5798.094935897287,0.7072345563621449,83.13726098460944
1.2,5795.660021906216,0.7071263120726936,82.31519702254454
1.2,5630.071463212793,0.7070142827561743,82.98286315897533
1.2,5647.21324237866,0.7069035035336788,82.9115966075081
1.2,5582.407885246712,0.7068024067396798,81.26605324272609
1.2,5603.908770152614,0.7067295208241768,80.15517225369598
1.2,5442.625713031988,0.706661510881929,80.23007071653946
1.2,5442.171962321389,0.706599855664099,80.68129906562619
1.2,5838.331984937889,0.707236910816596,83.7781628169972
1.2,5734.947809227862,0.7071302240225108,84.9463279162401
1.2,5710.690810846175,0.7070206332851363,83.47098024210854
1.2,5634.513992182362,0.7069129437299347,81.95487253411446
1.2,5559.680622174041,0.7068096158121259,80.42723102125194
1.2,5478.663471273208,0.7067370132846074,82.21423343838683
1.2,5578.785301028447,0.7066686765282307,83.26089155385539
1.2,5564.601586792633,0.7066051774409973,82.67847040715668
1.2,5992.981647942595,0.707241059529703,85.71912417904812
1.2,5855.964176053263,0.707133018542805,86.57602828141721
1.2,5772.017073694909,0.7070244218752383,81.47880845104098
1.2,5601.5300539119735,0.7069173870685925,82.59632506416858
1.2,5591.817795204553,0.7068106896940249,80.63523017255618
1.2,5569.254901632232,0.7067346429603011,81.69778425629885
1.2,5506.720261974161,0.7066653221212529,81.10970720416366
1.2,5445.525103029689,0.7066025164001374,81.6988130298637
1.2,5933.706413912327,0.7072412837985911,85.14208673145869
1.2,5857.914204773831,0.7071325714044128,83.84410864853267
1.2,5776.229949123775,0.7070252019305986,83.55459040574769
1.2,5713.618605898438,0.7069200533462899,83.762844440085
1.2,5598.934132221372,0.7068150024717392,82.29585541766654
1.2,5612.780007466188,0.7067411428119732,82.2384277903997
1.2,5549.00545905938,0.7066728702168945,82.27902168453778
1.2,5519.13020802823,0.7066264767468329,81.50883709618775
1.2,5957.033794671466,0.7072443115703928,84.67513348082608
1.2,5807.567983955468,0.7071350307369726,83.37621331558574
1.2,5783.640504725319,0.7070283223279658,85.69788418132916
1.2,5791.234493930008,0.7069254976359541,84.59951529370824
1.2,5683.006996835652,0.7068199870950261,81.18080599447315
1.2,5606.718070927074,0.7067435137969187,83.26492028881536
1.2,5636.394877817636,0.7066763782458801,82.16748363476736
1.2,5522.416566759152,0.7066256396199019,81.42368367315287
1.2,5863.081130812635,0.7071358132884823,84.55451097878824
1.2,5867.419598711741,0.7070314430068418,84.98892987093542
1.2,5741.885182197531,0.7069289424258304,84.0995254518825
1.2,5728.385476046868,0.7068244184764835,82.51811542838546
1.2,5628.501176383341,0.7067457320332697,84.34535997466487
1.2,5706.736901618312,0.7066795054129742,83.5457029108909
1.2,5573.4505870636,0.7066353825992933,82.96647397593375
1.2,5854.612165665898,0.7071418507084551,83.17797264668148
1.2,5811.584248429913,0.7070343410321808,85.26055130858384
1.2,5746.733608605975,0.7069319430066926,82.44598637261385
1.2,5651.178443974004,0.7068279639918358,81.5407879889259
1.2,5593.665046057757,0.7067467264835517,82.1437069846343
1.2,5717.206629379549,0.7066800393615312,82.50648739112157
1.2,5597.718207426516,0.7066349258059126,81.94368463178736
1.2,5931.5235731343855,0.7070404722704533,84.80408625089909
1.2,5797.059403431341,0.7069389453760258,83.48821856620775
1.2,5744.430606537349,0.7068349452909278,81.59712042830823
1.2,5716.595020009011,0.7067525410412487,83.22352088836058
1.2,5688.642620712694,0.7066843876842077,81.46324614048171
1.2,5636.5144998374335,0.7066267050594099,80.87324604567956
1.2,5975.430263454533,0.7071435279562324,85.128859512795
1.2,5933.685911918697,0.7070419216310037,84.95338902148782
1.2,5883.311358165386,0.7069449485370031,82.79960032032024
1.2,5802.27606180584,0.7068418171561123,82.91429760479585
1.2,5796.089945739787,0.7067558314986931,81.468837535159
1.2,5675.365644472327,0.7066863713993361,85.2317357562838
1.2,5630.878546510715,0.7066304344822956,81.56786085339179
1.2,5974.441362712884,0.7070428135753667,84.0763195961266
1.2,5857.631142757553,0.7069448373578734,83.91695665332911
1.2,5821.995959550221,0.7068433690571562,83.53117492281083
1.2,5775.523866122045,0.7067592754975492,82.93144518029855
1.2,5747.582380369651,0.7066891946699243,82.69270795125134
1.2,5641.935784495706,0.7066365246220079,84.15255045905333
1.2,5848.546864503751,0.7069522871508231,84.36126958968275
1.2,5883.437214319111,0.7068499099790012,83.82174597791278
1.2,5816.417224929908,0.7067650166251727,84.02706343897354
1.2,5781.903860412248,0.7066931630882466,84.40568981284659
1.2,5619.313252972679,0.7066480241090999,84.73482884060736
1.2,5950.5137492529775,0.707053964820295,86.49238266818304
1.2,5900.691477375895,0.7069589599709614,85.71850412015422
1.2,5974.846922917936,0.706851129610125,85.41259572945496
1.2,5916.271128995216,0.7067648635101094,87.40954189222721
1.2,5762.585562442318,0.7066958345197828,84.54735851173328
1.2,5780.586230002931,0.7066519093266167,86.89050614456293
1.2,5958.344641007781,0.7070583147800036,86.79022084770268
1.2,5922.398850519132,0.7069561794726126,86.12068473753473
1.2,5970.863033442321,0.7068522384031204,85.57859076692624
1.2,5846.342035420418,0.7067680025696492,86.69542830779692
1.2,5821.487606818584,0.7066950712223669,83.78364634626398
1.2,5654.921674660843,0.7066393418512066,83.88924511374483
1.2,5979.583558967217,0.7069585150761885,85.35005171894929
1.2,5877.181383955917,0.706767543168717,86.19878878911099
1.2,5739.207230664451,0.7066959871822676,86.78048706882026
1.2,5733.439011360428,0.7066372098625608,83.76442490095093
1.2,5844.835272663482,0.7067733629152234,86.81383785108109
1.2,5872.318219547301,0.706703468869777,82.8646923864619
1.2,5892.745442828098,0.70665937686053,85.84097200124336
1.2,5984.2711229148135,0.7068542343203457,85.902466259919
1.2,5909.017792488181,0.7067752776226275,85.99949745911474
1.2,5790.004601184549,0.706706676042885,85.7297546656996
1.2,5886.935149600969,0.7067137792116599,86.17777832077738
1.2,5965.503558750316,0.7066550332073542,83.40156295025348
1.2,5979.41064073865,0.7068647702416955,86.4018097601054
1.2,5907.289894893995,0.7067161474157492,86.63282003592748
1.2,5933.665574060976,0.7066590720163063,84.40483726483644
1.2,5997.717828967298,0.7067229477905416,85.57506866677117
1.2,5925.668175289145,0.7066769883918426,84.66550435433874
1.2,5903.252931549178,0.706720426071842,87.4447410063505
1.2,5963.15263199806,0.7066669230279118,83.93185239661351
1.2,5963.112405250689,0.706680649603448,86.72100345010291
1.2,5949.960873681185,0.7066740903409316,84.4803238885674
1.2,5923.531207884864,0.7066881263651257,86.54337365880356
1.2,5991.927721462178,0.7066943842760764,87.8980692088759
1.2,5994.369958032613,0.7074626686507406,88.77729881725783
1.2,5983.360632829876,0.7073936722977353,88.69400809089602
1.2,5972.369692551348,0.7073248124584179,88.61087350450798
1.2,5961.397091182839,0.7072560887492769,88.52789461944762
1.2,5950.407014408594,0.7071872768666915,88.44480058733195
1.2,5939.471012987694,0.707118824714859,88.36213230080541
1.2,5994.55548755144,0.7070377966874017,85.72356671985206
1.2,5928.553213203618,0.7070505075500171,88.27961840806616
1.2,5983.533690576053,0.7069696391643754,85.64360533757862
1.2,5917.653569652556,0.7069823249943595,88.197258476991
1.2,5972.530201239679,0.706901615804178,85.56379298933177
1.2,5906.772037081585,0.7069142766714895,88.11505207707033
1.2,5961.544973965608,0.7068337262320751,85.48412925883908
1.2,5996.353148822399,0.7070420331227916,86.800758078893
1.2,5895.908570388036,0.7068463622064114,88.03299877939624
1.2,5950.577963328284,0.7067808694669121,85.40887808705557
1.2,5985.328966256237,0.7069738672570053,86.71978722247584
1.2,5885.063124618882,0.7067896046147738,87.95434718775999
1.2,5939.775012473567,0.7067340313028092,85.33545048351924
1.2,5974.323102476088,0.7069058355773624,86.63896729030208
1.2,5989.045042806954,0.7068090788896758,85.79338712022292
1.2,5874.2668371792815,0.7067427489367352,87.87871908565782
1.2,5929.118762097698,0.7066872870171609,85.26214902569029
1.2,5963.299634606611,0.7068377160395335,86.5580344814715
1.2,5977.99121683725,0.7067620310625817,85.71934984139666
1.2,5863.6947145325,0.7066958345197828,87.80297441708575
1.2,5918.444411075526,0.7066404840683916,85.1887344586164
1.2,5952.330331176091,0.7067836275817657,86.48147885386248
1.2,5967.173505717728,0.7067152306630418,85.64568077756115
1.2,5853.173517871081,0.7066491667527736,87.72760629711193
1.2,5907.821460092202,0.706593927120168,85.11568472853568
1.2,5998.100282927024,0.7069102780012061,89.04535324295458
1.2,5941.395881090765,0.7067367838878557,86.40712535528428
1.2,5956.467784532351,0.7066685240446976,85.57213823056954
1.2,5842.668744826105,0.7066025924256459,87.65236745480442
1.2,5897.215073270051,0.7065474633269642,85.04276017207413
1.2,5987.068768452805,0.7068423713984676,88.96243818473502
1.2,5930.737880009342,0.7066900340866444,86.332899599519
1.2,5945.778781019085,0.7066219109661716,85.49872187478756
1.2,5832.180356971595,0.7065561112981922,87.57725755782627
1.2,5886.625211896995,0.7065010924495484,84.96996046777306
1.2,5976.055553050006,0.7067868457941149,88.88332536075318
1.2,5920.096529835721,0.7066433779363714,86.25880125764697
1.2,5935.106456049901,0.7065753911869134,85.42543138569596
1.2,5821.708316001358,0.7065097231310269,87.50227627497803
1.2,5876.051837381491,0.7064548142495067,84.89728529527189
1.2,5965.103562877718,0.7067399956477024,88.80690233634998
1.2,5909.471791579998,0.7065968151961054,86.18483000187675
1.2,5924.4507706187815,0.706528964467197,85.35226643989046
1.2,5811.252583728517,0.7064634276855845,87.427423276196
1.2,5865.494911252066,0.7064086284892405,84.82473433530562
1.2,5954.402799185073,0.7066932394106105,88.73061061804283
1.2,5898.863626373902,0.7065503456257409,86.11098550554028
1.2,5913.811685841242,0.7064826305681167,85.2792267150721
1.2,5800.813122085034,0.7064172247241141,87.35269823254326
1.2,5854.954395156845,0.706362534931962,84.75230726970166
1.2,5943.718751970383,0.7066465768410214,88.65444986771777
1.2,5888.27199547032,0.7065039689859948,86.0372674430882
1.2,5903.189162953867,0.7064363892515839,85.20631189004271
1.2,5790.389893121267,0.7063711140096779,87.27810081620495
1.2,5844.4302508631,0.7063165333416922,84.68000378136983
1.2,5933.016548704089,0.706599855664099,88.57817149775693
1.2,5877.662327977009,0.706457533935364,85.96343519988685
1.2,5892.548530229083,0.7063900896178176,85.13328397196396
1.2,5779.948875597414,0.7063249450688043,87.20338754242843
1.2,5833.888127741049,0.7062704736011606,84.60758787292875
1.2,5922.365871455518,0.706553380011516,88.50227209893893
1.2,5867.103703638045,0.7064113427440264,85.88996944354287
1.2,5881.959069122307,0.706344033055988,85.06061839286932
1.2,5769.558051354783,0.7062790184403879,87.1290448161709
1.2,5823.396666018033,0.7062246555388129,84.53553099346694
1.2,5911.731793502152,0.7065069973051656,88.4265026596066
1.2,5856.561497957293,0.706365243769583,85.81662915004783
1.2,5871.386054211813,0.7062980683665395,84.9880767555049
1.2,5759.183346525982,0.706233183352264,87.05482873942535
1.2,5812.921461984919,0.7061789287395874,84.46359674545619
1.2,5901.1142760687,0.7064607073065302,88.35086284625974
1.2,5846.035672667995,0.706319236776007,85.7434139982831
1.2,5860.829447214138,0.70625219531462,84.91565874303943
1.2,5748.82472363072,0.7061874395707107,86.98073898882869
1.2,5802.462477881309,0.7061332929707056,84.39178481610976
1.2,5890.513280500553,0.706414509777907,88.27535232653652
1.2,5994.871712108081,0.7063466645306236,83.64202832766068
1.2,5835.526189622216,0.7062733215280765,85.67032366822387
1.2,5850.289209964545,0.7062064136661765,84.84336403972154
1.2,5738.482145304802,0.7061417868628017,86.90677524211775
1.2,5792.01967606365,0.7060877480001791,84.32009489370168
0.6,4054.844274217157,0.7098005255368914,80.5712450485485
0.6,4054.844274217157,0.7097667928900447,69.60457314296907
0.6,4279.521324614761,0.7098016103223632,83.94573194513588
0.6,4279.521324614761,0.7097707668887996,72.29210668256631
0.6,4504.13483114689,0.709803659450306,86.74486619476687
0.6,4504.13483114689,0.7097743799938359,74.83984547532702
0.6,4730.688206620705,0.7098054676007259,89.46054806044893
0.6,4730.688206620705,0.7097775116434649,77.3664664658448
0.6,4070.441379070863,0.7097463276910495,74.90870785376887
0.6,4955.5819904247055,0.7098083608293011,91.52922224946904
0.6,4955.5819904247055,0.7097806435642079,79.77639133625838
0.6,4259.094664217591,0.70975078089551,77.47678535697304
0.6,5178.700943332022,0.7098098075303209,93.8955932407044
0.6,5178.700943332022,0.7097831733904446,81.99200184778638
0.6,4446.167518570465,0.7097547531351902,79.85884966409475
0.6,5401.128968728322,0.7098101692146107,96.65309746223927
0.6,5401.128968728322,0.7097857033935864,84.17122817797019
0.6,4631.915832992507,0.7097583646408286,82.19714472984322
0.6,4129.048682169855,0.7097293623971922,78.29006697062705
0.6,5623.406990503967,0.7098114954212623,98.90129221831076
0.6,5623.406990503967,0.7097879925964982,86.21257038554607
0.6,4817.1853631176455,0.70976185610579,84.38922750995805
0.6,4301.037829117815,0.7097340541288659,80.57533044485675
0.6,5845.033526324447,0.7098136656824184,100.49933864073776
0.6,5845.033526324447,0.7097901614486527,88.31037935596513
0.6,5006.112049979526,0.7097649866712976,86.65771229154448
0.6,4475.341906604343,0.7097382651757664,82.76072598470893
0.6,4069.553801769802,0.7097100004099502,77.95495396777763
0.6,5190.510195424723,0.7097678766645884,88.77899133043124
0.6,4646.219733101056,0.7097421157050553,84.94293955095984
0.6,4226.663714444379,0.7097149301180641,80.07381359926718
0.6,4016.203232924509,0.7096848813692069,77.13541250150875
0.6,5377.439688486861,0.7097705260279614,90.81667158178264
0.6,4819.541415227902,0.7097457259487242,86.98162892463912
0.6,4383.820149972454,0.709719499716327,82.1164417612703
0.6,4163.711647468136,0.709690528626836,79.21086966044227
0.6,5564.509293983837,0.7097731755853923,92.75217038499024
0.6,4995.564419006877,0.709749216193611,88.8930044726822
0.6,4540.0791313200925,0.7097238293424024,84.10280429401197
0.6,4309.599741243392,0.70969593640297,81.09734379023776
0.6,5750.816004958573,0.7097754639957209,94.7198933745518
0.6,5166.75537070742,0.7097523456651159,90.84228894369234
0.6,4700.34066291756,0.709727918909942,86.01697011019915
0.6,4458.649440325172,0.7097009843910675,83.03558722209094
0.6,4133.176722793894,0.7096720281384586,78.61955181768106
0.6,5934.95894072008,0.7097777525508194,96.66550299149996
0.6,5341.249987570185,0.7097553550277517,92.73045103974032
0.6,4856.323534015922,0.70973164803656,87.88649844657584
0.6,4605.97357672925,0.7097055522261585,84.98494106182369
0.6,4270.841479875265,0.7096776733868176,80.404083035269
0.6,4068.827261052624,0.7096493359385714,80.59736347899013
0.6,5513.823366368562,0.7097581238625655,94.49300394066816
0.6,5010.669278209351,0.709735136922651,89.65376587743044
0.6,4752.113195515355,0.7097098801815673,86.76745349472365
0.6,4406.183560552002,0.7096828389614964,82.19305386078379
0.6,4202.810287795728,0.709655337778891,82.43563412813926
0.6,4018.889259740711,0.7096002783189719,79.55092711191494
0.6,5691.834467578769,0.709760772511628,96.27038165579664
0.6,5167.638899310228,0.7097385058218333,91.44524676668432
0.6,4897.340824591765,0.7097139681709932,88.62584645267036
0.6,4546.894547594816,0.70968776496493,83.98185599581797
0.6,4334.878591616272,0.7096612205504866,84.23683622065344
0.6,4095.180232738172,0.7096344556788454,81.4869869679752
0.6,4142.84829167338,0.7096077106390669,81.34404444025573
0.6,4035.082316256012,0.7095814646121426,80.59998117648102
0.6,4039.344223895964,0.7095548785312733,76.12689410596116
0.6,5866.2676852412005,0.7097633009485081,97.95025540531884
0.6,5323.222278443073,0.7097416343664675,93.2095235456521
0.6,5047.02015731877,0.7097178161129069,90.28353965015022
0.6,4685.813423620471,0.7096923311289434,85.63856090467685
0.6,4466.249590719342,0.7096665038560651,86.07496184139998
0.6,4218.491933786674,0.7096405750430992,83.16781076791096
0.6,4268.244245128984,0.7096146648409849,82.98085293671298
0.6,4156.59856651995,0.7095892525361038,82.2470961117124
0.6,4161.276901540497,0.7095633791548334,77.73505102907095
0.6,4063.549128745071,0.7095375243277262,79.48516252549796
0.6,5477.442660956418,0.7097446428377736,94.78450383937198
0.6,5196.208796726708,0.709721423930555,91.42471072756314
0.6,4816.513517430321,0.7096966575009486,87.44917011633639
0.6,4583.692581402259,0.7096716678334133,87.95024323352813
0.6,4358.5371911601,0.709646455409574,84.91887994524919
0.6,4399.798858850999,0.7096213805148035,84.60196371357206
0.6,4280.184937838264,0.7095968024367175,83.71988040091867
0.6,4282.873142497268,0.7095715224765434,79.23096721364551
0.6,4180.169590301134,0.7095463799117449,81.05097785047043
0.6,4105.428253358795,0.7095268765744491,79.65611613561386
0.6,5633.681850418542,0.7097474108524707,96.41318865598856
0.6,5345.556946474884,0.7097249118299599,93.03977092560372
0.6,4954.797994342666,0.7097008641926784,89.10914913385564
0.6,4716.950884467716,0.7096765923135078,89.35493406285427
0.6,4492.494133249786,0.7096520966612042,86.40031352861027
0.6,4522.497273327361,0.7096276176168762,86.20135374342952
0.6,4399.261716560444,0.7096036346610288,85.41265081633152
0.6,4402.667667330979,0.7095791884596602,80.78473882983413
0.6,4296.801460604661,0.7095547588184942,82.60026211902269
0.6,4221.551808226203,0.7095357295421163,81.2289424088159
0.6,5788.55807814624,0.7097500587169897,98.04337024139711
0.6,5493.8212516368,0.7097281594871476,94.71246342758953
0.6,5093.42035624243,0.7097048309506491,90.73826894777729
0.6,4848.723396127577,0.7096812771982207,90.80474569852392
0.6,4619.425252981943,0.7096573786318907,87.97813854951715
0.6,4647.194816612433,0.7096334958726933,87.72883294404733
0.6,4518.705061940985,0.7096101084883263,86.95672485508096
0.6,4521.970482015504,0.7095862569817188,82.36067371317048
0.6,4412.739130927569,0.7095625409761174,84.08674472798762
0.6,4334.85839416658,0.7095441059730953,82.70653455438429
0.6,5946.9196526483765,0.7097525864049113,99.55848320994198
0.6,5641.50438849226,0.7097312871365258,96.17996658374472
0.6,5230.171665467206,0.7097085576957538,92.329632309762
0.6,4977.946638579264,0.7096856022465585,92.4487332049533
0.6,4741.95999367747,0.7096624212338812,89.522001021983
0.6,4773.506797379729,0.7096392550924726,89.17377203412313
0.6,4638.419599832749,0.7096163436422716,88.37719453564823
0.6,4642.363703276343,0.7095930872087761,83.91770225348765
0.6,4529.214724749146,0.7095700852861244,85.54288200522528
0.6,4445.240789169144,0.7095520055342923,84.23800451439972
0.6,5788.055465610378,0.7097340541288659,97.74786301302608
0.6,5368.390562103758,0.7097120443536604,93.87608069027814
0.6,5111.527128186435,0.7096896874899616,93.94971676654144
0.6,4863.092627826184,0.7096669841949031,91.02496003954673
0.6,4899.329199116015,0.7096444151739163,90.61896320751052
0.6,4757.136666422417,0.7096222200619136,89.89058026552541
0.6,4762.232697988767,0.7095995591434408,85.32429101079248
0.6,4646.925240956647,0.7095771520239426,86.96243770584498
0.6,4561.178516420573,0.7095595476397646,85.69961928774762
0.6,5932.838049888626,0.7097369416510299,99.1980968764298
0.6,5502.630295211299,0.7097154111012012,95.31822786977102
0.6,5243.916982156956,0.7096936530209808,95.44759563594889
0.6,4976.253237732269,0.7096715477325304,92.48072563968634
0.6,5023.667023497516,0.7096494559656006,92.062707655525
0.6,4876.225365346184,0.709627857526945,91.26433299334472
0.6,4880.848614979027,0.7096057924743931,86.77831172357628
0.6,4772.736399500816,0.70958386071733,88.38427386033636
0.6,4681.152619478834,0.7095667320645677,87.16841794221234
0.6,5640.728565737668,0.7097185376476267,96.69749438758514
0.6,5376.152935360845,0.7096972584269247,96.9394123006522
0.6,5098.357970172935,0.7096757515010811,93.8312713885199
0.6,5149.797503730469,0.7096542573740011,93.55270465809564
0.6,5000.619416452758,0.7096331359519663,92.72945110513407
0.6,5006.315652564342,0.7096116671758039,88.14791216636831
0.6,4893.078924446205,0.7095903309965883,89.76010317378186
0.6,4797.6554495766095,0.7095736783695811,88.59751102594078
0.6,5779.517688901914,0.7097216644645366,98.00677717440334
0.6,5508.251657647374,0.7097008641926784,98.36724255036737
0.6,5218.217039307176,0.7096798356305125,95.27363172737014
0.6,5273.867572475614,0.7096589393620206,94.93583032730892
0.6,5121.491405101268,0.7096382951586951,94.08919088108568
0.6,5127.334514739754,0.7096171830722052,89.51472212999293
0.6,5011.358596480838,0.7095963230309652,91.17862303725768
0.6,4911.872858200168,0.7095800270254399,90.02663799084522
0.6,5916.183492957579,0.7097245509971721,99.46499093626134
0.6,5638.903994234339,0.7097043501083078,99.66611815359464
0.6,5358.011681018173,0.7096839202217817,96.6534733097546
0.6,5404.492849819207,0.709663381809342,96.25345122504648
0.6,5248.344529359077,0.7096432150891538,95.48890735376534
0.6,5245.732825077956,0.7096226998118887,90.73475644518678
0.6,5124.62586430264,0.7096023160608379,92.4455620232813
0.6,5025.317598004973,0.7095863767991176,91.31024540030052
0.6,5768.49687683951,0.7097075959182869,101.11654803941008
0.6,5486.25920940036,0.7096875246564949,98.07309609080578
0.6,5530.396301470786,0.7096674645401299,97.66228228831368
0.6,5370.933437877681,0.7096477756235019,96.87631017691932
0.6,5367.96462941518,0.7096277375717113,91.98774213145715
0.6,5243.07112231943,0.7096078305277453,93.8485360400866
0.6,5142.783627527024,0.7095922483392934,92.72893081677827
0.6,5897.506326132275,0.7097107217886477,102.5491319245219
0.6,5605.443154229547,0.7096911294508795,99.30791288130176
0.6,5655.051800562183,0.7096715477325304,98.88768107866284
0.6,5492.293429776955,0.7096522166974117,98.24881875966126
0.6,5490.001986659941,0.7096326560632463,93.32551203984096
0.6,5362.631609521144,0.709613225930618,95.03416217612424
0.6,5258.638215758385,0.7095978811229559,93.98832179328988
0.6,5718.705541537684,0.7096943740733871,100.515588197714
0.6,5772.732181379908,0.7096752710456252,100.2012305480812
0.6,5606.844799102856,0.7096562981659335,99.48929151232068
0.6,5609.578607804906,0.7096370952773705,94.59905073773947
0.6,5481.867516077521,0.7096181424446123,96.24934650360112
0.6,5373.838456870016,0.7096032750380153,95.28189787771896
0.6,5852.244039885622,0.7096976189873078,101.75289143355216
0.6,5895.945745824291,0.7096788746173348,101.37252419431697
0.6,5724.367551868357,0.7096602600325151,100.70291458355318
0.6,5726.303166374909,0.70964141503681,95.854709771636
0.6,5593.491692540761,0.7096228197503791,97.60490057823408
0.6,5488.250733248369,0.7096081901961703,96.50361070737704
0.6,5971.216297409966,0.7097006237970999,103.02060064389038
0.6,5844.3658814194,0.7096641022577064,102.0059427424694
0.6,5846.370200736452,0.7096457353132346,97.03570438086112
0.6,5709.905690399582,0.7096276176168762,98.71839660124328
0.6,5603.555848198516,0.709613225930618,97.81200165513208
0.6,5963.82171577572,0.709667944891746,103.09825346263808
0.6,5967.203233003017,0.7096499360777082,98.1904570971364
0.6,5832.363157812173,0.7096320562113185,99.91429693531016
0.6,5719.100135813452,0.7096180225216666,98.81802591893118
0.6,4018.029975859986,0.7094462234416142,80.66816193499206
0.6,4018.029975859986,0.7091589005701475,69.02075416052297
0.6,4242.722466694315,0.7094667579085715,83.61668008150245
0.6,4242.722466694315,0.7091934903760743,71.73028610055897
0.6,4467.271928527652,0.7094851533638763,86.42010378864376
0.6,4467.271928527652,0.7092250293503621,74.30650799104923
0.6,4693.837201249186,0.7095023628152197,89.07895862252514
0.6,4693.837201249186,0.709253746820951,76.81113214066113
0.6,4015.0567406151463,0.7089777326696937,74.16918930983337
0.6,4918.79686809493,0.7095176670112541,91.65524923566906
0.6,4918.79686809493,0.7092802299807489,79.23156651295939
0.6,4202.87657263689,0.7090165108636756,76.70212823401872
0.6,5141.742303809131,0.7095315420566057,94.04166216720024
0.6,5141.742303809131,0.70930399832717,81.48416810105877
0.6,4389.862866088382,0.7090515534914161,79.10831470469766
0.6,5364.129252343104,0.7095439862960875,96.27959830188324
0.6,5364.129252343104,0.7093259980648815,83.6537488373903
0.6,4575.371079013146,0.7090840310164903,81.4512530217278
0.6,4054.1932776959575,0.7088290222564947,77.37427708136461
0.6,5587.009110286903,0.7095559559641754,98.5258868077786
0.6,5587.009110286903,0.7093463449486209,85.74989020256362
0.6,4761.262078765176,0.7091139364000765,83.7333715627446
0.6,4226.021380830286,0.7088689309650646,79.67467403201725
0.6,5808.614496401894,0.7095669715700514,100.65688369115522
0.6,5808.614496401894,0.7093655124933886,87.74354932762903
0.6,4949.371863043279,0.70914185487184,85.93828153520964
0.6,4401.379472474459,0.7089060626835483,81.85906378449117
0.6,5133.259752976372,0.7091676633214093,88.07846474542647
0.6,4572.027335206894,0.7089408793839268,84.01589480763282
0.6,4136.806058007711,0.7087018478694552,78.97799658092289
0.6,5321.147298894052,0.7091915941793664,90.135943859937
0.6,4745.3927783962135,0.7089727852904146,86.07828993061376
0.6,4293.247310400886,0.7087421993432391,81.02644510445307
0.6,4056.150018975644,0.7084881078383971,77.47140445070212
0.6,5508.63608805386,0.7092145923325526,92.12557469312505
0.6,4919.204825221183,0.7090030692770642,88.03068693534826
0.6,4448.841378098428,0.7087803706583213,83.01423095134334
0.6,4203.058334747026,0.7085349644615658,79.44683941088202
0.6,5695.905737428859,0.7092355880612498,94.04772522610098
0.6,5091.419616573741,0.7090310193001598,89.9649478047432
0.6,4608.840297540784,0.7088152992950946,84.96549957382578
0.6,4350.696446489282,0.7085779222869368,81.3812943785337
0.6,4001.227093550059,0.7083269672306608,77.58472400955037
0.6,5878.729984755854,0.7092555275863686,95.94879912216068
0.6,5266.043986816093,0.7090573382371111,91.86301441439572
0.6,4765.249224349814,0.7088486188912859,86.85091216103962
0.6,4498.628023506161,0.7086190661682813,83.2910213655322
0.6,4140.368305061505,0.7083756956974815,79.25303754254134
0.6,5439.132553866624,0.7090820224596505,93.66987801987108
0.6,4917.732047694904,0.7088795025176944,88.64969732369757
0.6,4645.537406227599,0.7086566384687354,85.13126074031145
0.6,4275.6105363472725,0.7084206641167492,81.03509898873213
0.6,4050.7703686192735,0.7081842940761487,81.09807598798801
0.6,5616.671186576618,0.709105186784921,95.4112762300476
0.6,5076.523907424699,0.7089085316680357,90.44688185713612
0.6,4790.441976262065,0.7086924975414025,86.88934700331532
0.6,4415.088704648028,0.7084634835413397,82.78322714273419
0.6,4181.215537524378,0.7082339795299809,82.91588099566646
0.6,5791.270875837099,0.7091270648340667,97.13696337130116
0.6,5232.326737951704,0.7089362901051237,92.23311795788456
0.6,4939.9015329478025,0.7087264041842417,88.63110965854808
0.6,4555.554273617924,0.7085040298168795,84.51105931427765
0.6,4311.979156190653,0.7082810781001856,84.66681800487245
0.6,4080.716472435355,0.7080574588903532,81.50603609792873
0.6,4096.969217263251,0.7078352518545522,81.08098115035911
0.6,5965.207634764282,0.7091478909622446,98.84211977200933
0.6,5387.691992569017,0.7089624215747182,93.8490326330186
0.6,5088.279990946953,0.708758352756156,90.30822601292074
0.6,4693.204077450333,0.7085422950426001,86.14419531455916
0.6,4442.868055141382,0.7083254636196926,86.34226632747118
0.6,4202.4946102501535,0.7081078852794905,83.1655174969835
0.6,4221.166374527807,0.7078918714645048,82.69506270553454
0.6,4085.973179725776,0.7076808129316396,81.66937174263504
0.6,4068.5207591014296,0.7074666186553964,77.06105366649754
0.6,5544.0292208349065,0.7089873938142149,95.46121276871406
0.6,5237.692285623731,0.7087888066538965,91.96471881760289
0.6,4831.520669736016,0.7085788541982005,87.77303245445538
0.6,4576.122166306112,0.7083680521155065,87.84002114824091
0.6,4335.88660897689,0.7081560817805962,84.72047147641064
0.6,4343.68840451999,0.7079454931227537,84.24338012506423
0.6,4204.864119384949,0.7077396856700139,83.2946049061997
0.6,4188.067447012501,0.7075310103871716,78.64185541758089
0.6,4067.486632947256,0.7073244752457866,80.14265176038725
0.6,5698.918070351917,0.709010496897306,97.04127819568671
0.6,5385.962120073583,0.7088172929014657,93.58306342132236
0.6,4970.129967545487,0.7086132355236007,89.41377928333213
0.6,4707.911324765422,0.7084082573242149,89.32900467452076
0.6,4462.799158824059,0.7082016933133479,86.28592213125387
0.6,4468.132833500413,0.7079963320320988,85.79232862493524
0.6,4324.111267280462,0.7077956952462082,84.82887368575602
0.6,4307.170816442639,0.7075924627367212,80.20246598983357
0.6,4183.267230375824,0.7073913072005277,81.66351650997709
0.6,4090.093193900148,0.7072348927030032,80.22261490247834
0.6,5857.3170465960575,0.7090327890246064,98.57856265595532
0.6,5533.718873813446,0.7088445109195104,95.11037242983484
0.6,5106.937831182875,0.7086457827596438,91.0273775602424
0.6,4837.223763312118,0.7084461870796196,90.92917593585724
0.6,4585.456032363178,0.7082448251012641,87.87521332529418
0.6,4594.112848500636,0.7080444906610015,87.30435033771006
0.6,4443.586590889106,0.7078487135585377,86.34160251951413
0.6,4427.2866333139045,0.707650505991959,81.71016028484412
0.6,4299.51051382954,0.7074544315103467,83.12694503203126
0.6,4200.461005508623,0.7073017771182293,81.71323744740586
0.6,5680.339913184143,0.7088702228756043,96.61899410105148
0.6,5245.189630977434,0.7086766076253862,92.55799479597891
0.6,4970.768688738879,0.7084819501594585,92.46678311511266
0.6,4706.723714052785,0.7082855834609364,89.35818103348163
0.6,4719.628379759459,0.7080901876136564,88.75253826595967
0.6,4562.135739233896,0.7078991838813831,87.80813539337592
0.6,4546.919916338986,0.7077058046953778,83.1747452240163
0.6,4416.94519341964,0.707514505734121,84.58120117957426
0.6,4316.09526599303,0.7073653017353416,83.17614890125672
0.6,5825.184865623042,0.7088945430147657,98.07403392956434
0.6,5379.498619266518,0.7087057055962115,94.0402091866046
0.6,5103.124019595999,0.7085155399335673,94.0243508734314
0.6,4820.199856986444,0.7083238444178811,90.8229587095024
0.6,4843.623862331062,0.7081332981284143,90.18625824214332
0.6,4680.978831125446,0.7079469806043802,89.24715346427803
0.6,4665.322544242525,0.707758459386959,84.66866716577924
0.6,4542.086433585635,0.7075721930066652,86.00421947905568
0.6,4435.620701047931,0.7074266878083776,84.67782645241861
0.6,5974.658879025953,0.7089180564946919,99.53957678033495
0.6,5517.648923950615,0.7087337743857706,95.4797232843075
0.6,5235.396561815006,0.7085481140426984,95.48467105720265
0.6,4942.4341458811,0.708361220614649,92.22330733657158
0.6,4969.489824195967,0.7081754249215664,91.65862896505377
0.6,4805.051512740328,0.7079933529506229,90.7250555111458
0.6,4790.39550118661,0.7078090277884154,86.03304356129078
0.6,4662.094843110144,0.7076269142877739,87.43496795216265
0.6,4551.827282276979,0.7074846815234621,86.16463847637958
0.6,5656.50407619999,0.7087603431766786,96.833590565182
0.6,5367.490577204001,0.7085789706888294,96.93273119952094
0.6,5062.438794176431,0.7083965502288915,93.64070457483952
0.6,5093.597893081404,0.7082149501482797,93.10149748112886
0.6,4925.648504083889,0.708036918507792,92.1530550921636
0.6,4911.117871639772,0.7078565876281083,87.37167452345844
0.6,4780.069373033973,0.7076785418384357,88.82536385004485
0.6,4665.8191979167,0.7075394918420959,87.57228212703156
0.6,5793.263212044276,0.7087861116047132,98.19322164362409
0.6,5498.253713966159,0.7086092712320361,98.25444293944354
0.6,5201.909267618729,0.7084311031049549,95.08235649065756
0.6,5224.179151869255,0.7082533654493279,94.51774377234614
0.6,5052.097703015964,0.7080790449472989,93.56035434533024
0.6,5029.400543756126,0.7079026121013603,88.66672262566206
0.6,4893.30644142993,0.7077284262709514,90.19255308116234
0.6,4779.114551639,0.7075923494653122,88.95977388289046
0.6,5931.497811076722,0.7088104916445794,99.60156248638296
0.6,5627.946692664224,0.7086377306668593,99.64765365900026
0.6,5330.124931216343,0.7084634835413397,96.45014726385337
0.6,5350.151672332664,0.7082897427656472,95.8659566333898
0.6,5174.427322631861,0.708119037077747,94.8953185411377
0.6,5151.34238886103,0.7079465229110161,89.98062418901607
0.6,5011.5060495999005,0.7077763322137907,91.51033289962923
0.6,4896.292202494801,0.7076430184375518,90.30155212020448
0.6,5757.055671092374,0.7086645780761097,101.14376725777862
0.6,5449.477309469183,0.7084943828006626,97.77407335078424
0.6,5474.885197405793,0.7083246540095137,97.15783396596086
0.6,5295.566316996837,0.7081574630815467,96.28953720261087
0.6,5273.113232954304,0.7079884265622148,91.28642579887384
0.6,5130.747184429441,0.7078217953176076,92.79470833693686
0.6,5011.874239252684,0.7076913754529525,91.61908849185988
0.6,5883.673604891284,0.7086892255074425,102.38912218633187
0.6,5562.937333734023,0.7085224012757372,98.97098356177044
0.6,5592.651509917717,0.7083563583163498,98.42915500415916
0.6,5409.922492095322,0.7081925893304152,97.50248647292304
0.6,5392.311932855313,0.7080270542079538,92.58589885953012
0.6,5249.513320138984,0.7078638926936365,94.02874443717832
0.6,5126.6735256600205,0.7077361596100651,92.92408410404902
0.6,5696.2491970111305,0.7085502091164556,100.23537120048633
0.6,5715.904043937463,0.7083872800304841,99.7126519374103
0.6,5527.422611921889,0.7082268278919199,98.82017602196886
0.6,5508.840730289129,0.7080646910408767,93.77670388801042
0.6,5361.063879945824,0.7079048977673941,95.30504037758868
0.6,5240.815555643687,0.7077797484418462,94.17647730518264
0.6,5815.40167925068,0.7085772233695488,101.49707022396473
0.6,5837.77071037861,0.7084175330205037,100.98833533235
0.6,5647.510714061,0.7082601761265153,100.09328258346255
0.6,5628.649961051316,0.7081013338078128,95.01365211152664
0.6,5477.250937477613,0.7079446921972014,96.53424523387282
0.6,5355.829569853505,0.7078219093343554,95.4537462829922
0.6,5939.173565559701,0.708603209053919,102.79541399347984
0.6,5962.473776904427,0.7084467673608369,102.2742557597327
0.6,5767.065354161584,0.7082925159075876,101.25694385265756
0.6,5749.22178078905,0.7081369793368989,96.26299653634774
0.6,5599.298351726474,0.7079836154074979,97.7182152443289
0.6,5471.199494432158,0.7078627511768487,96.54307420793964
1.2,4150.819003547403,0.7094283250361257,67.15038479799965
1.2,4150.819003547403,0.7092510164856419,63.70713874135007
1.2,4346.655014580929,0.7094456266846408,69.2401033888601
1.2,4346.655014580929,0.7092757157736288,65.77113875038387
1.2,4143.797896327154,0.7090946664316699,65.64674376017514
1.2,4541.875906279574,0.7094616231934475,71.23704057659019
1.2,4541.875906279574,0.7092982924886825,67.82216664806515
1.2,4331.788678389084,0.7091249355717442,67.69602211566465
1.2,4106.842555349683,0.7089487649072961,65.41746544697088
1.2,4736.553425388779,0.7094757155601517,73.1986981482803
1.2,4736.553425388779,0.7093185047489177,69.81372997724706
1.2,4519.030296516125,0.70915286262419,69.72940337376923
1.2,4284.448058081505,0.7089838589460227,67.40802768072385
1.2,4079.304588494966,0.7088138921107076,65.33315305738762
1.2,4931.1432259107205,0.709488737988122,75.0564085761689
1.2,4931.1432259107205,0.7093371814752268,71.71491749631203
1.2,4705.041328424413,0.7091785605421974,71.72270135159741
1.2,4463.774114750622,0.7090163929330385,69.38253894689292
1.2,4252.651360682175,0.7088534316890308,67.21238811325938
1.2,4166.935792954428,0.7086832665050105,66.80807536117943
1.2,4050.056074061557,0.7085069360592859,65.68901292882502
1.2,5125.951686002994,0.709500808846471,76.85025857542033
1.2,5125.951686002994,0.7093544393104392,73.52566386748701
1.2,4889.4610707625725,0.7092022615909618,73.62398332584254
1.2,4645.308599332559,0.7090462417940444,71.22617141500845
1.2,4423.838451520739,0.7088896071524754,69.02216370863026
1.2,4332.101868611445,0.7087258193130099,68.69742518484401
1.2,4216.469779494643,0.7085556801702753,67.59340399221533
1.2,4125.088613508084,0.7083904084509,66.92544568759176
1.2,4005.2958219021584,0.7082332873726253,65.15712318196962
1.2,5320.225964161494,0.7095118076056048,78.56806769676838
1.2,5320.225964161494,0.7093702762022075,75.29693383166826
1.2,5074.467536490161,0.7092241990218127,75.47554735074593
1.2,4826.636215569837,0.7090741074805075,73.03978293691348
1.2,4596.528318343347,0.7089232315404814,70.79836243065911
1.2,4499.341645110003,0.7087654953702572,70.52750113484987
1.2,4380.342952332303,0.7086012274124985,69.38702823417354
1.2,4285.7911401048505,0.7084420093355454,68.74233853431224
1.2,4162.555777800264,0.7082908982149965,66.94663244825396
1.2,4075.720284694834,0.7081277770368065,66.64628505478103
1.2,4035.141431660125,0.7079609431176408,66.8564336035718
1.2,5513.482124220064,0.7095222116962914,80.18611672896886
1.2,5513.482124220064,0.7093849285635209,76.98626056256084
1.2,5259.508116949446,0.7092441322148614,77.25440352424664
1.2,5003.592897202572,0.7090993942976989,74.7999945612352
1.2,4766.143402218214,0.7089540621322874,72.5281857741193
1.2,4665.028726260151,0.7088020505112143,72.32749191003956
1.2,4543.985440204606,0.7086432152275147,71.14476912792027
1.2,4446.942209290557,0.7084896183759144,70.52816901297098
1.2,4318.106660295323,0.7083444369384195,68.68308025408778
1.2,4230.746816323916,0.7081863677067757,68.3696597573686
1.2,4188.149285812759,0.7080248752589833,68.54747972568508
1.2,4137.606911953583,0.7078723410726643,67.74323244479561
1.2,4120.523821054487,0.7077153517174073,66.94155387516722
1.2,4057.604669122493,0.7076009591397358,66.61003290484338
1.2,5706.597702140227,0.7095319009648695,81.75971850280513
1.2,5706.597702140227,0.7093987525243833,78.62864764837443
1.2,5444.5868036182055,0.7092631265120376,78.95684820611055
1.2,5181.50494486238,0.7091232795663719,76.50124825862142
1.2,4936.9985161730665,0.7089830341937744,74.22049851793648
1.2,4831.204227945522,0.7088364137331891,74.06521250081157
1.2,4708.92936506648,0.7086826823428484,72.85865537472512
1.2,4608.816641785371,0.7085343827343177,72.2447922932658
1.2,4474.402316873743,0.7083945801084855,70.42875492209161
1.2,4385.199567949135,0.7082413633866018,70.05670584622526
1.2,4340.975435408348,0.7080851327712152,70.22633526868503
1.2,4287.34342562934,0.7079378278701814,69.41037045852816
1.2,4273.52972096977,0.7077853289976512,68.63905071602244
1.2,4206.287346481119,0.7076744542423434,68.2754253227778
1.2,5899.303949898489,0.7095409945000379,83.28425620869493
1.2,5899.303949898489,0.7094117471255315,80.21321255226928
1.2,5629.415815892707,0.7092809428021999,80.60862879836255
1.2,5361.301995606054,0.7091456421037761,78.1570977715564
1.2,5107.966208083823,0.7090101431660933,75.88646323076743
1.2,4997.548856571333,0.7088686960772683,75.72902919616155
1.2,4873.686346040436,0.7087197372222047,74.54134397654364
1.2,4770.03155218922,0.708576175019276,73.90021323097588
1.2,4630.900036711634,0.7084413130927856,72.06376280136891
1.2,4540.715959645178,0.7082925159075876,71.70224014392781
1.2,4494.9296272880565,0.7081411211562405,71.81411002003723
1.2,4436.39916804616,0.7079987383976211,71.06498974224455
1.2,4425.36999659448,0.7078506533825603,70.28109082669455
1.2,4353.656614801582,0.7077433258464418,69.94131845240965
1.2,5813.818561910777,0.7092974604629948,82.20290708446039
1.2,5538.428271969924,0.7091664790405737,79.72401171250921
1.2,5276.950335050832,0.7090356207659589,77.49436523914044
1.2,5160.828791324511,0.7088988918403646,77.34975983740692
1.2,5039.344686762337,0.7087540210491817,76.17136764790949
1.2,4931.407577448283,0.7086151012257346,75.5359871512851
1.2,4786.686367748433,0.7084852031395269,73.70451998076283
1.2,4697.816671344989,0.7083406183179476,73.29219643980302
1.2,4648.328728989987,0.7081937416034104,73.37123437242731
1.2,4584.276135183458,0.7080560815063852,72.67673299362907
1.2,4577.989215154917,0.7079122128990774,71.95623272183032
1.2,4503.08884559605,0.7078080020281231,71.5958400298583
1.2,5997.608341823416,0.7093131533374337,83.7563022240833
1.2,5716.147630490309,0.7091861431725993,81.2679438097037
1.2,5447.211280060355,0.7090593454083514,79.08430281967702
1.2,5325.918139881388,0.7089272309535756,78.94957914371578
1.2,5203.426923906182,0.7087864631212999,77.74570017073233
1.2,5092.708007908835,0.7086516187501171,77.12207810795047
1.2,4940.65374831684,0.7085263558726951,75.29183260931084
1.2,4853.938672598019,0.7083857738526483,74.80355282384997
1.2,4802.851625843929,0.7082430942014911,74.8931214350855
1.2,4733.3687633010695,0.7081098394631745,74.22757976588673
1.2,4731.281365415126,0.7079697583809682,73.45177477973336
1.2,4650.88524608094,0.707868573300909,73.14458761761477
1.2,5895.621146683136,0.7092046325580545,82.76503308365568
1.2,5615.569371672615,0.7090816680201485,80.52923198234275
1.2,5488.738996357472,0.7089537089595016,80.46328004836148
1.2,5366.327786178142,0.7088167065350692,79.29740248334376
1.2,5254.030922270345,0.7086859537746042,78.62412588237851
1.2,5094.441937242769,0.7085649945431376,76.81444893847005
1.2,5011.034634215564,0.7084280870810429,76.22641494158441
1.2,4960.659054144862,0.7082896272227912,76.37953351897343
1.2,4881.141541918896,0.7081605712066319,75.73213715482213
1.2,4884.635814217918,0.7080240725223399,74.98671843429354
1.2,4798.80998155431,0.7079258185256224,74.71927561496447
1.2,5785.811160240537,0.709102940607162,81.9697046519864
1.2,5653.420708487251,0.7089787929115613,81.94693544820537
1.2,5529.610957846071,0.7088454498427453,80.77866433561806
1.2,5414.328583550273,0.7087186846582093,80.1411447490939
1.2,5249.436051792609,0.7086018102367281,78.32480586829362
1.2,5166.232565243586,0.7084683605804578,77.79467702405742
1.2,5113.894179534029,0.7083337921152795,77.89409611671665
1.2,5029.081288991646,0.7082086093012686,77.2085482647801
1.2,5037.313546715964,0.7080753697897325,76.47860841240309
1.2,4947.829841018375,0.7079797211455464,76.205318368475
1.2,5954.255247196649,0.7091230430004287,83.36212191792373
1.2,5816.942277083882,0.70900259773425,83.3808060776366
1.2,5694.200127812456,0.7088724544677064,82.2477290827869
1.2,5575.503862109008,0.7087493387157459,81.59360715769343
1.2,5403.941140985688,0.7086366805284356,79.76430571311253
1.2,5323.704556027365,0.7085063547917414,79.2695691818126
1.2,5263.310632896853,0.7083751165804071,79.35448297557154
1.2,5176.98303346198,0.7082538271486344,78.64605583991342
1.2,5191.711220174459,0.7081238667870544,77.87949132373036
1.2,5099.060362853513,0.7080307243219226,77.65184288402581
1.2,5982.883391461099,0.709025002892305,84.78912603220584
1.2,5856.177188229254,0.7088979515088228,83.68256385043476
1.2,5735.225596119139,0.7087781448261041,82.99842224285514
1.2,5557.912669619239,0.7086693660496736,81.15585292793614
1.2,5481.566852817486,0.7085422950426001,80.58679537673339
1.2,5423.124700174108,0.7084145181525507,80.68484910633796
1.2,5325.104937832229,0.708296676028759,80.03785002558323
1.2,5342.519979134954,0.7081696669248645,79.31964743859538
1.2,5246.262244237335,0.7080789300928165,79.1615042619363
1.2,5896.661516758456,0.7088058018790769,84.42241963380648
1.2,5711.496015319711,0.7087007958347895,82.51926421347657
1.2,5638.450509787551,0.7085765244659257,82.01929990696922
1.2,5572.149576845358,0.7084516420985041,82.09154460639526
1.2,5473.356016282363,0.7083372629010571,81.38949262833378
1.2,5497.63093300541,0.7082132207133301,80.64864023407904
1.2,5397.210411169524,0.7081246718029918,80.51460125427825
1.2,5867.97896817488,0.7087303815636565,83.88051845907904
1.2,5794.874849328805,0.7086089214628534,83.31115715318738
1.2,5728.389090411278,0.7084871783088521,83.42744912996065
1.2,5620.921444929822,0.7083759273469662,82.75275731106689
1.2,5648.671763277782,0.7082545197089167,82.05380816474123
1.2,5542.265538087651,0.7081681699997618,81.91926586460585
1.2,5951.655171341882,0.7086401811105874,84.68826682328972
1.2,5877.055115893793,0.7085210056409386,84.75305452653636
1.2,5769.314741662103,0.7084127789224677,84.03046223985501
1.2,5804.602291911233,0.7082939025602069,83.2835649852597
1.2,5694.202061166721,0.7082096468164237,83.198334031193
1.2,5916.936421894162,0.7084479279517989,85.32135958541286
1.2,5956.577199311938,0.708331478447418,84.6775324911834
1.2,5838.8288896989925,0.7082493258379711,84.57020868699573
1.2,5988.025004125843,0.7082870853755806,85.90272196645685
1.2,4064.0341351233938,0.7094264163982882,67.5844397414637
1.2,4064.0341351233938,0.7092474554909801,66.13152557117833
1.2,4265.830689012208,0.7094446718940663,69.7647537808112
1.2,4265.830689012208,0.7092727462101537,68.41511168430426
1.2,4156.560165135037,0.709097384878315,67.34605173768037
1.2,4034.7886639036055,0.7089204086951959,64.85439152078841
1.2,4466.88491809722,0.7094616231934475,71.8263175666541
1.2,4466.88491809722,0.7092957964694656,70.69443411643931
1.2,4352.524845835063,0.7091282478122983,69.5011582842764
1.2,4224.0702057301405,0.7089593601433261,67.08906720867871
1.2,4057.520103864701,0.7087982995384333,64.9607844612317
1.2,4667.585909479631,0.7094775073579469,73.83310642217033
1.2,4667.585909479631,0.7093167208564837,72.72498772483837
1.2,4546.095663303106,0.7091560590570314,71.56944566295041
1.2,4410.972323880169,0.7089950538954383,69.24227992562162
1.2,4242.961949213552,0.7088413422361979,67.03591647570347
1.2,4142.910941094332,0.708686421146575,67.75015675931662
1.2,4130.537215949691,0.7085164702072304,65.56901045289017
1.2,4039.895039575581,0.7083442054951334,65.53753306895184
1.2,4019.080986675512,0.7080154729223287,63.39738872892794
1.2,4867.711789131548,0.709491486441712,75.75371833020476
1.2,4867.711789131548,0.7093358725983793,74.76144734978959
1.2,4740.187479344305,0.7091818777455742,73.48599849614791
1.2,4599.416327602572,0.7090277160489188,71.27069895932611
1.2,4426.233608231967,0.708880559845352,69.00463985838431
1.2,4322.739428918613,0.7087323704201344,69.76869557260683
1.2,4309.642975358731,0.7085693032677509,67.5613627070113
1.2,4217.67613358848,0.7084035044719617,67.55633518752504
1.2,4125.2770233447,0.7082459790816066,69.81296900737897
1.2,4194.379433184497,0.708087889868025,65.3983653616308
1.2,4046.8713166029374,0.7079246749927137,67.53996170830405
1.2,4075.187815872338,0.7077687038407046,67.05166279735988
1.2,4014.592988139977,0.7076180715037641,67.66920202524219
1.2,4025.77399853433,0.7075009461119316,65.79518719044427
1.2,5067.664543296769,0.709503797307419,77.58152061209836
1.2,5067.664543296769,0.7093532488487502,76.666733979775
1.2,4934.754384352859,0.7092055809888022,75.39484492025053
1.2,4789.132484663791,0.7090578105025627,73.20967936977472
1.2,4609.747170848786,0.7089167628505036,70.96385959046782
1.2,4502.91066109897,0.7087747477715176,71.69537115729742
1.2,4489.7946354924,0.7086177833443047,69.47101613506254
1.2,4393.939489100141,0.70845802669839,69.51954423125284
1.2,4298.418751707623,0.7083068472767906,71.79632988470358
1.2,4370.545559949908,0.7081547005337809,67.3900315610689
1.2,4219.435461766904,0.7079970195482962,69.47528055092135
1.2,4247.949913870337,0.7078467738418186,68.96558549673132
1.2,4183.810759376117,0.7077019411651154,69.77432887006546
1.2,4196.485757787499,0.7075889514938959,67.78385001331966
1.2,5267.322810205126,0.7095153948836967,79.28875377715575
1.2,5267.322810205126,0.7093693234099323,78.49926447128529
1.2,5127.724182844712,0.7092272831962023,77.2371671222287
1.2,4977.22747628179,0.7090853307310044,75.10748582879816
1.2,4792.73843576951,0.7089500597119369,72.78957126786774
1.2,4681.929793079254,0.7088138921107074,73.55794760348955
1.2,4667.859773214189,0.708662593007952,71.2484313655786
1.2,4569.627015410472,0.7085083311402848,71.4042844802746
1.2,4470.259932743952,0.7083629573117969,73.72474345428459
1.2,4545.713678860124,0.7082163337572855,69.2912968107813
1.2,4391.659741938331,0.708063887395192,71.34575790181508
1.2,4419.545484931529,0.7079190722197863,70.83098770950677
1.2,4352.332265259716,0.7077796345622094,71.73971186686443
1.2,4367.600866030096,0.7076702535998078,69.65841083547984
1.2,5466.964582189204,0.709526039244153,80.90351879042427
1.2,5466.964582189204,0.7093838562369909,80.26610249073207
1.2,5318.85039328306,0.7092470994109548,79.03216606997785
1.2,5161.7893432729625,0.7091107437250955,76.95009871143387
1.2,4975.156161123051,0.7089807956765162,74.55677960593997
1.2,4860.635284495521,0.7088500274477524,75.36058069149159
1.2,4845.615514684693,0.7087040689337472,73.02047197554666
1.2,4746.26977231223,0.708554865278992,73.2101680484643
1.2,4641.324782852408,0.7084147500563528,75.5663805370872
1.2,4721.126127462433,0.7082733394631039,71.13355980415433
1.2,4563.40274728692,0.7081259368652071,73.14716910981957
1.2,4591.705457453824,0.7079860209025299,72.62531549559661
1.2,4521.440719622545,0.707851109827337,73.68033236231324
1.2,4537.978997472827,0.7077451460766198,71.53496455879043
1.2,5665.341683359556,0.7095358491917096,82.5361065129151
1.2,5665.341683359556,0.7093974414034203,81.98322761985594
1.2,5509.898286646755,0.7092656202602305,80.73001113802603
1.2,5349.079746218548,0.7091343999292353,78.70269617181127
1.2,5156.6773516001085,0.7090094357141723,76.27320720460219
1.2,5039.85389200365,0.7088836145235797,77.09570313173234
1.2,5023.372428986704,0.7087426674549304,74.75859219707172
1.2,4922.932262258862,0.7085980803269933,74.94735775632735
1.2,4813.657740793252,0.7084627868762782,77.3752025380463
1.2,4893.087049822474,0.7083262732484188,72.91712870793279
1.2,4734.467967221336,0.7081834876971707,74.88783408038294
1.2,4763.305428219569,0.7080482773489071,74.36021529446
1.2,4690.363371859061,0.7079178145773184,75.56668612060109
1.2,4708.08190907485,0.7078147270035137,73.32270472090943
1.2,5863.670941855757,0.7095451830840465,84.09009723835678
1.2,5863.670941855757,0.7094100778313677,83.61227164376061
1.2,5700.729479659808,0.7092827249177652,82.47379041872823
1.2,5535.385172668258,0.7091565326268977,80.43846719840442
1.2,5341.401733835248,0.7090363287363454,77.9615805973419
1.2,5218.786538571924,0.7089153516557867,78.81281075648192
1.2,5201.6535299437855,0.7087789648533628,76.44114554932476
1.2,5099.935107897316,0.7086386641492998,76.66135967640481
1.2,4986.351979798331,0.7085080986229719,79.11293367038559
1.2,5069.061957794357,0.7083761589979679,74.638087038928
1.2,4905.31630427214,0.7082375558926057,76.58080617347878
1.2,4934.2496984337085,0.7081066208654775,76.07850024048484
1.2,4856.621251755468,0.707980522870084,77.39548040759159
1.2,4878.2760406485895,0.7078799920361605,75.05024969895898
1.2,5891.386105228171,0.7092988868045508,84.09268768356094
1.2,5721.86637762768,0.7091771389776078,82.11530995774427
1.2,5522.908927514049,0.7090613526922446,79.60066862588108
1.2,5396.805268390975,0.7089449984698829,80.44562066211209
1.2,5380.887418900058,0.7088128367588951,77.99617114667497
1.2,5277.425563625922,0.7086764908140706,78.29979945930901
1.2,5157.040669442948,0.7085503255130704,80.79365308340597
1.2,5242.894524416707,0.7084226356898237,76.26987219757348
1.2,5076.828702924955,0.7082878941253052,78.2220664136467
1.2,5105.6952145164405,0.7081610316929192,77.67024601672315
1.2,5021.5127959204,0.7080388687550454,79.13919422721176
1.2,5047.325027863592,0.7079404590369627,76.74123434234986
1.2,5909.857315853208,0.7091968089617219,83.69929388993002
1.2,5702.426250402033,0.7090850944157627,81.19300009146066
1.2,5573.470277350591,0.7089729030771954,82.05309283951833
1.2,5558.982812980029,0.7088448630128248,79.54696378867355
1.2,5454.632153821443,0.7087122529994195,79.89018171933174
1.2,5328.62044510521,0.7085901555698584,82.42376426306163
1.2,5416.517404526977,0.7084661542176827,77.81985264491567
1.2,5251.09083998708,0.7083348333152291,79.83802014267316
1.2,5277.428999058745,0.7082120678037983,79.25849519191604
1.2,5185.787138749605,0.7080938643186216,80.81176024358804
1.2,5216.574211405391,0.7079972487233501,78.41095319361506
1.2,5883.279905696855,0.709107078412378,82.7371817828752
1.2,5751.235884657852,0.7089989434884206,83.6146173550592
1.2,5736.514694298893,0.7088745687364335,81.02955148310244
1.2,5631.361358862293,0.7087454762544103,81.42205385821767
1.2,5499.320936078752,0.7086271140304171,84.02905237920088
1.2,5589.674768093412,0.7085069360592859,79.4374829225763
1.2,5422.337449547975,0.7083791705990576,81.3836419513247
1.2,5445.448467381021,0.7082599452345854,80.7628617464118
1.2,5351.026555265083,0.7081452634625034,82.46126214211888
1.2,5385.929004930238,0.7080509167966774,79.98166360634382
1.2,5928.709604003287,0.7090235874140809,85.17793636934864
1.2,5914.30299252087,0.7089028885259732,82.4954429936889
1.2,5807.248472504636,0.7087772076752212,82.97070794388262
1.2,5669.108586694003,0.708662593007952,85.62356474114884
1.2,5763.534537666516,0.7085456699463761,80.94108450976616
1.2,5595.052436456723,0.7084210120334298,82.96769692469815
1.2,5617.041754607903,0.7083055757106306,82.32090543092657
1.2,5517.280095016632,0.7081942025231506,84.07298156296632
1.2,5556.06142941793,0.7081021383088597,81.53344836533442
1.2,5983.698505825074,0.708806974262566,84.44214270095276
1.2,5838.718700478294,0.7086956530022264,87.1524330682552
1.2,5937.514411086116,0.7085818830788284,82.4190451140309
1.2,5767.192161085232,0.7084603486564639,84.49865986397508
1.2,5788.105762120653,0.708348371706121,83.84819574687009
1.2,5684.408957750712,0.7082402095571634,85.64781375632694
1.2,5727.933038090704,0.7081505571181151,83.08276317887024
1.2,5941.834002130998,0.7084979855958886,85.99236957823807
1.2,5959.284782640587,0.7083891338758544,85.25886461248861
1.2,5849.838187979671,0.7082839660858207,87.20881349734469
1.2,5899.955278442495,0.7081962767365334,84.5843413900801
1.2,4070.6654264862527,0.7076979644472803,68.15386608775773
1.2,4070.6654264862527,0.7075342896385631,66.83889126606137
1.2,4262.405862782748,0.7077141013638946,70.16746518352444
1.2,4262.405862782748,0.7075562346310112,69.06521477176338
1.2,4154.384917995844,0.7073967133731873,67.90290878020205
1.2,4032.869731227633,0.7072359017451332,65.54966335544202
1.2,4453.8065367499385,0.7077292222710841,72.12755733172351
1.2,4453.8065367499385,0.7075761554362008,71.04851904678408
1.2,4338.997766742225,0.7074231932183321,69.92304064472448
1.2,4211.121896194784,0.7072698899553211,67.65273239628065
1.2,4051.78487027539,0.7071235180932136,65.50009096940377
1.2,4644.662943279576,0.7077425295255011,74.00348763462435
1.2,4644.662943279576,0.7075943884068948,73.03760733723558
1.2,4524.108467896353,0.7074477755183451,71.79493915060561
1.2,4390.844365393464,0.7073009908151493,69.63389251966115
1.2,4226.573458642749,0.7071608642707384,67.42290303271548
1.2,4128.742046426512,0.707019741912478,68.17252804228724
1.2,4117.239202597419,0.7068644374791777,66.01898087459824
1.2,4030.4701872559112,0.706739689746758,66.0247501090941
1.2,4010.2318791553057,0.7065314654990356,63.94167617557235
1.2,4835.358573604038,0.7077542486474279,75.78877555035952
1.2,4835.358573604038,0.7076109308888902,74.89856527864502
1.2,4709.67474430663,0.7074703433556643,73.65932670940862
1.2,4571.782087832155,0.7073296461989457,71.52768552011618
1.2,4401.59316131874,0.7071953389531861,69.33644720382242
1.2,4300.571952977125,0.7070600995370371,70.05421904546989
1.2,4289.047516434171,0.7069106112060408,67.88403338819187
1.2,4198.57069336306,0.706775660582949,67.93868495280425
1.2,4108.551368555529,0.7066759206469021,70.17734717382713
1.2,4178.525003184485,0.7065755430606443,65.88331166339084
1.2,4034.3882657895415,0.7064715151459416,67.93573222092964
1.2,4061.999526278242,0.7063723936193351,67.4503870850738
1.2,4000.9925621326975,0.7062768444520475,68.25410218368866
1.2,4013.426189244446,0.7062023037706738,66.31665199902564
1.2,5025.7715043513,0.7077652886897718,77.45628433549903
1.2,5025.7715043513,0.7076262339941499,76.68845616337381
1.2,4893.716775831486,0.707491005739505,75.45874095228893
1.2,4751.173962693113,0.7073558500201103,73.38127378952447
1.2,4576.116487236911,0.7072270455987199,71.1195673231907
1.2,4471.302908858426,0.7070973773651971,71.87330128518367
1.2,4458.863065491292,0.7069532879916863,69.61989330992643
1.2,4366.121299364287,0.7068088487838297,69.77605119921866
1.2,4272.301712566057,0.7067129389390131,72.05707236059976
1.2,4345.863884678703,0.7066162050013912,67.7366930063511
1.2,4198.918710194992,0.7065156301877705,69.75875222407122
1.2,4225.9305961572,0.7064200908469528,69.2683526071821
1.2,4161.9879692483855,0.7063281002588231,70.16963616894094
1.2,4176.9026030119,0.706255939681066,68.14349348642469
1.2,5216.169627790041,0.7077754212759153,79.03347352935147
1.2,5216.169627790041,0.7076400692353038,78.41418959683485
1.2,5076.002546176794,0.7075098722701618,77.21194249462567
1.2,4927.1958859846745,0.7073800470374921,75.18095468839476
1.2,4750.0931257690245,0.7072563131152684,72.84554764000526
1.2,4641.7355565766375,0.7071317889261098,73.63383790701447
1.2,4628.384633077489,0.706992788743646,71.35052671055993
1.2,4534.585348801833,0.7068506861029079,71.5391430356793
1.2,4435.421635509142,0.7067471089757161,73.85212931335235
1.2,4513.042620735338,0.7066538140820371,69.53252097906304
1.2,4362.988739992938,0.7065565665439095,71.51437852500658
1.2,4390.400630424089,0.7064642589763452,71.01696960745586
1.2,4323.544231764084,0.706375254180016,72.06114664566942
1.2,4339.674723371182,0.7063053475024659,69.97248036243735
1.2,5405.361885113153,0.7077847595124475,80.62808368877597
1.2,5405.361885113153,0.7076530021999323,80.09136519362625
1.2,5258.21314761914,0.7075275053213808,78.87023830216212
1.2,5105.821809244892,0.7074025710080051,76.90048202809592
1.2,4923.213728521882,0.7072835843760858,74.52192851637342
1.2,4812.657870212302,0.7071637731470117,75.3284312746013
1.2,4797.907724349742,0.7070295482753781,73.04803627429976
1.2,4703.06809988609,0.7068918456780354,73.23571502937934
1.2,4599.777829636851,0.7067788010945008,75.61524424782182
1.2,4676.90043245021,0.70668873681901,71.27109051820783
1.2,4526.410419506005,0.7065945351063069,73.21076332365524
1.2,4554.335029932291,0.7065053316806167,72.70761812659698
1.2,4484.922228091307,0.7064192611432376,73.89969433191257
1.2,4502.182364287242,0.7063512515333318,71.71474051028603
1.2,5594.506864883377,0.7077936445360872,82.1459164281701
1.2,5594.506864883377,0.7076650318830261,81.68250235943005
1.2,5440.21735731846,0.7075437898997519,80.5734259607985
1.2,5283.509096636454,0.7074236441134701,78.58802519417151
1.2,5099.391899263874,0.7073091917078028,76.17091089530591
1.2,4983.305646065981,0.7071939951419677,77.00543173128787
1.2,4967.928242573444,0.7070641155768983,74.69126354442304
1.2,4871.873541847641,0.7069304982500297,74.90964455981465
1.2,4764.477099934245,0.7068086953811908,77.30894303471482
1.2,4844.589379822957,0.7067216486892679,72.94851665700116
1.2,4689.537322817295,0.7066302061330875,74.86061144640593
1.2,4717.640968431462,0.7065438230405331,74.38212657363157
1.2,4643.750959124886,0.706460631745013,75.68203139079714
1.2,4664.775293117,0.7063943085398628,73.39822722893615
1.2,5783.67066062305,0.7078020760009592,83.61119213936655
1.2,5783.67066062305,0.7076762708927251,83.25031944531757
1.2,5622.055152323494,0.707559176761548,82.1546156371639
1.2,5461.362773654358,0.7074432637046806,80.22578890096618
1.2,5272.499339893705,0.7073330189741124,77.77175763154052
1.2,5153.081780700479,0.707222226114187,78.60008611247963
1.2,5138.858975910142,0.7070963723464708,76.20990383895605
1.2,5041.145193220496,0.706966524058685,76.50976243632631
1.2,4927.261140471129,0.7068463622064114,78.94964415439814
1.2,5010.341914290287,0.7067523114917634,74.53890574855251
1.2,4852.978304226809,0.7066634164235682,76.46005064170176
1.2,4881.426235352038,0.7065797199777389,75.93306003741768
1.2,4801.273242677252,0.7064991244989063,77.38132569641652
1.2,4826.273320856686,0.7064342003715494,75.04614274648235
1.2,5972.810017113755,0.7078100535787337,85.00574904639168
1.2,5972.810017113755,0.7076870591985779,84.76534164419311
1.2,5805.884782498152,0.7075737779245055,83.68247495101468
1.2,5640.655753531565,0.7074619915520447,81.77283386742154
1.2,5443.704061341389,0.7073556250105723,79.3269290438397
1.2,5321.562895671056,0.7072487976436862,80.16999806701456
1.2,5308.701358505519,0.7071268708956271,77.72442058235653
1.2,5210.143086890451,0.7070005829553356,78.06293427826526
1.2,5090.894050122807,0.7068842979290042,80.54157073322175
1.2,5175.9196513975885,0.7067810226869705,76.04945100611518
1.2,5019.047507210341,0.7066943842760764,78.03488944387715
1.2,5045.487284485409,0.7066133905747679,77.4806950872877
1.2,4958.204982850004,0.7065354070666814,79.0111437950214
1.2,4987.961371495655,0.7064716663403479,76.67337079606922
1.2,5985.929855070326,0.7075871393776773,85.22325690664674
1.2,5814.582961225723,0.7074791487755466,83.3233258462744
1.2,5616.188681883774,0.7073765571266932,80.83507849053026
1.2,5491.097725698064,0.7072735936512254,81.69503698656742
1.2,5478.007125227347,0.7071551591068934,79.1723222039083
1.2,5378.688135894139,0.7070322232205509,79.55896265421292
1.2,5253.6901456635605,0.7069194978547905,82.10927471359275
1.2,5341.056775610745,0.7068079283830964,77.62620776154894
1.2,5182.234834040921,0.7067236355793467,79.54106528882934
1.2,5205.873074052257,0.7066449773336996,78.94645243026815
1.2,5116.059308082683,0.7065693170525389,80.61855620982033
1.2,5149.750579920191,0.7065070730182188,78.20386833532872
1.2,5992.7493896161,0.7074960885303866,84.79081758180024
1.2,5792.122370836706,0.7073966007360246,82.37298948820892
1.2,5660.35054641055,0.7072970595666174,83.22184044140884
1.2,5647.556498068666,0.7071821270701301,80.60391834074693
1.2,5546.425451107877,0.7070624421703244,81.07139541855601
1.2,5415.610135725602,0.7069532879916863,83.6664517076551
1.2,5506.858835450722,0.7068419280038707,79.09382308241942
1.2,5346.921169957662,0.7067512402906893,81.0848908239869
1.2,5369.392320171568,0.7066750817388024,80.46472881878438
1.2,5274.881250105373,0.7066016041134445,82.1890808488525
1.2,5312.281161273781,0.7065408657285907,79.7159021801939
1.2,5964.208013643693,0.7074154161961602,83.87100642888397
1.2,5828.958471592405,0.7073190802885191,84.71421590522468
1.2,5817.548278724588,0.7072074355972426,82.00979622454905
1.2,5714.701455061115,0.707090789440175,82.50839745769224
1.2,5577.36207137656,0.7069847736730638,85.15951499624565
1.2,5672.779414056409,0.7068764189523965,80.5371627582174
1.2,5511.093693913447,0.7067771924870422,82.57693209349847
1.2,5532.4068122928575,0.7067033161582587,81.95306795743703
1.2,5434.540376440975,0.7066319568676718,83.72366557081489
1.2,5476.474469287942,0.7065728094855389,81.22561535331631
1.2,5997.914968207035,0.7073398779594418,86.16574799727474
1.2,5986.720880857271,0.7072314173379523,83.37130346224703
1.2,5882.37164421649,0.707117595601781,83.92914957561389
1.2,5739.680038837245,0.7070146169654704,86.63895511861685
1.2,5838.170269082243,0.706909500535765,82.03558540624836
1.2,5677.651818389412,0.7068020233406563,84.032602178636
1.2,5695.524579674376,0.7067302088069034,83.3274822075308
1.2,5592.341250188102,0.7066608249251358,85.24479489716026
1.2,5640.810308040858,0.7066029725569208,82.68876135779597
1.2,5902.902656346813,0.7070431480604309,88.11649947680559
1.2,5840.026876909235,0.7068302909344636,85.53341093442957
1.2,5860.433668865055,0.7067555253900558,84.73059689987441
1.2,5747.379120786169,0.7066880500595152,86.72781128496469
1.2,5802.364059882702,0.7066316523826212,84.12616191509194
1.2,5906.762354254272,0.7067138556015845,88.1922509371152
1.2,5963.333266773187,0.7066588433857591,85.57149707762774
