K,Rem,cdrag
1.2,7131.105904891073,1.5227713754967784
1.2,7131.105904891073,1.5877888759752274
1.2,6908.01524021868,1.5595474588886382
1.2,7131.020332953521,1.522780862531776
1.2,7131.020332953521,1.5878067817468886
1.2,6907.870174757378,1.559569937454699
1.2,7130.870584327974,1.5227969525783145
1.2,7130.870584327974,1.5878321205794963
1.2,6907.662943228595,1.5596044318515063
1.2,7130.635270883798,1.5228225305741716
1.2,7130.635270883798,1.587870207230402
1.2,6907.352106621368,1.55964873725858
1.2,7130.357182354719,1.5228526484576408
1.2,7130.357182354719,1.5879184632349803
1.2,6906.958398659419,1.5597104590003712
1.2,7130.014933197798,1.5228897814573032
1.2,7130.014933197798,1.5879768904761953
1.2,6906.481832333914,1.5597819969251732
1.2,7129.608531882978,1.5229339306634215
1.2,7129.608531882978,1.588048071975214
1.2,6905.901705315812,1.559870959001349
1.2,7129.13798846711,1.5229846872684836
1.2,7129.13798846711,1.5881266954435067
1.2,6905.259473932269,1.5599694171543592
1.2,7128.603314593318,1.523042872963167
1.2,7128.603314593318,1.5882208145518744
1.2,6904.49301136147,1.5600856383789894
1.2,7128.004523490301,1.5231076692271803
1.2,7128.004523490301,1.5883223823565569
1.2,6903.664490888915,1.560213902313324
1.2,7127.3630127514325,1.5231774226075911
1.2,7127.3630127514325,1.588434291345455
1.2,6902.753223606111,1.5603523345088333
1.2,7126.636031215226,1.5232562658990183
1.2,7126.636031215226,1.5885588207686103
1.2,6901.738532951713,1.560507895828981
1.2,7125.844981464516,1.5233421361779758
1.2,7125.844981464516,1.58869354761148
1.2,6900.641164274343,1.5606758494673398
1.2,7125.011259375218,1.5234325594897915
1.2,7125.011259375218,1.5888384771389985
1.2,6899.461153739049,1.5608562036320737
1.2,7124.113504780839,1.5235300143808963
1.2,7124.113504780839,1.5889910311762767
1.2,6898.219237101104,1.5610489671401742
1.2,7123.130368673331,1.523636980875276
1.2,7123.130368673331,1.5891615516988575
1.2,6896.832672203732,1.5612592287018474
1.2,7122.0832517250665,1.5237505753227187
1.2,7122.0832517250665,1.5893395565627124
1.2,6895.384294998176,1.5614790533355387
1.2,7121.014910410703,1.5238666658019189
1.2,7121.014910410703,1.589525358687897
1.2,6893.874141226329,1.561714188391755
1.2,7119.839904524485,1.5239943460949188
1.2,7119.839904524485,1.5897238282373365
1.2,6892.260886968362,1.5619614491599432
1.2,7118.643717362271,1.5241245280265965
1.2,7118.643717362271,1.5899326957883728
1.2,6890.565274443776,1.5622215044384182
1.2,7117.340937228203,1.5242663090223674
1.2,7117.340937228203,1.5901568370016486
1.2,6888.746017558137,1.5624987976431657
1.2,7115.995672197622,1.524412667165964
1.2,7115.995672197622,1.590388653675529
1.2,6886.865202975849,1.562788586822625
1.2,7114.586596665406,1.5245660855745065
1.2,7114.586596665406,1.590630741826209
1.2,6884.902216665714,1.5630908861994828
1.2,7113.135089081137,1.5247240879484396
1.2,7113.135089081137,1.59088311094919
1.2,6882.857123116501,1.5634057106188608
1.2,7111.598494206957,1.5248916400958263
1.2,7111.598494206957,1.59114836185566
1.2,6880.709340652863,1.5637356233686404
1.2,7109.998197664068,1.5250658559736965
1.2,7109.998197664068,1.591421169872675
1.2,6878.500242832662,1.5640777661588028
1.2,7108.334238909852,1.525247562081098
1.2,7108.334238909852,1.59170962936328
1.2,6876.1679746696445,1.564435363534053
1.2,7106.627984763323,1.525433459111313
1.2,7106.627984763323,1.5920056679648646
1.2,6873.774540112718,1.5648077789176695
1.2,7104.858142210173,1.5256268560905826
1.2,7104.858142210173,1.5923147920899057
1.2,6871.278751948349,1.5651931395987946
1.2,7103.003438936855,1.525829421585528
1.2,7103.003438936855,1.5926341128727908
1.2,6868.701328307462,1.5655882525818496
1.2,7101.106557122147,1.5260366039515916
1.2,7101.106557122147,1.592961200140166
1.2,6866.062962172525,1.565998573017188
1.2,7099.124917249896,1.5262533791297834
1.2,7099.124917249896,1.5933038574940843
1.2,6863.301914794053,1.5664241252464877
1.2,7097.1011836435455,1.5264747822861255
1.2,7097.1011836435455,1.593656906879399
1.2,6860.459508294691,1.5668649345333951
1.2,7095.014095436366,1.5267033052071064
1.2,7095.014095436366,1.5940177618820175
1.2,6857.556420850313,1.5673159077273808
1.2,7092.863703945709,1.5269385434161156
1.2,7092.863703945709,1.5943914819523706
1.2,6854.551569205368,1.5677844166671877
1.2,7090.65006202376,1.5271813262980056
1.2,7090.65006202376,1.5947757913900171
1.2,6851.465644745568,1.5682634646096263
1.2,7088.373224054276,1.5274308384905892
1.2,7088.373224054276,1.595173000770742
1.2,6848.278188264017,1.5687601045118154
1.2,7086.033245949281,1.5276874986315654
1.2,7086.033245949281,1.5955780731299112
1.2,6845.03043172016,1.569267002132032
1.2,7083.651447905134,1.5279492341856544
1.2,7083.651447905134,1.5959963887078743
1.2,6841.681370546209,1.5697896433906728
1.2,7081.185356599815,1.5282202124440287
1.2,7081.185356599815,1.5964250509556714
1.2,6838.251673693613,1.570324829857363
1.2,7078.656301858393,1.5284983621165655
1.2,7078.656301858393,1.5968668410646938
1.2,6834.720929989773,1.5708729181456549
1.2,7076.085587690997,1.52878119698141
1.2,7076.085587690997,1.5973165585272613
1.2,6831.130308957241,1.57143650891624
1.2,7073.4307862832,1.5290733016470068
1.2,7073.4307862832,1.5977766747886084
1.2,6827.459394887077,1.5720127301559916
1.2,7070.734439123466,1.529370518436096
1.2,7070.734439123466,1.5982501317592652
1.2,6823.687814386095,1.5726048488324202
1.2,7067.932930648876,1.5296795218854768
1.2,7067.932930648876,1.598739259424375
1.2,6819.795238815082,1.5732148185085286
1.2,7065.132434907754,1.5299886585543367
1.2,7065.132434907754,1.5992339263307422
1.2,6815.863742427632,1.5738355994855435
1.2,7062.226930196211,1.5303096022031055
1.2,7062.226930196211,1.5997416903473614
1.2,6811.832007380868,1.5744691383960006
1.2,7059.280123036648,1.5306352786817088
1.2,7059.280123036648,1.6002574897446389
1.2,6807.7410950413705,1.5751157978760033
1.2,7056.292061195866,1.5309661068050582
1.2,7056.292061195866,1.600786740288839
1.2,6803.55022901261,1.5757785295642144
0.3,8534.893084703353,2.123308650228056
0.3,8534.893084703353,2.223830682737471
0.3,6706.130819754945,2.3545372307488126
0.324,8174.960747340116,2.276070341621946
0.324,8174.960747340116,2.386929242334465
0.324,6610.946181119483,2.116045715067744
0.349,8663.728442436863,2.0292466964050067
0.349,8663.728442436863,2.1603048404712557
0.349,6884.3659781742845,2.314175890010327
0.373,8503.829269412488,2.092836014165236
0.373,8503.829269412488,2.3457245650614325
0.373,6659.844453239944,2.425572053159355
0.398,8800.516089873861,1.8000662689824038
0.398,8800.516089873861,2.1450524566132976
0.398,6906.890007723249,2.19741942908472
0.422,8838.266008440114,1.99335404867553
0.422,8838.266008440114,1.8992074571123152
0.422,7371.245644312059,2.310971659202673
0.447,8569.096489549747,1.6915589460482736
0.447,8569.096489549747,2.200188492523222
0.447,6995.803941223411,2.171061032551121
0.471,8697.377564534056,1.8693232305513747
0.471,8697.377564534056,2.1440523721905462
0.471,6811.906175506413,1.8731624657769868
0.496,8283.218658626965,2.17729134278948
0.496,8283.218658626965,2.3704465671574098
0.496,6945.681454304099,2.249884089076314
0.52,8473.793743525286,1.923239109218356
0.52,8473.793743525286,2.2852952462823364
0.52,6722.534660199848,2.1861739638242823
0.545,8520.753438462523,1.855563925140008
0.545,8520.753438462523,2.1223789503706807
0.545,7060.822254236153,2.070796293050866
0.569,8458.833495102288,1.7434543520687062
0.569,8458.833495102288,1.9606297910669983
0.569,7246.896012851935,1.9618205701934548
0.594,8429.628396256936,1.773754453513388
0.594,8429.628396256936,1.9827857039087224
0.594,7258.087964552628,1.899079159386128
0.618,8385.077766261764,1.7083495760596168
0.618,8385.077766261764,1.8391197714045315
0.618,7635.876140008206,1.816558523128235
0.643,8338.474876137509,1.7169048972947492
0.643,8338.474876137509,1.9197666403034264
0.643,7390.489473049488,1.9024276424741329
0.667,8376.338460510347,1.6563118772642913
0.667,8376.338460510347,1.9467754699162525
0.667,7384.130430919237,1.92845139213136
0.692,8302.205705915616,1.6216183182711368
0.692,8302.205705915616,1.7020476459080631
0.692,7508.688801059829,1.987941104126259
0.716,8082.746459506743,1.7712530655272565
0.716,8082.746459506743,1.7377810519208778
0.716,7536.312829908886,1.867875681165006
0.741,8095.767088147944,1.6769450078943782
0.741,8095.767088147944,1.5812310238857668
0.741,7693.173186255228,1.793175266151875
0.765,8044.94545585651,1.7727290060062606
0.765,8044.94545585651,1.8431393294482636
0.765,7046.284345731196,2.0128879472755443
0.79,7992.56221689336,1.6661986020865518
0.79,7992.56221689336,1.7136448970753038
0.79,7576.221333976639,1.725006145645072
0.814,7973.545307777414,1.7137665269955389
0.814,7973.545307777414,1.721096051562079
0.814,7284.676726785651,1.8543475122572848
0.839,7947.781668321602,1.6537858464508863
0.839,7947.781668321602,1.7066696388789189
0.839,7369.720935243036,1.6027901035729166
0.863,7803.024731822893,1.769464666012084
0.863,7803.024731822893,1.5240361291350706
0.863,7276.963906474242,1.6016159263251375
0.888,7807.964688705028,1.693498173159195
0.888,7807.964688705028,1.5030712021508792
0.888,7341.614681649294,1.5609812823276987
0.912,7745.418064219927,1.5013490665516902
0.912,7745.418064219927,1.508440041587357
0.912,7472.225419195763,1.6286648326656907
0.937,7647.167436106145,1.6608367578543577
0.937,7647.167436106145,1.617523771137691
0.937,7179.261473915532,1.5695649490431882
0.961,7638.225570652393,1.6891705957582452
0.961,7638.225570652393,1.5603929351487256
0.961,7112.81016886591,1.6741276740678508
0.986,7564.592543267568,1.6511618941913813
0.986,7564.592543267568,1.652861674951349
0.986,7103.912904869386,1.6691310335606553
1.01,7494.317928766846,1.609467314392869
1.01,7494.317928766846,1.6533529992505145
1.01,7159.29630312287,1.6045524361231935
1.035,7440.704488508703,1.676346959930744
1.035,7440.704488508703,1.5368144588394628
1.035,7159.029415886359,1.6375036002984424
1.059,7394.221975006468,1.6037371565835887
1.059,7394.221975006468,1.5752012111470342
1.059,7026.392315426082,1.6700335942065816
1.084,7365.711381093282,1.6390678876591005
1.084,7365.711381093282,1.505643417738746
1.084,7030.806178665882,1.6694238607941658
1.108,7317.98239108714,1.6375977773169723
1.108,7317.98239108714,1.6213270003461064
1.108,6900.677231699953,1.631856576273713
1.133,7221.002035987378,1.5878996576916595
1.133,7221.002035987378,1.5813466899551327
1.133,6862.299698926509,1.6483313464049747
1.157,7132.5605988044645,1.5735134435568838
1.157,7132.5605988044645,1.5206600508606885
1.157,6950.187314559569,1.687979700878346
1.182,7163.595883547228,1.5440851242320983
1.182,7163.595883547228,1.5376350015269546
1.182,6808.785035460542,1.632639473084915
1.206,7057.056351409875,1.5856963832938955
1.206,7057.056351409875,1.5953389730402274
1.206,6765.0839154094565,1.6167442909236072
1.231,7018.595013704121,1.5264559711484578
1.231,7018.595013704121,1.5933979521005068
1.231,6735.425076758217,1.5685317653492326
1.255,6921.30425172441,1.5357770623307374
1.255,6921.30425172441,1.5884074513983195
1.255,6821.557353027829,1.6851441860382894
1.28,6890.1807913993935,1.559758225856711
1.28,6890.1807913993935,1.5403768158523374
1.28,6615.649834785155,1.6408571080347476
1.304,6821.088670400336,1.586263096740866
1.304,6821.088670400336,1.572342096328733
1.304,6671.461473456462,1.5251105666715734
1.329,6800.056313766236,1.5918361024194372
1.329,6800.056313766236,1.5280839690008945
1.329,6598.684085933174,1.5050985824843337
1.353,6737.061230970875,1.597388922824855
1.353,6737.061230970875,1.5494738747604513
1.353,6539.782781794693,1.5099263369007798
1.378,6696.737949135927,1.5109250712099858
1.378,6696.737949135927,1.5688643824459738
1.378,6612.562410911231,1.5440192038926648
1.402,6673.229174304372,1.4946186491683813
1.402,6673.229174304372,1.5766642421284252
1.402,6541.532504599553,1.3486830551196318
1.427,6643.156316969174,1.5730344175099351
1.427,6643.156316969174,1.4707663599583074
1.427,6472.533664060971,1.340023176123541
1.451,6597.673699399851,1.5471547235207035
1.451,6597.673699399851,1.5330235468461075
1.451,6453.642913436897,1.3339616049024872
1.476,6502.893638830835,1.5289606754419958
1.476,6502.893638830835,1.5288696696845712
1.476,6452.212174857774,1.336025773161183
1.5,6416.111120601743,1.6137515262794453
1.5,6416.111120601743,1.4840115541883026
1.5,6328.033662342158,1.3244511052903174
1.2,6694.559781012756,1.4926772666878316
1.2,6694.559781012756,1.5668322455605015
1.2,6327.061103328397,1.5824816674474795
1.2,6698.503434591133,1.553168445210919
1.2,6698.503434591133,1.5789445960549149
1.2,6293.382699270736,1.5959216812325667
1.2,6707.297168761086,1.51034725754259
1.2,6707.297168761086,1.5542598759292054
1.2,6431.551433123673,1.542480746178594
1.2,6725.578244584792,1.5439435813415257
1.2,6725.578244584792,1.5251510141540914
1.2,6399.411587035001,1.5533236325163065
1.2,6742.395744043513,1.541780409019659
1.2,6742.395744043513,1.5176025701215532
1.2,6402.94721700869,1.568032531762365
1.2,6763.082847529787,1.5526485352366737
1.2,6763.082847529787,1.569574514911066
1.2,6454.446094609006,1.5074491988179528
1.2,6781.643152295435,1.5323313375260137
1.2,6781.643152295435,1.5715139589747136
1.2,6366.428137849949,1.5560620152275464
1.2,6740.753696398968,1.5619727929637577
1.2,6740.753696398968,1.5722831840254312
1.2,6449.025840534736,1.594660530061421
1.2,6745.197903262901,1.6018897148086657
1.2,6745.197903262901,1.609812094753842
1.2,6443.129821790317,1.5109928545555191
1.2,6757.990837253971,1.5923535925932588
1.2,6757.990837253971,1.5697611819759685
1.2,6523.358967524107,1.6072133984117214
1.2,6780.6756923701,1.6104629742908136
1.2,6780.6756923701,1.5701278768901428
1.2,6528.231939765106,1.57076860196952
1.2,6796.926331922868,1.6279348653423202
1.2,6796.926331922868,1.5563852449332871
1.2,6447.992076597535,1.5595661169171864
1.2,6834.5361214796585,1.5954074359690102
1.2,6834.5361214796585,1.6207277251176628
1.2,6458.078713315897,1.4761364710603582
1.2,6889.012767781615,1.518261833541015
1.2,6889.012767781615,1.589583866837606
1.2,6584.283525472432,1.4966900375308478
1.2,6860.8281922489605,1.553468436008192
1.2,6860.8281922489605,1.6183125787776107
1.2,6532.875005360582,1.5380490673555944
1.2,6900.868481724694,1.5721013320595114
1.2,6900.868481724694,1.5899794406541243
1.2,6537.814822042041,1.5013041697919876
1.2,6888.356327135419,1.5614846728547649
1.2,6888.356327135419,1.6253255101485993
1.2,6489.578688131788,1.450905728105896
1.2,6913.3265285847565,1.5168957053959928
1.2,6913.3265285847565,1.5768026868796952
1.2,6637.135400931512,1.4554830223844395
1.2,6911.868566150319,1.5369791879815484
1.2,6911.868566150319,1.5923539629635086
1.2,6672.8747307086505,1.4437051520701312
1.2,6944.638472414229,1.5687813202499412
1.2,6944.638472414229,1.5965837386930195
1.2,6584.679544624226,1.4722821921942313
1.2,6927.226439894174,1.566831541970276
1.2,6927.226439894174,1.6170310043890153
1.2,6685.67395609447,1.5456197732044028
1.2,6913.068033670516,1.5815544483008572
1.2,6913.068033670516,1.6381370448039951
1.2,6644.385808146858,1.4823103326246916
1.2,6929.222498389365,1.5661790524498984
1.2,6929.222498389365,1.5473429798431744
1.2,6766.399033912157,1.6743904958454665
1.2,6943.218565927183,1.577235638753217
1.2,6943.218565927183,1.521645963848927
1.2,6783.512092485448,1.5967591802209675
1.2,6947.658361802775,1.6001946904766386
1.2,6947.658361802775,1.5442877471842544
1.2,6763.353687244727,1.5978266481812955
1.2,6935.440436057354,1.59253647730611
1.2,6935.440436057354,1.5892337526598992
1.2,6737.789408490116,1.5225341617197774
1.2,6975.907898591511,1.594501469149484
1.2,6975.907898591511,1.583211168136827
1.2,6691.225311896428,1.5465683692359358
1.2,6976.233810017858,1.6041804553749284
1.2,6976.233810017858,1.5938498875843066
1.2,6719.753599152969,1.60185863102535
1.2,7014.666565055479,1.6341983403831513
1.2,7014.666565055479,1.5590849277977517
1.2,6696.709166355006,1.5635968408684373
1.2,6993.606409225751,1.5862584903773391
1.2,6993.606409225751,1.4859253729350457
1.2,6845.725175900062,1.63582352442547
1.2,6992.056197832822,1.6079116536682596
1.2,6992.056197832822,1.555648627034066
1.2,6747.600351941925,1.5438738468817137
1.2,7026.874107835827,1.5573566263242538
1.2,7026.874107835827,1.5831111630014811
1.2,6804.583509291068,1.5028158252273018
1.2,7019.409324152348,1.5735472891173712
1.2,7019.409324152348,1.526610630826742
1.2,6767.45714112082,1.5367800915600829
1.2,7051.444803952582,1.6056553520672612
1.2,7051.444803952582,1.529765858314842
1.2,6733.365248304369,1.66727011306
1.2,7090.495599348752,1.531184101146222
1.2,7090.495599348752,1.571919051503042
1.2,6800.635614107868,1.6343466138220282
1.2,7065.416177346896,1.4989274602204858
1.2,7065.416177346896,1.561664365784055
1.2,6786.139424485285,1.5546164495973316
1.2,7091.322459752929,1.5297647963772003
1.2,7091.322459752929,1.522239672633846
1.2,6828.265527244732,1.57844058543606
1.2,7067.699866730541,1.563614617749014
1.2,7067.699866730541,1.5590410408497213
1.2,6773.911261523115,1.6416368215780863
1.2,7059.032197448275,1.5364529278038372
1.2,7059.032197448275,1.5831491909855864
1.2,6740.690145925061,1.534980561192147
1.2,7100.5096727150685,1.5349545757243408
1.2,7100.5096727150685,1.5924312672383931
1.2,6790.697549287032,1.5942492016045853
1.2,7074.401787089921,1.5824202532182252
1.2,7074.401787089921,1.6517726156355952
1.2,6751.610613306026,1.6298645424319786
1.2,7092.152914496303,1.5679811945186024
1.2,7092.152914496303,1.4959891307235516
1.2,6878.323782313055,1.5563311999232343
1.2,7113.404929064886,1.5487031045817004
1.2,7113.404929064886,1.5506147513130015
1.2,6982.170859099036,1.5510550148054938
1.2,7119.568242389679,1.5378929001400576
1.2,7119.568242389679,1.549518544976081
1.2,7013.378940394794,1.6794517469901624
1.2,7118.501422377167,1.521163916202213
1.2,7118.501422377167,1.5909994070005002
1.2,6961.880069244367,1.7085462892682075
1.2,7121.376810968753,1.5210571146195049
1.2,7121.376810968753,1.5637153684772405
1.2,7074.094808708665,1.5290845860774704
1.2,7125.755945552147,1.5695489621066283
1.2,7125.755945552147,1.5415334098849407
1.2,7032.842301602625,1.6238274318889474
1.2,7129.807094843472,1.5636903126685044
1.2,7129.807094843472,1.5902287442902336
1.2,6991.288018059874,1.619163246872434
1.2,7139.438796437915,1.5733782213625025
1.2,7139.438796437915,1.5568821727110196
1.2,7009.78485577386,1.5676900042434776
1.2,7140.362387455938,1.5763382010425586
1.2,7140.362387455938,1.5584579544914667
1.2,7051.540473681404,1.5422207622364197
1.2,7609.739476628782,1.4770902891391666
1.2,7609.739476628782,1.531836682816621
1.2,7353.874004276163,1.511032274828377
1.2,7594.930235267226,1.4785548195164595
1.2,7594.930235267226,1.5334463922029635
1.2,7339.558226625492,1.512561648735609
1.2,7580.146599831096,1.4800225252845527
1.2,7580.146599831096,1.5350595971935246
1.2,7325.267171014274,1.514094348548526
1.2,7565.388503966848,1.4814934167819642
1.2,7565.388503966848,1.53667630918713
1.2,7311.0007734587025,1.5156303851281296
1.2,7550.655881550006,1.4829675043921418
1.2,7550.655881550006,1.5382965396322192
1.2,7296.758970195572,1.517169769382765
1.2,7535.900645469815,1.484449631570394
1.2,7535.900645469815,1.5399256122330065
1.2,7282.495276151002,1.5187175594297186
1.2,7521.218855194856,1.4859301532677305
1.2,7521.218855194856,1.541552925718705
1.2,7268.302550916185,1.520263682980078
1.2,7506.562341144882,1.487413902534657
1.2,7506.562341144882,1.543183792339595
1.2,7254.134229792507,1.5218131872533374
1.2,7491.931038102568,1.4889008899369494
1.2,7491.931038102568,1.5448182237454584
1.2,7239.99024989046,1.523366083349965
1.2,7477.324881074758,1.4903911260865492
1.2,7477.324881074758,1.5464562316370654
1.2,7225.870548536434,1.524922382419079
1.2,7462.743805291508,1.491884621641821
1.2,7462.743805291508,1.548097827766449
1.2,7211.77506327179,1.5264820956587148
1.2,7448.18774620512,1.4933813873078008
1.2,7448.18774620512,1.5497430239371848
1.2,7197.703731851958,1.5280452343160946
1.2,7433.656639489193,1.494881433836457
1.2,7433.656639489193,1.551391832004678
1.2,7183.656492245506,1.529611809687896
1.2,7419.103055825042,1.49638969030482
1.2,7419.103055825042,1.5530496699342795
1.2,7169.587494476342,1.5311869695810163
1.2,7404.621742772245,1.4978963418140876
1.2,7404.621742772245,1.554705749471485
1.2,7155.588331477636,1.5327604637950354
1.2,7390.165190221356,1.4994063067617809
1.2,7390.165190221356,1.5563654768248287
1.2,7141.613075267451,1.5343374289504674
1.2,7375.733334722457,1.500919596090336
1.2,7375.733334722457,1.5580288640600668
1.2,7127.661664658527,1.5359178765447208
1.2,7361.326113042227,1.5024362207904276
1.2,7361.326113042227,1.559695923296225
1.2,7113.73403867223,1.537501818126038
1.2,7346.943462163041,1.5039561919012283
1.2,7346.943462163041,1.5613666667058963
1.2,7099.830136537672,1.5390892652937822
1.2,7332.585319282026,1.505479520510683
1.2,7332.585319282026,1.5630411065155363
1.2,7085.949897690798,1.5406802296987143
1.2,7318.251621810167,1.507006217755774
1.2,7318.251621810167,1.5647192550057574
1.2,7072.093261773557,1.542274723043281
1.2,7303.895584809555,1.508541300627566
1.2,7303.895584809555,1.56640662693072
1.2,7058.215000974865,1.543877985232625
1.2,7289.610670618096,1.5100747798527543
1.2,7289.610670618096,1.5680922420631374
1.2,7044.405467305424,1.5454795834008723
1.2,7275.3500151406515,1.511611661458448
1.2,7275.3500151406515,1.569781603086715
1.2,7030.61935652362,1.5470847459679284
1.2,7261.113556635238,1.5131519567806826
1.2,7261.113556635238,1.571474722501913
1.2,7016.856609087241,1.5486934848460436
1.2,7246.901233569219,1.5146956772059066
1.2,7246.901233569219,1.5731716128648727
1.2,7003.117165655716,1.5503058120006097
1.2,7232.712984618413,1.5162428341712677
1.2,7232.712984618413,1.5748722867877285
1.2,6989.400967089268,1.551921739450452
1.2,7218.548748666226,1.5177934391648886
1.2,7218.548748666226,1.5765767569389215
1.2,6975.707954448057,1.5534790537201617
1.2,7204.40846480275,1.5193475037261577
1.2,7204.40846480275,1.578285036043512
1.2,6962.038068991331,1.554904372966056
1.2,7190.245979421856,1.5209101351351153
1.2,7190.245979421856,1.5798015964754455
1.2,6949.231362361702,1.5563371936986523
1.2,7176.670446609245,1.5223614981860842
1.2,7176.670446609245,1.5813158949313573
1.2,6936.48936719026,1.5577681900390037
1.2,7163.512268942131,1.5237444819894834
1.2,7163.512268942131,1.5828379859637889
1.2,6923.768838512738,1.559212375031491
1.2,7150.376267032369,1.5251335841257403
1.2,7150.376267032369,1.5843643954942226
1.2,6911.069722127745,1.5606622278593
1.2,7137.262384867234,1.52652544747615
1.2,7137.262384867234,1.5858938435066603
1.2,6898.391964016216,1.562114970562852
1.2,7124.170566622498,1.5279200802818858
1.2,7124.170566622498,1.587426339082778
1.2,6885.735510340642,1.5635706117910046
1.2,7111.100756661618,1.529317490816951
1.2,7111.100756661618,1.5889618913404788
1.2,6873.100307444298,1.565029160227162
1.2,7098.052899534945,1.5307176873883412
1.2,7098.052899534945,1.5905005094340758
1.2,6860.486301850501,1.5664906245894474
1.2,7084.984407320606,1.5321252678639985
1.2,7084.984407320606,1.5920472458183512
1.2,6847.852321723131,1.5679598040200955
1.2,7071.980361547711,1.5335310707348917
1.2,7071.980361547711,1.5935920332876587
1.2,6835.280619858306,1.569427136129696
1.2,7058.99810319459,1.5349396847902248
1.2,7058.99810319459,1.595139914306419
1.2,6822.729955765919,1.5708974105587492
1.2,7046.037577551996,1.5363511184707288
1.2,7046.037577551996,1.5966908981765329
1.2,6810.200276682484,1.5723706361661194
1.2,7033.098730093704,1.5377653802509577
1.2,7033.098730093704,1.5982449942372317
1.2,6797.6915300208175,1.573846821846273
1.2,7020.18150647574,1.5391824786394608
1.2,7020.18150647574,1.599802211865264
1.2,6785.203663369285,1.5753259765294527
1.2,7007.285852535618,1.5406024221789532
1.2,7007.285852535618,1.601362560475085
1.2,6772.736624491095,1.576808109181861
1.2,6994.411714291595,1.5420252194464887
1.2,6994.411714291595,1.6029260495190465
1.2,6760.290361323543,1.57829322880584
1.2,6981.517070855914,1.543455542773719
1.2,6981.517070855914,1.604497813396954
1.2,6747.824249556032,1.579786212484403
1.2,6968.685872651976,1.5448840827632306
1.2,6968.685872651976,1.6060676221594623
1.2,6735.419449785753,1.5812773430394742
1.2,6955.876029101415,1.546315502448127
1.2,6955.876029101415,1.607640599973785
1.2,6723.035270407224,1.582771487821642
1.2,6943.087486938505,1.5477498105446632
1.2,6943.087486938505,1.6092167564459028
1.2,6710.671660047493,1.584268655979761
1.2,6930.32019307453,1.5491870158043048
1.2,6930.32019307453,1.6107961012206606
1.2,6698.328567504123,1.585768856699748
0.6,3411.892257875494,2.0213675142848704
0.6,3411.892257875494,2.074258069657742
0.6,3636.411888005893,2.007665426841004
0.6,3636.411888005893,2.0693416211875286
0.6,3860.9846838984136,1.9941214620487635
0.6,3860.9846838984136,2.065889963083388
0.6,3280.521758362623,2.1376651923432264
0.6,4085.7982241637146,1.9803919579490517
0.6,4085.7982241637146,2.058390400513387
0.6,3469.719283932124,2.131011680192747
0.6,4310.492826018992,1.9663798686109493
0.6,4310.492826018992,2.055481557134644
0.6,3657.756732298012,2.123946458606435
0.6,4533.609656824765,1.954167061846628
0.6,4533.609656824765,2.048838091138537
0.6,3844.343148474631,2.115993992020133
0.6,4758.780586472303,1.9386458398590216
0.6,4758.780586472303,2.041370839109118
0.6,4031.661781869628,2.1109850120640297
0.6,4984.062468909854,1.9250029894807144
0.6,4984.062468909854,2.0308946859028114
0.6,4217.512952003585,2.106140788270157
0.6,5207.762729702773,1.9121490370450924
0.6,5207.762729702773,2.021942483182396
0.6,4401.36488351217,2.0989117439213967
0.6,5431.34184375192,1.896503501962941
0.6,5431.34184375192,2.018093996909398
0.6,4584.700437479453,2.094651359569395
0.6,5654.600320563564,1.8836941678089587
0.6,5654.600320563564,2.0077643191719305
0.6,4766.73699701737,2.085521725501026
0.6,5878.782351976148,1.8690023023581628
0.6,5878.782351976148,1.9991215887541087
0.6,4950.379317935191,2.079430764049824
0.6,6101.1029406942025,1.856338619869206
0.6,6101.1029406942025,1.9858425416116523
0.6,5135.072802950886,2.070356623470268
0.6,6323.688146991303,1.843199483027856
0.6,6323.688146991303,1.974509230430752
0.6,5318.589363276544,2.0640440986430284
0.6,6546.125179492564,1.8307069078115876
0.6,6546.125179492564,1.9641827315340872
0.6,5504.984457219159,2.0549698884124057
0.6,6768.754678444113,1.8192794222758015
0.6,6768.754678444113,1.9545697858185511
0.6,5690.20886138297,2.046587403349626
0.6,6992.681824354058,1.803269148472613
0.6,6992.681824354058,1.9513762950784832
0.6,5874.969541622576,2.0409284611044334
0.6,7214.172689662606,1.793432536046215
0.6,7214.172689662606,1.9399675890172623
0.6,6065.344849198799,2.0305567182851134
0.6,7434.462467372737,1.7792133310822025
0.6,7434.462467372737,1.9389097269260056
0.6,6253.782418208789,2.028052684183946
0.6,7656.459600532085,1.7711212216791008
0.6,7656.459600532085,1.925776321692576
0.6,6443.169489431271,2.01593690279242
0.6,7877.106159862277,1.7621981328764031
0.6,7877.106159862277,1.9212564823932816
0.6,6625.604777847685,2.008402185972466
0.6,8097.522595870439,1.7519836907229178
0.6,8097.522595870439,1.9154436818944236
0.6,6812.091925601108,1.997294222363848
0.6,8317.467389947231,1.7425859284693248
0.6,8317.467389947231,1.915117161181286
0.6,6993.868039252331,1.990899660081396
0.6,8541.244727592886,1.7333564347878914
0.6,8541.244727592886,1.9081331259902232
0.6,7187.0836028631575,1.985453645162617
0.6,8762.316311301054,1.728465472167938
0.6,8762.316311301054,1.9026662804162209
0.6,7371.270975335582,1.9785501586314167
0.6,8984.110908643206,1.7215840814310086
0.6,8984.110908643206,1.8965479966625207
0.6,7553.8727519382865,1.972856101790576
0.6,9206.177101026098,1.7133916571901462
0.6,9206.177101026098,1.891126911687308
0.6,7742.892436766941,1.9683417760732036
0.6,9428.484828607045,1.705687195702478
0.6,9428.484828607045,1.8870091891675835
0.6,7932.107933540876,1.9632160599365227
0.6,9649.444681606565,1.698726639256544
0.6,9649.444681606565,1.8820787904806464
0.6,8122.685814500941,1.9576558395561967
0.6,9871.655232707912,1.691851127055063
0.6,9871.655232707912,1.8768898314469955
0.6,8309.84275885989,1.952462015054841
0.6,10114.699481503343,1.6847956738577017
0.6,10114.699481503343,1.866897035220178
0.6,8508.066589186641,1.947699844948257
0.6,10346.42033444179,1.6773530541203745
0.6,10346.42033444179,1.8581680191331085
0.6,8703.267154387699,1.9440230198719588
0.6,10570.081505769307,1.672669926102013
0.6,10570.081505769307,1.8519671333851613
0.6,8892.838764666496,1.939336986213536
0.6,10791.850831728569,1.666880856387703
0.6,10791.850831728569,1.8556115547846552
0.6,9069.786269096126,1.9311983875740133
0.6,11015.413445782237,1.6637305753749143
0.6,11015.413445782237,1.8489758691565927
0.6,9251.95061273318,1.9271302731166475
0.6,3373.551473638887,2.031994374812019
0.6,3373.551473638887,2.0949544979314023
0.6,3598.008071887261,2.0172084435284936
0.6,3598.008071887261,2.0889025096437277
0.6,3822.5618244236407,2.002884262196073
0.6,3822.5618244236407,2.0838898052889823
0.6,3224.47652960554,2.167612519402847
0.6,4047.394350798212,1.9884584332071995
0.6,4047.394350798212,2.077290555836127
0.6,3413.613226511031,2.157427970552868
0.6,4272.520715960434,1.9747318017736264
0.6,4272.520715960434,2.071390792390964
0.6,3600.5461868776965,2.1497711382688984
0.6,4495.612420132765,1.9614850651816564
0.6,4495.612420132765,2.062354446085162
0.6,3788.217896829343,2.132874713074895
0.6,4720.707654441996,1.9453330134616431
0.6,4720.707654441996,2.0547805533569083
0.6,3975.590408201081,2.1354726483667896
0.6,4945.896828754331,1.9310456784293972
0.6,4945.896828754331,2.046570371353212
0.6,4160.852311299562,2.1288522581584446
0.6,5169.635598466616,1.91757379703294
0.6,5169.635598466616,2.038142274166164
0.6,4344.331123897524,2.122569711832452
0.6,5393.332928176811,1.9018720087181744
0.6,5393.332928176811,2.0292971542700995
0.6,4530.387232705255,2.113064006836461
0.6,5616.95908595075,1.887737686782104
0.6,5616.95908595075,2.0202227768552787
0.6,4713.14586863965,2.105808938794068
0.6,5840.931111293613,1.8733597538244688
0.6,5840.931111293613,2.010798924721732
0.6,4896.345877378154,2.097226097008392
0.6,6063.170365444536,1.8599909009845703
0.6,6063.170365444536,2.001433625995725
0.6,5078.914300621616,2.088908030070371
0.6,6285.923795959766,1.846716775504504
0.6,6285.923795959766,1.9894112158211936
0.6,5261.401447809881,2.081958029313114
0.6,6508.084349095472,1.834262300383796
0.6,6508.084349095472,1.9790632004935411
0.6,5447.203234100339,2.0730856864663942
0.6,6731.02535444922,1.8222385387490587
0.6,6731.02535444922,1.9692169638771797
0.6,5633.048189021667,2.0641794954826227
0.6,6954.52937644034,1.8085394089099107
0.6,6954.52937644034,1.962443532923192
0.6,5818.153611240619,2.055574975519829
0.6,7176.0581022034485,1.7967680131961246
0.6,7176.0581022034485,1.9540727863140412
0.6,6007.019909365127,2.048371723404026
0.6,7397.393122096448,1.7849786978754103
0.6,7397.393122096448,1.9440184296375496
0.6,6199.765415127949,2.0395787387196607
0.6,7618.459345126601,1.7734123813062448
0.6,7618.459345126601,1.9382803615206887
0.6,6385.405276171422,2.0309208542739885
0.6,7839.604505459326,1.7641442414833637
0.6,7839.604505459326,1.933457872283252
0.6,6567.898697728816,2.0232901303726285
0.6,8060.315051275089,1.7545066195821388
0.6,8060.315051275089,1.9261713178956577
0.6,6754.615758435645,2.0121322400053137
0.6,8280.8005506027,1.7467476734702192
0.6,8280.8005506027,1.920734911203333
0.6,6940.931440954863,2.003146177507363
0.6,8503.861082354531,1.7365399664717878
0.6,8503.861082354531,1.9156594877015691
0.6,7132.344460219109,1.9975049243715624
0.6,8724.995205566722,1.7315522298763957
0.6,8724.995205566722,1.9099790729647803
0.6,7316.577183872578,1.990248702537748
0.6,8946.758677467284,1.7245768129820085
0.6,8946.758677467284,1.9036540640881017
0.6,7499.212627007665,1.9842234356520057
0.6,9168.867087123052,1.7162920785080196
0.6,9168.867087123052,1.8980315816672315
0.6,7688.288050180846,1.9793908300699663
0.6,9391.20279874677,1.7085009111940657
0.6,9391.20279874677,1.8937242782738348
0.6,7877.552210643767,1.97396424652984
0.6,9612.117052051944,1.7014648975920363
0.6,9612.117052051944,1.888615895510172
0.6,8068.132823217402,1.9681065721622912
0.6,9834.31524543962,1.6945118630110312
0.6,9834.31524543962,1.88325448747957
0.6,8255.324018991882,1.9626442693133408
0.6,10077.340494269134,1.6873724620019075
0.6,10077.340494269134,1.873047101529463
0.6,8453.569551078845,1.957628538697546
0.6,10309.12649964301,1.6798521362852492
0.6,10309.12649964301,1.8641313946446605
0.6,8648.844896842158,1.9537023951511707
0.6,10532.788043592504,1.6751052358239569
0.6,10532.788043592504,1.8577738914638784
0.6,8838.444192840405,1.9487827639665845
0.6,10754.529818596706,1.6692534350211303
0.6,10754.529818596706,1.8613174105072552
0.6,9015.46039612861,1.940397894123832
0.6,10978.089891981035,1.6660456780582953
0.6,10978.089891981035,1.854543960028362
0.6,9197.678536306934,1.936119650649847
1.2,3345.865158884248,1.6450434222228392
1.2,3345.865158884248,1.676279799260346
1.2,3541.332382385901,1.6408164849640474
1.2,3541.332382385901,1.6687581089197323
1.2,3361.8638625822387,1.662328228284862
1.2,3736.378144036138,1.6360417985667497
1.2,3736.378144036138,1.6592458789031226
1.2,3550.205240895086,1.6512692633161083
1.2,3931.208822443693,1.631073439451897
1.2,3931.208822443693,1.650709958924211
1.2,3736.449866828687,1.6443680745175042
1.2,4125.321234693898,1.6268748618091955
1.2,4125.321234693898,1.6379181349636078
1.2,3925.087639191233,1.6363197893004522
1.2,4319.824730488307,1.620391559923666
1.2,4319.824730488307,1.6285513026132952
1.2,4112.6261021269165,1.6289327650038428
1.2,4514.203526586747,1.615088812073229
1.2,4514.203526586747,1.6194205732928455
1.2,4300.293531102329,1.6216052756728148
1.2,4707.3719342635695,1.6113504632373252
1.2,4707.3719342635695,1.611757200455204
1.2,4488.111728666039,1.6117991110982657
1.2,4900.741922934791,1.606138397755484
1.2,4900.741922934791,1.6039450798071018
1.2,4674.904614118701,1.605121377972741
1.2,5093.217436693235,1.6013947560310262
1.2,5093.217436693235,1.5957343331752178
1.2,4861.119770621372,1.5984964209445265
1.2,5284.577005078653,1.5972698644486771
1.2,5284.577005078653,1.588318101899875
1.2,5047.417098179971,1.5886898850996
1.2,5477.103686739718,1.592435433312775
1.2,5477.103686739718,1.580417836234441
1.2,5233.006802583787,1.5823655483833925
1.2,5669.935334413261,1.5871527005494686
1.2,5669.935334413261,1.573003592994337
1.2,5418.842071235582,1.5753254406297104
1.2,5861.163611625532,1.582967694899179
1.2,5861.163611625532,1.5645168775340987
1.2,5603.8468686902015,1.567449847699281
1.2,6051.950913046557,1.577098737765914
1.2,6051.950913046557,1.5602173491982456
1.2,5786.507049165644,1.5621215881071675
1.2,6242.920128651708,1.571981047930618
1.2,6242.920128651708,1.552882265072176
1.2,5970.725815116366,1.5553273821292737
1.2,6433.7413844584125,1.566508561230101
1.2,6433.7413844584125,1.5466853848834283
1.2,6156.458270574295,1.5493450179729515
1.2,6625.325663792534,1.5602070595591775
1.2,6625.325663792534,1.5413478983443505
1.2,6341.807196074204,1.544121018425537
1.2,6817.163748461054,1.5539850997642186
1.2,6817.163748461054,1.5356531690979487
1.2,6527.047057049706,1.5362004394904407
1.2,7008.319401081668,1.5488094310591585
1.2,7008.319401081668,1.5286954815046736
1.2,6714.610120604919,1.5286495687141513
1.2,7200.003441671892,1.542262381598217
1.2,7200.003441671892,1.5227949676242554
1.2,6898.753216010281,1.5221048647456092
1.2,7390.219710454766,1.5351044246080727
1.2,7390.219710454766,1.518193902500936
1.2,7079.947975295797,1.515781105243048
1.2,7581.078693004552,1.5294138407461386
1.2,7581.078693004552,1.510945001922613
1.2,7268.068347790374,1.50338427644075
1.2,7771.954045783227,1.5221031362556974
1.2,7771.954045783227,1.5029539017768787
1.2,7459.608396107264,1.4962121874743597
1.2,7962.765196349093,1.5148290613898694
1.2,7962.765196349093,1.4949393312031227
1.2,7648.699069209335,1.4896168970807389
1.2,8153.321986791024,1.5091917044080934
1.2,8153.321986791024,1.4867543720721423
1.2,7837.2953545022365,1.4815545000889807
1.2,8344.16298788884,1.5019341152413177
1.2,8344.16298788884,1.4789030090662647
1.2,8027.593889215401,1.474225380036981
1.2,8535.193596226258,1.4941576557191625
1.2,8535.193596226258,1.4684348441506676
1.2,8221.350644078877,1.4650233334053795
1.2,8725.17979174225,1.4879933434151085
1.2,8725.17979174225,1.4607574720026133
1.2,8411.281377676261,1.4535047705152162
1.2,8916.296899204484,1.4798672113282807
1.2,8916.296899204484,1.4508796048875856
1.2,8603.971999782381,1.4505573459618566
1.2,9107.067468866964,1.4723707906233907
1.2,9107.067468866964,1.4407552074870549
1.2,8800.441745565702,1.4419736875242133
1.2,9297.43858800718,1.4638813551664864
1.2,9297.43858800718,1.434871530042762
1.2,8994.252114095361,1.4301788850424886
1.2,9487.499966272597,1.4561300011331917
1.2,9487.499966272597,1.4305362471119432
1.2,9186.778092969158,1.4175841860065983
1.2,3270.9875048271992,1.6485335131182428
1.2,3270.9875048271992,1.6874760061320366
1.2,3473.620674026228,1.6432974791096546
1.2,3473.620674026228,1.6812402218302718
1.2,3363.6881328870795,1.6532202580750046
1.2,3676.2816758133927,1.637617443386305
1.2,3676.2816758133927,1.6745387609194986
1.2,3558.9191797093117,1.6466839711939747
1.2,3878.5922378161504,1.6328406265643318
1.2,3878.5922378161504,1.6678208966216306
1.2,3754.3653248659753,1.6384854390417578
1.2,4080.468477928393,1.6278452224079878
1.2,4080.468477928393,1.6604111992059256
1.2,3948.8152504645454,1.630648564034905
1.2,4282.388009638295,1.620875926025328
1.2,4282.388009638295,1.6532916525231818
1.2,4142.506901757515,1.6243614834837503
1.2,4483.87413368077,1.612800396704238
1.2,4483.87413368077,1.648620535235238
1.2,4335.4620619973975,1.617730005702401
1.2,4685.42135176244,1.604216311457789
1.2,4685.42135176244,1.6438193599795454
1.2,4527.832117463537,1.6115339198418397
1.2,4886.791325107853,1.596736791830584
1.2,4886.791325107853,1.63667191078218
1.2,4720.320203533673,1.6065529582800528
1.2,5086.647926973196,1.591015675673805
1.2,5086.647926973196,1.6304455822272184
1.2,4914.669477665987,1.5987820730738302
1.2,5287.292935643203,1.5810088462175669
1.2,5287.292935643203,1.6249860124575206
1.2,5107.182376529386,1.5939080946687263
1.2,5486.37604454068,1.5763957566318805
1.2,5486.37604454068,1.6180759918442715
1.2,5301.667739466287,1.585736102380868
1.2,5686.532873822788,1.5662949261939452
1.2,5686.532873822788,1.6132550652826692
1.2,5493.742934348644,1.5818882510448382
1.2,5885.375759840635,1.5609175586686503
1.2,5885.375759840635,1.6056272020663052
1.2,5687.2133342576535,1.5750814332799332
1.2,6085.389686922212,1.5498900139084926
1.2,6085.389686922212,1.6007608365574322
1.2,5879.441365736753,1.5704517057027976
1.2,6283.364244359251,1.5488725975883195
1.2,6283.364244359251,1.5888617298328676
1.2,6074.803544069584,1.5645385724713357
1.2,6482.089505927739,1.5433088203198226
1.2,6482.089505927739,1.5805204967087538
1.2,6267.526386832064,1.5580463899471066
1.2,6681.637368880906,1.532774919557703
1.2,6681.637368880906,1.5722513128442186
1.2,6460.718190007011,1.551495956869798
1.2,6881.83719919568,1.52218950854584
1.2,6881.83719919568,1.5663122112553935
1.2,6654.007135580138,1.5460022527986603
1.2,7081.872192151534,1.5108033693461709
1.2,7081.872192151534,1.5612166771456464
1.2,6845.708382532275,1.5413760099789675
1.2,7281.573901090029,1.4975761820282665
1.2,7281.573901090029,1.5600541892757456
1.2,7033.48247629591,1.5362554333505718
1.2,7480.295385177133,1.4893221752197383
1.2,7480.295385177133,1.5535878154741742
1.2,7225.36337902532,1.5298597638753335
1.2,7678.935378723138,1.4805285341797358
1.2,7678.935378723138,1.550152644655648
1.2,7412.222108669581,1.522510885392775
1.2,7876.342705025254,1.4748793491571084
1.2,7876.342705025254,1.5443392136666678
1.2,7602.214915635382,1.514804048231382
1.2,8073.545607047465,1.468647603928543
1.2,8073.545607047465,1.535414716954836
1.2,7796.011011679099,1.507605390393336
1.2,8271.156407880915,1.4627247637524576
1.2,8271.156407880915,1.52630600552562
1.2,7988.842522500258,1.5015836328468302
1.2,8467.571582743416,1.458401602715904
1.2,8467.571582743416,1.5152399351508412
1.2,8182.321950112124,1.4940684953013523
1.2,8663.682288403186,1.455244690052936
1.2,8663.682288403186,1.5021665934985269
1.2,8378.425174612034,1.4850319183552545
1.2,8860.875618211156,1.44813357746245
1.2,8860.875618211156,1.489878453439262
1.2,8572.643428965199,1.4767343257262135
1.2,9058.401290934127,1.4403020421491637
1.2,9058.401290934127,1.479697664655408
1.2,8771.183985275007,1.4687116203092716
1.2,9256.641483784806,1.4293781400950334
1.2,9256.641483784806,1.4731641337358448
1.2,8969.044755999037,1.4584348266658915
1.2,9452.909777080698,1.4255665683475751
1.2,9452.909777080698,1.4598976657241796
1.2,9166.002496678211,1.4502607283182107
1.2,9650.262354287986,1.4142744761674853
1.2,9650.262354287986,1.454673428277282
1.2,9365.296921358044,1.4411633651733646
1.2,9847.803077969282,1.409104279972315
1.2,9847.803077969282,1.442875568017322
1.2,9561.722016517744,1.431829311420328
1.2,3315.119106994236,1.6837174018607586
1.2,3315.119106994236,1.723372591591366
1.2,3211.233395039953,1.6925009788236114
1.2,3508.403368857035,1.6778787128377195
1.2,3508.403368857035,1.7166166080184508
1.2,3397.432143783474,1.6858619731892206
1.2,3701.3482027895207,1.6729850419843988
1.2,3701.3482027895207,1.7097957882279768
1.2,3583.842766689045,1.6774669751348188
1.2,3893.877258943655,1.667851978583102
1.2,3893.877258943655,1.7022495933621034
1.2,3769.282031434628,1.669553021029461
1.2,4086.447314235201,1.6606736036961562
1.2,4086.447314235201,1.6950208111487364
1.2,3954.009312816106,1.663255180860319
1.2,4278.601873141319,1.6523559780340242
1.2,4278.601873141319,1.6902977387357128
1.2,4138.035565586882,1.656618963870951
1.2,4470.812321855389,1.6435047921254768
1.2,4470.812321855389,1.685427324311604
1.2,4321.502601596598,1.6504290626300084
1.2,4662.856667168269,1.635795026346385
1.2,4662.856667168269,1.6781681444471603
1.2,4505.083121347404,1.6454439745527318
1.2,4853.457878159715,1.629961690511042
1.2,4853.457878159715,1.6718194222682752
1.2,4690.43783333182,1.637582127657708
1.2,5044.8104619529895,1.6196738609462993
1.2,5044.8104619529895,1.6662736989330036
1.2,4874.0416687081615,1.6326910303756634
1.2,5234.673656585043,1.6149914805314856
1.2,5234.673656585043,1.6592119566151715
1.2,5059.527143173529,1.624439179914995
1.2,5425.559970215997,1.6046070708635374
1.2,5425.559970215997,1.6543066776063708
1.2,5242.712700663863,1.6205784407284218
1.2,5615.190776988136,1.5991216596742397
1.2,5615.190776988136,1.6465257687292807
1.2,5427.22774521031,1.613692227043661
1.2,5805.938541073847,1.5877917268149782
1.2,5805.938541073847,1.6415709910308205
1.2,5610.558015720489,1.6089687477492796
1.2,5994.740814998109,1.5868259490465575
1.2,5994.740814998109,1.629381694779602
1.2,5796.878496385129,1.6029291429885013
1.2,6184.260094410212,1.5811315634202088
1.2,6184.260094410212,1.6208793075600922
1.2,5980.6804113975895,1.5962824344873547
1.2,6374.563060248698,1.5703280952118144
1.2,6374.563060248698,1.6124275871517186
1.2,6164.926985730555,1.589585757551354
1.2,6565.488467506691,1.5594623634517677
1.2,6565.488467506691,1.6063515488956714
1.2,6349.266143400831,1.5839839569753205
1.2,6756.256196235897,1.547752424981607
1.2,6756.256196235897,1.601169918305467
1.2,6532.089506114117,1.5792804118271735
1.2,6946.705877112416,1.5340999445120187
1.2,6946.705877112416,1.6000899452732291
1.2,6711.166591111524,1.5740476552945106
1.2,7136.220661634269,1.5256292101219129
1.2,7136.220661634269,1.593521595519864
1.2,6894.159825103497,1.5674806698831931
1.2,7325.656894964588,1.5165345872057547
1.2,7325.656894964588,1.5901524315429154
1.2,7072.360200423232,1.5599174462289975
1.2,7513.920871964164,1.510730272321334
1.2,7513.920871964164,1.5842707686220547
1.2,7253.554529557949,1.55202952554424
1.2,7701.986762489646,1.504382116549738
1.2,7701.986762489646,1.5751500483209349
1.2,7438.374755878392,1.5446788237613285
1.2,7890.444705466394,1.4983298189549907
1.2,7890.444705466394,1.5658826432788573
1.2,7622.274659697297,1.5384713684677778
1.2,8077.75927705658,1.4939419745438884
1.2,8077.75927705658,1.5546027808912837
1.2,7806.79011074048,1.5307624197070513
1.2,8264.782197993753,1.4907855015094458
1.2,8264.782197993753,1.541266598505321
1.2,7993.806369821571,1.521478751368268
1.2,8452.8384047725,1.4835293488334858
1.2,8452.8384047725,1.5287829174774397
1.2,8179.023276257665,1.5129672721814351
1.2,8641.210722443928,1.4755798377836464
1.2,8641.210722443928,1.518319405549878
1.2,8368.364889722847,1.5047360652249262
1.2,8830.262148717371,1.4644357665629022
1.2,8830.262148717371,1.5116199084843842
1.2,8557.05583495345,1.4941951140725258
1.2,9017.435145676358,1.460601915080686
1.2,9017.435145676358,1.4980611522718512
1.2,8744.886577104724,1.4857992970994922
1.2,9205.640199379855,1.4490985898056905
1.2,9205.640199379855,1.4926552641970623
1.2,8934.941508447531,1.47651064254943
1.2,9394.026013831946,1.4438433869792906
1.2,9394.026013831946,1.480615592543072
1.2,9122.260658655054,1.4669138283435776
