K,Rem,cdrag
0.6,1878.7356038765984,2.427627153057766
0.6,1770.5533412400448,2.3144251910253537
0.6,1657.004799801697,2.140961173499405
0.6,1878.513930484908,2.427826165742374
0.6,1770.2879738127413,2.314664285428385
0.6,1656.698330985831,2.141224420564455
0.6,1878.1545090715472,2.428150588850515
0.6,1769.8532986001062,2.315055813525281
0.6,1656.1964640130716,2.141655497085297
0.6,1999.77143072698,2.315482302577051
0.6,1877.6454323740372,2.42860798079638
0.6,1769.2437825888485,2.315604432653558
0.6,1655.4940750860335,2.1422638555729
0.6,1999.2612639514948,2.315924001035416
0.6,1876.9868075396344,2.429204054353141
0.6,1768.448303635553,2.316318276094309
0.6,1654.580833652547,2.1430481925610683
0.6,1998.6300911698777,2.316462544488328
0.6,1876.1847574492092,2.4299275541738363
0.6,1767.4839961371283,2.317185409819453
0.6,1653.4728702617797,2.144003941679891
0.6,1997.8907583040711,2.317093931395445
0.6,1875.2454256854696,2.430783058314087
0.6,1766.3454686141615,2.318214468408606
0.6,1652.1599878027569,2.1451353913613427
0.6,1997.0306308102283,2.317830746900393
0.6,1874.1510579187436,2.4317708520873667
0.6,1765.0330175639551,2.3193975852793653
0.6,1650.6531492269032,2.146443089449796
0.6,1996.062580826579,2.31866075899718
0.6,1872.919818597472,2.4328912652713823
0.6,1763.5469844644256,2.320739386051902
0.6,1648.9475602490024,2.147923823761237
0.6,1994.9803822346785,2.319587001369773
0.6,1871.54597405121,2.434143109943748
0.6,1761.887755552375,2.32224439651116
0.6,1647.038507241671,2.1495832670574857
0.6,1993.777837587114,2.3206206621833743
0.6,1870.0178666692584,2.435534291685633
0.6,1760.0501445330358,2.323913618718937
0.6,1644.9266129117768,2.151423853718612
0.6,1992.467853177959,2.321746916646924
0.6,1868.3537163613155,2.437057798506176
0.6,1758.0402546614969,2.325739046236278
0.6,1642.6230531266965,2.1534371380439263
0.6,1991.037909002908,2.3229798512292943
0.6,1866.535971416288,2.438715704828373
0.6,1755.8586062688646,2.3277341335794888
0.6,1640.1128269104593,2.155642315348337
0.6,1989.500930597052,2.324303146924509
0.6,1864.5888340820773,2.440508568873828
0.6,1753.5057632651328,2.329887188558176
0.6,1637.4124582437914,2.1580172440129184
0.6,1987.8507921263672,2.32572830977272
0.6,1862.494823691961,2.4424310405613854
0.6,1750.9879244480355,2.3321988963344658
0.6,1634.5227762715156,2.160575814004661
0.6,1986.0877418390303,2.327258376154944
0.6,1860.2543766283843,2.444495673203797
0.6,1748.2945489033482,2.3346789706391973
0.6,1631.4342406178364,2.163313144406607
0.6,1984.212044669694,2.328886928701995
0.6,1857.873892111278,2.4466956492982552
0.6,1745.4319277230763,2.337328103630272
0.6,1628.14784682533,2.166244544746573
0.6,1982.223982140368,2.330617046549045
0.6,1855.3538447152207,2.44903485702225
0.6,1742.4007952430154,2.340143579013278
0.6,1624.6698454523855,2.169353595774937
0.6,1980.130175021092,2.332450725502528
0.6,1852.688817394186,2.451515370788069
0.6,1739.19636851664,2.343126209268932
0.6,1621.0013226493877,2.17265190628165
0.6,1977.9182859737807,2.334381388193869
0.6,1849.8911833280035,2.4541263474343804
0.6,1735.8361407453733,2.346268945046134
0.6,1617.153766852867,2.1761360591022467
0.6,1975.588664173336,2.336425034620785
0.6,1846.9378635464047,2.4568936869506457
0.6,1732.287674216558,2.3496069263748107
0.6,1613.0870138741202,2.179828709083411
0.6,1973.1605866643283,2.3385596220706257
0.6,1843.8648798683985,2.459790463132549
0.6,1728.5906932486391,2.3530994537022747
0.6,1608.8540246628863,2.183697826115821
0.6,1970.6217821430675,2.340804116558242
0.6,1840.6433367967447,2.462827808875078
0.6,1724.7294863328934,2.356764629696756
0.6,1604.435412578678,2.187763436790988
0.6,1967.966339506152,2.3431533597744587
0.6,1837.2856739588956,2.466014411444292
0.6,1720.6995215846778,2.360612995110087
0.6,1599.8222854979897,2.191848693840756
0.6,1965.207237551598,2.345605309534498
0.6,1833.792551162438,2.469339278759307
0.6,1716.5128390248667,2.364628667778493
0.6,1595.036579383422,2.195806027610053
0.6,1962.3385891132896,2.34816195573304
0.6,1830.1646531556387,2.472814113917515
0.6,1712.1594876602649,2.368621885175384
0.6,1590.201718434788,2.1999406197278533
0.6,1959.360818679245,2.3508282484341287
0.6,1826.396843878395,2.4764356629507374
0.6,1707.6460643226576,2.372503049906569
0.6,1585.3783513963888,2.2042579563131417
0.6,1956.2743660231768,2.353599320450628
0.6,1822.4957239905,2.4802036094344917
0.6,1702.9736947142417,2.376539286637054
0.6,1580.392993695563,2.208750406717994
0.6,1953.073438671482,2.3564871708650754
0.6,1818.4504052944271,2.4838338988245883
0.6,1698.3361472109054,2.380751871707132
0.6,1575.2234712045945,2.213443009095513
0.6,1949.7647722195773,2.3594770766379787
0.6,1814.2791747670556,2.4874264551546834
0.6,1693.672174468589,2.385115009728984
0.6,1569.904489858921,2.2183041312778182
0.6,1946.35508088876,2.362575467385817
0.6,1809.9770041964089,2.4911519762916026
0.6,1688.8628987048985,2.3896421821702445
0.6,1564.4234139112386,2.2233565800154897
0.6,1942.844835546908,2.365784538904624
0.6,1805.5447227323664,2.49501730398628
0.6,1683.904448895312,2.394339281350014
0.6,1558.7771895818632,2.228594299840278
0.6,1939.2221019177769,2.368745734868829
0.6,1801.250907585902,2.4990107509437345
0.6,1678.808157041441,2.3991997748754765
0.6,1552.9768638611788,2.234026890122312
0.6,1935.499835281718,2.371772633836974
0.6,1796.8645279379518,2.5031424484270466
0.6,1673.5701988159024,2.404230072406368
0.6,1547.0194451327627,2.2396460737790007
0.6,1931.6661698027815,2.3749012686254094
0.6,1792.3535322896828,2.507416221433522
0.6,1668.1868356538118,2.409439939439232
0.6,1540.8974098381434,2.245470503732776
0.6,1927.7340474407963,2.3781272127337
0.6,1787.724179888006,2.5118236464892867
0.6,1662.6694016676795,2.4148154424645
0.6,1534.631102918239,2.2514893217698644
0.6,1923.679340359004,2.381464251295643
0.6,1782.9612948181143,2.5163883717471816
0.6,1656.994282599516,2.420390890406605
0.6,1528.1854460306963,2.257734307308352
0.6,1919.4630648145248,2.385658773874212
0.6,1778.1426422774218,2.520879177564044
0.6,1651.1382153445904,2.425750924752068
0.6,1521.7253171970087,2.263936318739169
0.6,1915.7095995939192,2.3888911165452744
0.6,1773.047360550601,2.526280553462733
0.6,1645.20690988746,2.42917138789402
0.6,1515.0068999707655,2.2690870744559306
0.6,1911.488376760141,2.3924863676104238
0.6,1767.9735115144745,2.53119043651066
0.6,1639.142014469042,2.4358677279406447
0.6,1508.2917403882816,2.274489562922295
0.6,1907.3598203787285,2.396157526593566
0.6,1762.7604967584805,2.536034716668799
0.6,1632.940051796484,2.442045207986521
0.6,1501.473190607165,2.2820178837229514
0.6,1903.1069081662592,2.399993608071205
0.6,1757.435000617795,2.541305216532684
0.6,1626.768335429406,2.4485154056214817
0.6,1494.4901411024473,2.289300042358493
0.6,1898.760104020571,2.4039424527235016
0.6,1751.9871736175105,2.546730453681316
0.6,1620.4722827490334,2.4551764745490363
0.6,1487.3686621098848,2.296805984387814
0.6,1894.3200238788752,2.407993241241653
0.6,1746.4338623500448,2.552308065714709
0.6,1614.0503911227547,2.462035408924754
0.6,1480.1062668502236,2.304539610599208
0.6,1889.7759470907847,2.412165499447295
0.6,1740.7498610987589,2.5580596580941286
0.6,1607.4804416998318,2.4691117458661207
0.6,1472.6875412828929,2.312525961243701
0.6,1885.1455714278443,2.4164378632548704
0.6,1734.9677134680549,2.563946224483592
0.6,1600.8111960302638,2.476367122100421
0.6,1465.1579194134476,2.320724679305998
0.6,1880.435156763988,2.420816741628913
0.6,1729.1668978917594,2.569997017719265
0.6,1594.0156995528316,2.4838298575277378
0.6,1457.493237310289,2.329166479591833
0.6,1875.628378876081,2.425312544747277
0.6,1723.3155902871547,2.576206563488609
0.6,1587.100141226516,2.491494473274748
0.6,1449.704084193345,2.337846352036305
0.6,1870.73719055035,2.4299103645501083
0.6,1717.3705388482692,2.58257266719048
0.6,1580.0706580034391,2.4993728551832963
0.6,1441.7838541912013,2.3417257114631957
1.2,1998.2445178508067,1.6820971227139874
1.2,1995.0616794650325,1.6838588078760783
1.2,1991.7050526834264,1.685726140862032
1.2,1988.1627034265264,1.6877006554853582
1.2,1984.4418517404276,1.6897869859756955
1.2,1980.556051307061,1.6919750143739598
1.2,1976.4935162709728,1.6942672157663945
1.2,1972.2615202565785,1.6966727680472469
1.2,1967.854730262154,1.699185547738693
1.2,1963.280470822109,1.7018050889484195
1.2,1958.5335066577777,1.704540776548062
1.2,1953.6212090387023,1.7073122216616357
1.2,1948.5259501827447,1.709950841256644
1.2,1943.4110843304445,1.7126834275158684
1.2,1938.347592278607,1.715519188722746
1.2,1933.133850900336,1.718450682576215
1.2,1927.7594501876004,1.7214928630956865
1.2,1922.2487430434192,1.7246327279073188
1.2,1916.5740865115536,1.727882579200965
1.2,1910.759815229282,1.7312378848615142
1.2,1904.7785468485824,1.7347120604098178
1.2,1995.5782930670937,1.8702783690423908
1.2,1898.6660042872684,1.7382846117665147
1.2,1990.020317897827,1.87360857414375
1.2,1892.4120368300792,1.7419632786910733
1.2,1984.3393852412853,1.877035826355781
1.2,1886.017992984716,1.74575883245544
1.2,1978.530565935773,1.8805649831746307
1.2,1879.4795929988468,1.7496650823571382
1.2,1972.5890131833048,1.8841967637884576
1.2,1872.798286678572,1.753684265063205
1.2,1966.5217873292704,1.8879287971763608
1.2,1866.006064866703,1.757821600434012
1.2,1960.3300076503044,1.891766092059504
1.2,1859.2234875197785,1.762076799235211
1.2,1953.9971806072765,1.89571856137566
1.2,1852.288301619938,1.766462059761228
1.2,1947.5539157319645,1.899765790007945
1.2,1845.2400428502792,1.770951488979825
1.2,1941.0610550270528,1.9039156338461387
1.2,1838.0691357427584,1.7755634870124102
1.2,1934.549985380013,1.9081781649890943
1.2,1830.7607814785515,1.7803015629660512
1.2,1998.6307710431436,1.797179958686809
1.2,1927.916374210332,1.912551964393136
1.2,1823.3218849045088,1.7851635708151987
0.3,1762.0724940309267,2.92999996528074
0.3,1529.6116742559052,2.8141217091669986
0.3,1347.6428897064918,2.890076273664187
0.3,1253.2742073599031,2.411230215205784
0.324,1957.0102501421763,3.1313036681972006
0.324,1717.2670469959094,3.087447956133234
0.324,1426.5461214364143,3.191614606009068
0.324,1345.6034759282968,3.1647609227631914
0.324,1218.3425272737288,2.3594395704372944
0.349,1764.9856464288912,2.9072603024370967
0.349,1532.2028138814746,3.119969919008457
0.349,1420.3050664509149,2.9961635421554798
0.349,1267.630230841321,2.0379836894641867
0.373,1853.664200323708,2.564760549119442
0.373,1613.2410405342907,2.7930029688864795
0.373,1512.7971034836849,2.716835612438108
0.373,1411.4821993540722,2.1750703307108803
0.398,1910.4213623206324,2.4950975296019333
0.398,1703.7004319421196,2.8161910930292136
0.398,1518.0318702552406,2.621651564028724
0.398,1425.576596860701,2.1967335834055715
0.422,1885.1195301776083,2.7684176843337616
0.422,1683.871946775149,2.675415789518936
0.422,1509.4442242535197,2.537925112095045
0.422,1472.8860314203266,2.1329260679564395
0.447,1914.5865899898097,2.4515869100671623
0.447,1763.4203953428466,2.63097546440851
0.447,1607.532472271415,2.626049474323645
0.447,1537.744363925154,2.264856562145889
0.471,1887.4138856024992,2.466225116095504
0.471,1746.1580795658956,2.491739239864829
0.471,1552.3627308521695,2.555522537001114
0.471,1537.3482435446413,2.296355972796342
0.496,1945.1785851701309,2.7721031796468183
0.496,1702.043477121971,2.5272309840640514
0.496,1639.7757123183378,2.5626354835056384
0.496,1562.7046273549006,2.2613411089853988
0.52,1944.529190711198,2.596600790490186
0.52,1849.4486709837645,2.360726102654194
0.52,1642.015456336747,2.572854993729369
0.52,1582.762361591509,2.332063364605152
0.545,1974.397335427397,2.4220357222803512
0.545,1843.887129977173,2.3883656025685345
0.545,1707.7982372173417,2.4089474536627056
0.545,1691.8342538266186,2.3987834767874774
0.569,1884.876015606359,2.3176091829712764
0.569,1790.8970512262708,2.333689319418081
0.569,1648.326442414659,2.356680310929426
0.594,1887.0539407487945,2.2951137716369763
0.594,1764.341996073127,2.306064576355966
0.594,1708.6102506083405,2.092822407449102
0.618,1953.1851442022723,2.218584652363064
0.618,1844.5373309909928,2.2133036205315566
0.618,1757.788498561686,2.114010297357898
0.643,1993.032523399667,2.176270755753752
0.643,1853.1686487614952,2.143019349539709
0.643,1761.9300877323096,2.158652590738432
0.667,1986.8920274020877,2.1766141970685395
0.667,1879.5389258508555,2.1781183073924706
0.667,1789.793309326685,2.176368845597783
0.692,1995.8887102783488,2.1400363109061957
0.692,1888.975298159757,2.20668123235084
0.692,1815.4601218832129,1.9920036585159544
0.716,1995.4145942852856,2.1665818067000604
0.716,1917.4414429114483,2.2805536215586577
0.716,1819.0726965880945,1.89805668237772
0.741,1911.00065340796,1.9417221709226036
0.741,1844.9495837570048,1.886455181714504
0.765,1952.4028635130028,2.046200099695488
0.765,1916.8080955003195,1.9735389880624563
0.79,1989.8637837323008,2.2399297522667707
0.79,1880.2667007501525,1.8942754689244536
0.814,1984.2626927712256,1.9625405479018296
0.814,1921.0601029243965,2.043383644249821
0.839,1994.225569194038,2.051075533907928
0.839,1919.6969731355773,1.9752909908035536
0.863,1963.954062478889,1.800858970521372
0.912,1972.9956050627552,1.8437847455945653
0.937,1985.1244522558068,1.7022883246360732
0.986,1970.5705724681,1.7484178860621076
1.01,1989.606444160372,1.7688180694545863
1.5,1988.162750331386,1.6406860469907505
0.3,1613.6149188096197,2.929087995340998
0.3,1426.3472079954197,3.08532902747733
0.3,1221.4742095512663,3.141291814037745
0.3,1106.7919069181,2.813921492229935
0.324,1901.4676881288517,3.207121878764128
0.324,1639.5176714446502,3.199689769300699
0.324,1335.67474192052,3.3433061635124064
0.324,1234.7620235665927,3.3575682037048886
0.324,1093.9146138426477,2.5418861987052965
0.349,1972.1861222708103,2.897767970122152
0.349,1689.842964589683,3.00430097250187
0.349,1441.649688734327,3.2561156780300564
0.349,1311.631930883486,3.1648253773203976
0.349,1146.9280556909432,2.1868583262526484
0.373,1779.172730671743,2.644409956178974
0.373,1524.4433314980215,2.906478922420186
0.373,1405.4966548695156,2.855878982983417
0.373,1288.2127559193543,2.3121169339581797
0.398,1837.4715853997163,2.5665407880727145
0.398,1614.882457895615,2.924547863301856
0.398,1415.8325595810982,2.7488941059971155
0.398,1306.8814229390412,2.32888721119069
0.422,1813.2657217425765,2.8486625413706634
0.422,1596.0927733301162,2.7791553495294776
0.422,1408.4959528639026,2.6592259203804414
0.422,1351.7406416431816,2.262436454228856
0.447,1843.2375284310904,2.520788995425786
0.447,1674.061320560655,2.728622942704194
0.447,1503.7405067049967,2.7463242611394096
0.447,1416.0438075844036,2.3922989873287386
0.471,1817.2773228514936,2.5328459564305046
0.471,1659.9121746281503,2.582383131759434
0.471,1455.1650289526283,2.6684515454117146
0.471,1419.431115246214,2.4208975443666936
0.496,1872.9123273874536,2.851927827252656
0.496,1616.218268499436,2.6203222143261256
0.496,1534.391643981818,2.6784880657731454
0.496,1441.0537558228648,2.3849890009299863
0.52,1874.9063235219292,2.66571966874729
0.52,1760.0972521258936,2.4436252884432665
0.52,1541.5291708992572,2.683886920590614
0.52,1464.5101245079386,2.4540316705203478
0.545,1904.679003140636,2.485371556032889
0.545,1757.618384887173,2.469933039371356
0.545,1607.236652422364,2.5078263318371605
0.545,1570.508389894174,2.516784045506082
0.569,1953.3573388243487,2.4012793666325427
0.569,1799.5539932449249,2.3918108621659693
0.569,1689.1097681902338,2.427052791513611
0.569,1534.8373653405638,2.4679891375850813
0.594,1955.2060069312247,2.380064594841315
0.594,1801.1988368763905,2.36984329019242
0.594,1664.1733807118785,2.3970509988582966
0.594,1591.136963112682,2.1928210789080747
0.618,1865.9594075776863,2.288650043859736
0.618,1742.1563130673112,2.29880361841637
0.618,1640.8337063287654,2.208853270898632
0.643,1904.6679736465435,2.244515999976546
0.643,1750.8568473066032,2.225100825003913
0.643,1644.2383518009,2.258223159516979
0.667,1899.3991078203671,2.2444560698491287
0.667,1776.464919075647,2.2597660244682727
0.667,1672.6553706858651,2.2740615674614237
0.692,1911.9110954445805,2.203605885812573
0.692,1790.5842062078395,2.2864263319773928
0.692,1701.7584666622045,2.077008782249466
0.716,1910.4297888051235,2.2315758538027834
0.716,1816.120509606859,2.3639842250266137
0.716,1703.7229845113457,1.979828459312792
0.741,1811.818691718496,2.011451409129282
0.741,1729.829134404549,1.9665954770279828
0.765,1853.0917099325911,2.116752503808204
0.765,1800.3377003461528,2.055510804921598
0.79,1961.1183347183303,2.2352216804763314
0.79,1888.5234397706324,2.318365688651348
0.79,1765.7797391907093,1.9732531686162225
0.814,1885.458741112174,2.029320001890442
0.814,1807.1106190043292,2.125411543955551
0.839,1895.540774612877,2.119339026100484
0.839,1806.6956669709955,2.0552317865049345
0.863,1935.2782852348832,1.9816137044837323
0.863,1849.2682957415984,1.8712518409084773
0.888,1974.023318090552,1.933157577963035
0.888,1890.4042075375653,1.865781223934048
0.912,1981.7388186471337,1.7428107107672184
0.912,1861.3580580844368,1.912819285147016
0.937,1982.462636260213,1.922021945857739
0.937,1873.3757591068213,1.7670489634894018
0.961,1971.6538646493325,1.803614540705828
0.961,1892.975009115716,1.8252989739611676
0.986,1915.4954743663247,1.9399059862870367
0.986,1860.5399326511645,1.8153064370368568
1.01,1969.7088642712888,1.9739567498298345
1.01,1880.5696144339609,1.841441403152446
1.035,1984.3328334308728,1.7990849982631427
1.035,1921.6174235148724,1.858103412462488
1.059,1893.7593623167509,1.770694972304807
1.084,1977.9336047981076,1.8402667344295496
1.084,1911.256398642148,1.7800901097675628
1.108,1987.042687099685,1.7593106712018798
1.108,1899.350939411588,1.7832434017149783
1.133,1986.0668068179248,1.797343642400582
1.133,1952.0916876566869,1.7097261522105436
1.157,1917.1905321803388,1.8029136117481572
1.182,1994.418084668587,1.7627358782672369
1.182,1953.0661742061552,1.7338797017689336
1.206,1996.4691488205704,1.7205212520222295
1.206,1918.8205020504568,1.7810550546936257
1.231,1980.8885517292151,1.7502776045002988
1.231,1939.903645613021,1.6764358429462458
1.255,1956.645400540072,1.6983434139258882
1.255,1934.025907132011,1.71805515714675
1.28,1924.6277127328376,1.725257201359847
1.304,1979.9384159442025,1.6956163894755063
1.304,1927.737188788302,1.668807001424371
1.329,1985.116274919232,1.7054924459359848
1.329,1928.3128244875409,1.6480998866090175
1.353,1959.3339361970543,1.8584890545225667
1.353,1921.7140814692737,1.6361997051923414
1.378,1985.968966707426,1.6929948567581774
1.378,1931.102377251025,1.6787868149583025
1.402,1969.7327104827943,1.6437360741074396
1.402,1923.7686074692804,1.685851611848293
1.427,1955.7073899833988,1.6200171603276514
1.427,1946.1345233313225,1.6876800001733514
1.451,1998.2268928935437,1.6483374144536065
1.451,1913.325207357918,1.6336829937402673
1.476,1980.299033432076,1.670640188668703
1.476,1936.147299084803,1.6314931282984542
1.5,1931.879143667372,1.583232947057439
1.5,1891.7714293302267,1.692958070635361
0.3,1979.2083398257903,2.776191451122188
0.3,1760.728987014224,2.867870941875851
0.3,1576.8120355671283,2.71239712569236
0.3,1451.6234767305004,2.450084387670218
0.324,1965.9728991434188,3.043028894551094
0.324,1734.8195955873764,2.996349794475081
0.324,1511.1252086828576,3.034996981844801
0.324,1411.8538924316308,2.4588384457378383
0.349,1964.4930196508783,2.716278479317426
0.349,1762.7934174747147,2.756280695991185
0.349,1632.9375688371392,2.59910662007906
0.349,1494.8012259461543,2.583308614759726
0.373,1744.370233764704,2.751828159728948
0.373,1669.363625311123,2.881777423521372
0.373,1542.305121232818,2.4899707761201526
0.398,1812.214656540784,2.876301379319136
0.398,1757.2331968025214,2.618772744493461
0.398,1575.9936033765548,2.322112177339648
0.422,1915.2743017343175,2.54527066864774
0.422,1763.7922557638562,2.6378451391528457
0.422,1669.0908101718956,2.47993100677777
0.447,1904.236859638947,2.7318252049443865
0.447,1799.747477430196,2.51198318160047
0.447,1679.8872092790448,2.3386562735821657
0.471,1981.0557914434648,2.7028390904140367
0.471,1789.005304676279,2.332393890678384
0.471,1692.3017229143934,2.5734588200728448
0.496,1889.9585069135928,2.5586298388768864
0.496,1796.26651358528,2.5136621164632005
0.496,1779.1683091320251,2.5833763253364155
0.52,1962.4402506166523,2.484293354380189
0.52,1888.9891502430005,2.676766357899009
0.52,1743.4817102776371,2.406825103683974
0.545,1947.4597917600456,2.4839296249965237
0.545,1905.7967437417,2.509445838228763
0.545,1821.657657331297,2.486112644351848
0.569,1932.991383152055,2.3645329522793705
0.569,1833.8102934276528,2.403416551234225
0.594,1881.1396543930969,2.379323046999932
0.618,1983.410624813488,2.369628837725198
0.618,1903.9873350672096,1.9351687924511627
0.643,1975.5792415571636,2.053521681050246
0.667,1958.6030686919996,2.090077230370029
0.765,1979.1019559401664,2.1038506306477123
0.3,1881.2319055612477,2.831387428463936
0.3,1678.8754827421303,2.986567884380458
0.3,1521.6439441146892,2.9368526184706663
0.3,1371.2860467538596,2.4443092771956745
0.324,1879.669795383045,3.094168155808525
0.324,1659.2642844571108,3.0603130718814877
0.324,1445.8595424081896,3.102248768453345
0.324,1350.741692448161,2.5419256093936298
0.349,1878.2568869138568,2.7714689997068542
0.349,1685.9822193737125,2.809490321152171
0.349,1562.3239679169646,2.667336464215084
0.349,1430.143253056969,2.660049356017025
0.373,1977.144900673544,2.743372270844908
0.373,1668.4566431553128,2.807204353588632
0.373,1597.1319099590214,2.939024437193388
0.373,1475.6157650644377,2.586333171774269
0.398,1733.0726152063,2.9299221927873544
0.398,1681.018918288237,2.6837074424004737
0.398,1507.899741684771,2.4029387454369795
0.422,1831.5636620338785,2.6013304171899616
0.422,1687.2077542927902,2.693838666080132
0.422,1597.0097202824686,2.5647890311836523
0.447,1820.987326099792,2.7900850047227745
0.447,1721.5695663555098,2.572793110712825
0.447,1607.3518797740844,2.407710031512246
0.471,1894.3696196165088,2.762974311960806
0.471,1711.195366719719,2.3910160895577843
0.471,1619.1416687032518,2.646349889493925
0.496,1807.250810815297,2.623959739565618
0.496,1718.1341556456407,2.5719169004147933
0.496,1702.2430090092264,2.6522725435334853
0.52,1876.5145632275344,2.535249794841917
0.52,1806.7451696985213,2.740122346859552
0.52,1668.0304449915775,2.476692897230992
0.545,1973.200939047088,2.56437313656279
0.545,1862.199964483508,2.5409693190826017
0.545,1822.8276954538323,2.5605836341059947
0.545,1742.808133800294,2.566488885619007
0.569,1988.5316600820156,2.4232481372643604
0.569,1848.717705502936,2.41808111172788
0.569,1754.2936206025638,2.476600745392516
0.594,1997.075070202466,2.4526958665789325
0.594,1926.3880188341043,2.394302251921752
0.594,1799.5581522071325,2.4472460112361785
0.618,1895.8661323825972,2.366481069304597
0.618,1813.8629237718144,1.9960542049704844
0.643,1889.8230465744184,2.1131233806793683
0.667,1873.2752753102484,2.147414322454856
0.692,1995.6025617692485,2.2439389813354085
0.692,1923.9601405818084,2.140295372742516
0.716,1930.5474712675737,2.0772850960115474
0.741,1996.888427623484,2.1975474624284588
0.765,1893.0170166220807,2.1622363813507204
0.79,1932.7385126078923,1.8387881549827985
0.6,1920.907061074203,2.5216731779276262
0.6,1739.0335550478308,2.293036987893042
0.6,1559.2868124629792,2.4465240684301643
0.6,1525.9700613506147,2.035605734404262
0.6,1906.2329439102048,2.458766039112069
0.6,1781.207581561404,2.5038591208269216
0.6,1605.9364553320618,2.471483104515491
0.6,1525.9646717019352,2.1424867039705524
0.6,1921.6305916453305,2.094963782516014
0.6,1756.5461966185258,2.4880710471458185
0.6,1732.1898838257966,2.2805004665354844
0.6,1538.7600925420495,2.012241886467623
0.6,1952.0913082934928,2.2848512070689027
0.6,1774.4668941913555,2.291411962375524
0.6,1690.7002805149086,2.3460638488800747
0.6,1565.5987587908526,2.1059913999614976
0.6,1912.3441508056464,2.216184090525932
0.6,1811.3563252346028,2.474218516596272
0.6,1718.8295564459513,2.22487007169931
0.6,1559.297178480508,2.1254166827087246
0.6,1793.2941008537082,2.246074933797714
0.6,1639.3166383641203,2.5267910186565823
0.6,1619.8044157410295,2.285858582556621
0.6,1983.2873495039023,2.2785720594609784
0.6,1827.5023603379807,2.3139341953768637
0.6,1666.6378570510394,2.3409174752785544
0.6,1586.877296327517,2.070017881047207
0.6,1826.128792337635,2.27348509468008
0.6,1709.757781967606,2.2876369064399533
0.6,1595.2149272531271,2.313558047107164
0.6,1887.5183668861112,2.231189893723557
0.6,1758.023538038565,2.20939003897014
0.6,1662.7592020033749,2.128146314137686
0.6,1901.656818695223,2.28698680802214
0.6,1791.8482332507017,2.423568936937325
0.6,1644.1391353349284,2.0207391980810985
0.6,1926.9115065927,2.13538471322264
0.6,1789.9168058899722,2.3031386358910204
0.6,1723.11615554657,2.162580664017111
0.6,1984.3496501496604,2.31230963559492
0.6,1911.1297813995784,2.2772300342541043
0.6,1789.8579953470514,2.2005617457606426
0.6,1627.58885645202,2.1999450271674315
0.6,1937.001955302147,2.3217604646138734
0.6,1832.9763748092776,2.109186064176198
0.6,1676.229070158988,2.114350953111453
0.6,1952.7799255584457,2.3778495417248484
0.6,1836.1157778527795,2.2048238235087125
0.6,1688.3764632042707,1.97281012668362
0.6,1926.6785607927009,2.4775675206424235
0.6,1778.938115924084,2.23667590330652
0.6,1681.994206190313,2.2504777996416365
0.6,1984.2907664094612,2.2580411078802305
0.6,1820.628327485668,2.466715811099974
0.6,1708.5088775278218,1.9911131720843755
0.6,1966.5379542432631,2.306501867466112
0.6,1824.0428991112933,2.224800820169169
0.6,1710.9579827308708,2.134935877360156
0.6,1836.869590621292,2.3274032314469624
0.6,1785.574982777007,2.1723667168041807
0.6,1850.3226031359136,2.2620746698222813
0.6,1776.6070047713358,2.144021115107405
0.6,1852.9648342838836,2.1241374746459885
0.6,1814.9901395810411,2.1009397337777367
0.6,1985.5814928431864,2.348523826709934
0.6,1891.3020832376665,2.1232613091175123
0.6,1817.576099621302,1.972110297085646
0.6,1870.491156470173,2.0866895238470176
0.6,1808.969294433561,2.036988149919504
0.6,1982.0291993147675,2.3398556561031185
0.6,1929.836368677628,2.2682808541105626
0.6,1789.2966032477136,2.114047904592023
0.6,1893.5334804786876,2.229256156060406
0.6,1828.7127865226744,2.0763999647343727
0.6,1936.5939840338328,2.008151031860274
0.6,1880.680691716136,2.09420416077462
0.6,1906.838687004742,2.234256344928077
0.6,1919.907750348823,2.1339364194874744
0.6,1893.2410074901636,2.283672857882937
0.6,1892.36421698578,2.0310647379739373
0.6,1948.778626727823,2.238715391778374
0.6,1978.1094472745524,1.9869551241044645
0.6,1964.0254587170607,2.2804690582990434
0.6,1971.1054750653109,2.008529647535098
0.6,1996.7884525730444,2.203160275021962
0.6,1970.899611594759,2.400371885532411
0.6,1972.6727356805036,2.126143910770933
0.6,1912.5150259295417,1.9640246815029057
0.6,1987.816287564193,2.180123411786066
0.6,1803.3495040395972,2.6033528914952115
0.6,1645.421279215763,2.305267525220564
0.6,1450.478838148936,2.670766864271414
0.6,1429.4114588225127,2.1188209001658813
0.6,1837.215241280216,2.5217553400786854
0.6,1694.926728720551,2.587732130160682
0.6,1509.2688824416557,2.5760748816967483
0.6,1414.5303307199738,2.2565595606463105
0.6,1852.976174539427,2.1517358220446643
0.6,1673.855380495383,2.5705549910792005
0.6,1629.215063082182,2.3765977342782194
0.6,1426.8657539311466,2.1154564942258034
0.6,1883.0135718415477,2.3427631661453217
0.6,1691.6216361273666,2.3671905938180533
0.6,1590.9695332129545,2.445153529929712
0.6,1453.1155594895974,2.2125391505473098
0.6,1839.4694766642383,2.278010330618785
0.6,1723.3865867835325,2.546777481127304
0.6,1616.6218420182888,2.3246256016775537
0.6,1446.0193642345816,2.223741623281744
0.6,1951.914255802018,2.5208786865810224
0.6,1709.4063598809291,2.3276488052515854
0.6,1543.7589409505858,2.626294993089909
0.6,1505.2789863832345,2.387126356787721
0.6,1914.4511949371604,2.3370338419628363
0.6,1742.8666649670786,2.391139210545786
0.6,1569.0893564878702,2.437841028129654
0.6,1473.8693047908723,2.174651486782251
0.6,1950.281723766092,2.5088919057458408
0.6,1741.7555341124046,2.3488715017685897
0.6,1609.4638862338186,2.383754090363955
0.6,1482.60859628626,2.423605233753041
0.6,1981.1005040002149,2.291659650824552
0.6,1806.999168911875,2.3052627868174183
0.6,1655.9174900884357,2.3037710216852743
0.6,1546.127143228448,2.224498342589009
0.6,1816.657560509591,2.375587674696557
0.6,1688.3578950355434,2.519969583639439
0.6,1530.6339066554951,2.1323433703729138
0.6,1991.487027892712,2.359448201201657
0.6,1840.102833361893,2.20424034325593
0.6,1688.9704303447138,2.3928974601855737
0.6,1605.8097785343862,2.2643589842166416
0.6,1916.0252214658049,2.368827614352732
0.6,1824.804060826284,2.353572168185304
0.6,1689.4718738931858,2.291566658961993
0.6,1515.2232076188188,2.305251207001376
0.6,1981.3556693686144,2.2617346192931547
0.6,1849.693857257423,2.394734808810661
0.6,1730.54821516908,2.192579561649705
0.6,1562.7200945055583,2.216810095853361
0.6,1864.1418703595552,2.4524519483259475
0.6,1731.6072834078498,2.301649525294622
0.6,1573.8469256277074,2.0671557745834352
0.6,1840.456442094094,2.556968636914979
0.6,1678.1332940385498,2.3241234798337698
0.6,1568.125948829059,2.355311640270957
0.6,1892.258128906976,2.328656111700099
0.6,1717.5987435973088,2.6978622697816435
0.6,1604.3804488805138,1.9683929653611016
0.6,1876.547985640789,2.3857363283048034
0.6,1717.921727729084,2.309760122628293
0.6,1595.9105220862564,2.222083323849632
0.6,1917.0216498845348,2.406770059444645
0.6,1739.4986881800965,2.4072071359310288
0.6,1671.9811391841774,2.278266161557781
0.6,1953.9685847862795,2.546497550163889
0.6,1746.6915328351697,2.347394373602825
0.6,1657.0555030709663,2.2495607149386574
0.6,1937.258053748755,2.313715143202565
0.6,1751.3320391497575,2.2053226654823965
0.6,1695.1398487606896,2.1955224207399504
0.6,1915.4208678116315,2.4516943709324823
0.6,1792.5021347186444,2.199336422422645
0.6,1699.053592737065,2.051650462695113
0.6,1941.091236657798,2.374960304542437
0.6,1770.0592060366926,2.1652680681312924
0.6,1691.5552603237695,2.128014005743203
0.6,1896.5670716117895,2.4120218945942
0.6,1826.1370876093847,2.3546109535207544
0.6,1673.3097429858074,2.206858287078989
0.6,1994.8113588730832,2.369168573147114
0.6,1792.316180337467,2.316119413380439
0.6,1711.1131118919536,2.170541006064303
0.6,1949.623688089286,2.42461901208357
0.6,1831.0136755241056,2.0775674301787075
0.6,1758.0613004414383,2.185985727047981
0.6,1805.3530550089483,2.315606171793204
0.6,1796.9867815330774,2.229001023839392
0.6,1977.443537730547,2.3368255484776745
0.6,1787.6239178650787,2.386971191867445
0.6,1768.974070322881,2.119012086605177
0.6,1846.045477855169,2.3187862700670343
0.6,1853.518669991844,2.0742991182482458
0.6,1862.169073107161,2.3612495825726465
0.6,1848.057974595252,2.096098949142709
0.6,1931.7646823109687,2.422723031063555
0.6,1872.5011663467264,2.299047092841372
0.6,1867.6493243779169,2.4843283261186206
0.6,1850.3745776304136,2.215962423759479
0.6,1913.904099187364,2.382879986576284
0.6,1805.995396161859,2.036431917600366
0.6,1919.233886919832,2.2740805257577668
0.6,1896.86932082756,2.025006727235265
0.6,1972.132043409125,2.4325896141788954
0.6,1865.0991151128007,2.270852316851397
0.6,1956.310817972022,2.3743559182412826
0.6,1889.0767993141328,2.415392967715176
0.6,1966.0916058173016,2.4042398630014685
0.6,1895.9165825589323,1.809183769823538
0.6,1901.85428716552,2.0758245292805384
0.6,1928.9238718828292,2.291972499859315
0.6,1967.4764932313135,2.3353117149365272
0.6,1939.47830454851,2.052503401084157
0.6,1999.854944025224,2.3751570509781823
0.6,1904.0819547325189,2.493403341076742
0.6,1964.4109947466247,2.3874329321840624
0.6,1998.806682539777,2.061249256931345
0.6,1927.9553609679172,2.149823432993206
0.6,1988.907614489665,2.259275508133551
0.6,1921.4369363973483,2.176687045136217
0.6,1998.9707400566267,2.3467636964741336
0.6,1966.5547988441776,2.529824204311107
0.6,1993.429289178776,2.136407858088134
1.2,1968.4276348879823,1.7858375057961586
1.2,1894.7409646831009,1.7404479424163282
1.2,1793.5109432820652,1.75658731829595
1.2,1976.6961950210173,1.798364588632224
1.2,1902.9552791814929,1.7230620586907874
1.2,1807.6210092305264,1.8549299192123985
1.2,1877.413987994424,1.731809743857794
1.2,1829.8067062378043,1.7365703044683445
1.2,1999.4461074838337,1.7231114335747089
1.2,1938.2909056578371,1.812015031262436
1.2,1811.777604138796,1.8022774220271087
1.2,1886.88008883218,1.7738783129636857
1.2,1840.4755786835765,1.7255399689894486
1.2,1948.431742605384,1.7649890115226086
1.2,1831.5256055986545,1.7526386108616885
1.2,1963.3693060422115,1.7432033327256518
1.2,1828.4261511556424,1.7284876082688694
1.2,1971.3284581511475,1.731825356515022
1.2,1838.9587747312596,1.743185133060231
1.2,1970.50391339135,1.83321271592632
1.2,1890.0730358255116,1.784219687047235
1.2,1936.799512752489,1.774507079774626
1.2,1915.6843119584976,1.7432284820486863
1.2,1975.0674135106735,1.719942615517449
1.2,1906.3743265977312,1.7565178997708986
1.2,1944.079713113074,1.7867627211259565
1.2,1970.9416276788584,1.8348523056558448
1.2,1936.399541103346,1.7493788453881225
1.2,1951.2718957454008,1.738387811391064
1.2,1935.0768808907108,1.7579300334700343
1.2,1968.5140217447704,1.8748950093637904
1.2,1922.8092712304565,1.6403029229944683
1.2,1952.437295680551,1.7244397140824808
1.2,1994.9833227599345,1.7698359953247735
1.2,1977.2728094795204,1.7152020505895318
1.2,1991.8661782255272,1.7047503672160893
1.2,1989.0127949186767,1.8499808151979529
1.2,1997.3386814512976,1.7372872639052932
1.2,1998.2356488746696,1.7800190422902125
1.2,1996.3655322366703,1.7779510106950085
1.2,1852.7315363757189,1.7999244883414187
1.2,1810.9511228854071,1.7429020537960715
1.2,1730.7537432042525,1.7228114182482328
1.2,1971.1412588808,1.76998083459715
1.2,1890.0419287469128,1.837394393397573
1.2,1820.0885089722544,1.7589518476781687
1.2,1729.4274982321524,1.916068379658363
1.2,1971.337777625016,1.709975279149334
1.2,1921.3235334867948,1.7700826051062988
1.2,1794.5412079422545,1.7749221784705742
1.2,1750.8989312930812,1.779982871059127
1.2,1910.61302647426,1.7524260031358534
1.2,1857.7977158859628,1.850802758099397
1.2,1733.4449790315182,1.837633466799524
1.2,1996.639387411456,1.8192798956413496
1.2,1945.374276251228,1.7432967136097848
1.2,1803.3947113892864,1.8164237047417464
1.2,1759.3360294445793,1.7717513178290718
1.2,1998.8943373533352,1.778555206115784
1.2,1946.2296917050676,1.790059856556667
1.2,1863.341224065429,1.805792977487353
1.2,1751.7848024481805,1.8072112443671249
1.2,1919.0715574983844,1.8075708381769096
1.2,1867.110799319688,1.7887167529373822
1.2,1764.4598964355375,1.77389948619649
1.2,1958.025987648841,1.7876235026235143
1.2,1886.5917789466623,1.7752851621091874
1.2,1758.987130329718,1.7889965525214953
1.2,1929.054439559396,1.741692934350825
1.2,1884.2055352317057,1.874686877007177
1.2,1809.1210995967108,1.831992533548581
1.2,1927.0095912122365,1.7883885990798778
1.2,1851.80239248904,1.8137912933696068
1.2,1832.1039833525276,1.7939094144027974
1.2,1928.582286005335,1.8754201300292097
1.2,1890.98079090974,1.7591034948952
1.2,1823.2043009074505,1.807727623796638
1.2,1970.6162372482336,1.7620301385380686
1.2,1918.7852203639693,1.7951357974554547
1.2,1859.3487832358696,1.8353005067576944
1.2,1973.579399735832,1.7206247272284516
1.2,1887.9107421885385,1.8566236174258752
1.2,1858.583675476344,1.7970262778618111
1.2,1978.1866800697733,1.82411109328126
1.2,1865.930057363813,1.7790316037799077
1.2,1850.773704227318,1.8069428176141835
1.2,1976.4550468801683,1.826430842334445
1.2,1881.461090579756,1.9224700187162331
1.2,1839.293186241318,1.6837667191478467
1.2,1941.7337748097284,1.7720057181329956
1.2,1867.3913039348367,1.7722329979205875
1.2,1908.012603071147,1.808127042413923
1.2,1891.4311064087367,1.7595156574094193
1.2,1968.181343184105,1.7333270934613767
1.2,1960.1898179567625,1.7770782995563026
1.2,1904.9149907448912,1.7507168112851998
1.2,1968.905746123796,1.816279738401076
1.2,1901.1489749655916,1.8964458478064017
1.2,1972.4049162632048,1.855099087617
1.2,1910.7613651565136,1.7818227054769622
1.2,1962.2411849340103,1.757181295155248
1.2,1973.8084392347391,1.864309582646375
1.2,1979.0652926669725,1.83173746128498
1.2,1911.6355664455632,1.840055950907255
1.2,1940.8553020239697,1.8248816448082288
1.2,1940.53486718951,1.807658266511437
1.2,1988.558456380611,1.812272493373086
1.2,1966.152846189363,1.8093797732508423
1.2,1935.5902127670568,1.7498074659199407
1.2,1948.5317296699009,1.7498480541474954
1.2,1966.3012292509488,1.845039276624008
1.2,1983.4026531550687,1.801668342427112
1.2,1997.6092800355857,1.8104377513108048
1.2,1995.2239570613012,1.756619795694647
0.6,1989.0730448258064,2.153451910715459
0.6,1871.5343669790552,2.194684566535962
0.6,1751.2821280681162,2.18771851950296
0.6,1909.372764981474,2.413053440671961
0.6,1796.5301573236227,2.298451070826731
0.6,1678.4754669095876,2.1238511481442925
0.6,1905.656351484125,2.415197621883855
0.6,1793.0327439144476,2.3008910304043195
0.6,1675.207249370244,2.126497807651099
0.6,1901.9463597166048,2.417346460072552
0.6,1789.5413694687657,2.303336294390025
0.6,1671.944670795309,2.129150225968825
0.6,1898.242773048763,2.4194999704263744
0.6,1786.0560183589057,2.305786880100139
0.6,1668.687716603205,2.131808421913656
0.6,1894.5335030157407,2.421665228834629
0.6,1782.5653144396524,2.308250839596183
0.6,1665.425756134797,2.1344811297647386
0.6,1890.842697682593,2.4238281447421275
0.6,1779.09198289079,2.310712138540099
0.6,1662.18002542617,2.1371509567771576
0.6,1887.1582478482187,2.425995778828273
0.6,1775.624628066599,2.313178811669121
0.6,1658.939875609086,2.13982661842184
0.6,1883.4801371106623,2.428168146548254
0.6,1772.1632345536927,2.3156508766040864
0.6,1655.7052923017618,2.142508133846188
0.6,1879.808349124359,2.4303452634248357
0.6,1768.707786991641,2.3181283510429487
0.6,1652.4762611717874,2.145195522281482
0.6,1876.1428675998916,2.4325271450487267
0.6,1765.2582700727398,2.3206112527612035
0.6,1649.2527679359143,2.14788880304333
0.6,1996.9924104837391,2.319370283640775
0.6,1872.4836763037515,2.4347138070789542
0.6,1761.814668541786,2.3230995996123105
0.6,1646.0347983598433,2.15058799553214
0.6,1993.0973143664912,2.3215069432879147
0.6,1868.8307590580969,2.4369052652432366
0.6,1758.3769671958514,2.3255934095281217
0.6,1642.8223382580188,2.153293119233576
0.6,1989.1961991957628,2.3236552958195253
0.6,1865.1721927943915,2.439108720597289
0.6,1754.9339454290243,2.3281008771419875
0.6,1639.6049022096229,2.1560130632163514
0.6,1985.314462200657,2.3258013609370405
0.6,1861.5317957096256,2.441309834292692
0.6,1751.5080182104305,2.330605685299367
0.6,1636.403436583072,2.158730127686999
0.6,1981.439368168072,2.327952144373311
0.6,1857.8976244212151,2.4435157917734305
0.6,1748.0879458304044,2.333116010851199
0.6,1633.2074381186555,2.161453182408211
0.6,1977.5709000600548,2.330107661705937
0.6,1854.269662971797,2.4457266090460177
0.6,1744.673713293065,2.335631872047508
0.6,1630.0168928238627,2.1641822472117016
0.6,1973.709040896875,2.33226792858117
0.6,1850.647895458496,2.4479423021875664
0.6,1741.2653056536983,2.3381532872188937
0.6,1626.8317867538906,2.166917342016825
0.6,1969.8537737567667,2.334432960714287
0.6,1847.0323060326907,2.4501628873461856
0.6,1737.8627080185372,2.3406802747769806
0.6,1623.6521060114426,2.1696584868310604
0.6,1966.0050817756849,2.336602773889973
0.6,1843.4228788997848,2.452388380741367
0.6,1734.465905544551,2.3432128532148595
0.6,1620.4778367465262,2.1724057017504936
0.6,1962.162948147057,2.338777383962707
0.6,1839.8195983189748,2.4546187986643853
0.6,1731.0748834392243,2.3457510411075475
0.6,1617.3089651562489,2.175159006960317
0.6,1958.3148322126176,2.340963937061459
0.6,1836.210703245158,2.456861470690563
0.6,1727.678573466323,2.348303179483439
0.6,1614.1351481006,2.1779274504734074
0.6,1954.4857863937975,2.343148204579563
0.6,1832.619688719008,2.459101803059625
0.6,1724.2990866916373,2.350852660825322
0.6,1610.9770481656208,2.1806930172476635
0.6,1950.6632487958525,2.3453373170333918
0.6,1829.0347737921952,2.4613471093190857
0.6,1720.925336161257,2.3534078079047958
0.6,1607.8243047326537,2.1834647354744465
0.6,1946.847202839859,2.3475312905607075
0.6,1825.4559429369865,2.463597406051582
0.6,1717.5573072827608,2.355968639629402
0.6,1604.6769041853772,2.1862426257006304
0.6,1943.0376320031548,2.349730141371028
0.6,1821.8831806783116,2.465852709913546
0.6,1714.1949855131795,2.3585351749909136
0.6,1601.5348329535825,2.189026708564696
0.6,1939.234519819104,2.3519338857460155
0.6,1818.3164715935343,2.468113037635619
0.6,1710.838356358792,2.3611074330657926
0.6,1598.398077512975,2.191817004797244
0.6,1935.4378498768567,2.354142540039885
0.6,1814.7558003122383,2.4703784060230607
0.6,1707.4874053749083,2.3636854330156702
0.6,1595.266624384985,2.1946135352215106
0.6,1931.647605821114,2.356356120679807
0.6,1811.201151515998,2.472648831956169
0.6,1704.1421181656713,2.3662647756784976
0.6,1592.1434330617994,2.1971872751430923
0.6,1927.85141636938,2.35858190236413
0.6,1807.6409229013884,2.474886071473534
0.6,1700.822985541963,2.368560715210537
0.6,1589.2149993142175,2.199724219065059
0.6,1924.0739961084823,2.360711821994325
0.6,1804.1698080240665,2.476851701399677
0.6,1697.70477878496,2.3708537254727373
0.6,1586.3010340331862,2.202257930253938
0.6,1920.4329097062136,2.362639688979553
0.6,1800.862049160318,2.4788212330314137
0.6,1694.5918290757932,2.373151291223877
0.6,1583.391977854394,2.204796679159803
0.6,1916.9118800461413,2.3645713833453788
0.6,1797.559866130769,2.4807946779974057
0.6,1691.484123131214,2.375453426052935
0.6,1580.487818382872,2.207340480822163
0.6,1913.3967846240105,2.366547503015309
0.6,1794.2632448486554,2.4828200549999697
0.6,1688.3816477126902,2.3777657924662656
0.6,1577.588543265349,2.209855027127621
0.6,1909.8876084503693,2.3685340170333955
0.6,1790.9721712746234,2.4848571093942664
0.6,1685.2843896262116,2.380083666132266
0.6,1574.6941401900665,2.212369122044633
0.6,1906.3843365862108,2.3705244866431268
0.6,1787.686631416536,2.4868982233854995
0.6,1682.1923357221096,2.3824061630528552
0.6,1571.8045968866124,2.2148882356330764
0.6,1902.886954142756,2.372518923670975
0.6,1784.4066113292652,2.488943409121185
0.6,1679.1054728948664,2.3847332970742285
0.6,1568.9199011257444,2.217412382935479
0.6,1899.3840457389872,2.3745238772992843
0.6,1781.1214050984067,2.4909993824653798
0.6,1676.0137256917294,2.387072709950198
0.6,1566.030637324116,2.2199498526945813
0.6,1895.8984167959184,2.3765262978945536
0.6,1777.85240082959,2.493052761733162
0.6,1672.9372227351207,2.389409175201292
0.6,1563.1556158667554,2.222484129367368
0.6,1892.4186328583933,2.378532721710638
0.6,1774.588874731293,2.4951102495202493
0.6,1669.8658717595597,2.391750319470827
0.6,1560.285405470053,2.225023485293812
0.6,1888.9446792366089,2.380543160764353
0.6,1771.3308130446328,2.497171858169833
0.6,1666.799659834436,2.3940961568282337
0.6,1557.4199940678643,2.2275679357591605
0.6,1885.476541289944,2.382557627120657
0.6,1768.0782020567651,2.4992376000745966
0.6,1663.738574072379,2.396446701399406
0.6,1554.559369634355,2.2301174961100525
0.6,1882.0142044267584,2.3845761328928967
0.6,1764.8310281006916,2.5013074876769643
0.6,1660.6826016290695,2.398801967366987
0.6,1551.7035201838432,2.232672181754832
0.6,1878.5576541041848,2.386598690243044
0.6,1761.5892775550635,2.503381533469354
0.6,1657.6317297030662,2.4011619689706536
0.6,1548.8524337706224,2.2352320081638517
0.6,1875.106875827924,2.3886253113819427
0.6,1758.352936843999,2.505459749994424
0.6,1654.5859455356226,2.403526720507398
0.6,1546.0060984888032,2.2377969908697897
0.6,1871.6506063373563,2.390662651530315
0.6,1755.1114426265622,2.5075489619452638
0.6,1651.5353077583516,2.405903987673577
0.6,1543.1552239668963,2.2403755531615417
0.6,1868.2113476091815,2.3926974504568563
0.6,1751.885898606724,2.5096355714990075
0.6,1648.4996775246414,2.408278297838549
0.6,1540.3183708184324,2.242950912288741
0.6,1864.777817687008,2.3947363501408576
0.6,1748.6657239208314,2.511726389758969
0.6,1645.4690969864446,2.410657401221787
0.6,1537.486233282466,2.2455314747394715
0.6,1861.350002268956,2.396779362991289
0.6,1745.45090517311,2.513821429471487
0.6,1642.443553554168,2.4130413123526617
0.6,1534.6587996108392,2.2481172562990803
0.6,1857.927887100714,2.398826501467237
0.6,1742.2414290123097,2.5159207034344258
0.6,1639.4230346800327,2.415430045819326
0.6,1531.8360580943845,2.250708272816827
0.6,1971.453036484378,2.3551747916031465
0.6,1826.0929044712295,2.4906408509716877
0.6,1696.1883402250603,2.3900494946577586
0.6,1564.6911799728848,2.223968325752098
0.6,1967.6016176408648,2.357381701409814
0.6,1822.51906249806,2.492625026977282
0.6,1693.0779455087436,2.3923834444909016
0.6,1561.8184004641755,2.226564542937808
0.6,1963.7567641181224,2.359593521743326
0.6,1818.951276441802,2.494613147322637
0.6,1689.972788105228,2.3947220704855567
0.6,1558.9504263920603,2.2291659997512
0.6,1959.9184591430849,2.3618102690113285
0.6,1815.389530922754,2.4966052237808736
0.6,1686.8728547976812,2.39706538670913
0.6,1556.0872457091866,2.231772712070044
0.6,1956.0866859997768,2.3640319596946457
0.6,1811.833810613249,2.4986012681720107
0.6,1683.7781324137106,2.39941340728551
0.6,1553.2288464084404,2.234384695836331
0.6,1952.2489378483317,2.366265895133008
0.6,1808.272509712291,2.5006078349271963
0.6,1680.678519846134,2.401773842836041
0.6,1550.3658987404776,2.2370105289159565
0.6,1948.430199657689,2.3684572393858008
0.6,1804.7595210640884,2.502611863897377
0.6,1677.5941968910336,2.404131330207026
0.6,1547.51704187059,2.2396331210197977
0.6,1944.6179434369667,2.3703924454124503
0.6,1801.450767637253,2.504619896583442
0.6,1674.5150455645237,2.4064935646910337
0.6,1544.6729305624513,2.24226103283846
0.6,1940.8121526963043,2.372331492710726
0.6,1798.1475925585223,2.506631944995525
0.6,1671.441052870233,2.408860560640927
0.6,1541.8335529683548,2.244894280574288
0.6,1937.012811001728,2.374274392729044
0.6,1794.8499817326672,2.508648021191842
0.6,1668.3722058553003,2.411232332467487
0.6,1538.9988972799974,2.247532880495494
0.6,1933.2199019749105,2.376221156961356
0.6,1791.5579211119073,2.510668137278937
0.6,1665.308491610194,2.413608894639705
0.6,1536.1689517283212,2.250176848936485
0.6,1929.4334092929405,2.378171796947381
0.6,1788.271396695708,2.5126923054119183
0.6,1662.2498972685269,2.4159902616850824
0.6,1533.3437045833446,2.2528262022982064
0.6,1925.6533166880845,2.380126324272834
0.6,1784.9903945305837,2.5147205377947115
0.6,1659.1964100068803,2.41837644818992
0.6,1530.5231441540034,2.2554809570484773
0.6,1921.8959981788616,2.382091157060047
0.6,1781.7042054965243,2.5167594949087717
0.6,1656.1380633133872,2.4207752905332183
0.6,1527.70571032035,2.2581498319969886
0.6,1918.3725012026105,2.384053506805714
0.6,1778.4342240934718,2.518795905981753
0.6,1653.094768498076,2.423171175822532
0.6,1524.9651981916145,2.2608154569842087
0.6,1914.854944700273,2.386019778964605
0.6,1775.1697233163031,2.520836418252087
0.6,1650.0565425071286,2.425571924734358
0.6,1522.228967384061,2.263486533222702
0.6,1911.3433136614035,2.387989985308872
0.6,1771.910689397917,2.522881044121573
0.6,1647.023372687348,2.427977552093397
0.6,1519.497007872881,2.2661630774514445
0.6,1907.837593126083,2.38996413765782
0.6,1768.657108617282,2.5249297960420627
0.6,1643.9952464276205,2.430388072784664
0.6,1516.769309664542,2.2688451064780173
0.6,1904.3377681847112,2.391942247878144
0.6,1765.4089672992488,2.526982686515715
0.6,1640.972151158734,2.432803501753788
0.6,1514.0458627966584,2.271532637178955
0.6,1900.8438239777931,2.393924327884173
0.6,1762.1662518143542,2.5290397280952504
0.6,1637.9540743532093,2.4352238540073263
0.6,1511.32665733788,2.274225686500102
0.6,1897.3557456957285,2.395910389638103
0.6,1758.9289485786287,2.531100933384203
0.6,1634.9410035251249,2.437649144613072
0.6,1508.6116833877625,2.2769242714569686
0.6,1893.8621483272743,2.3979069551598853
0.6,1755.686491109387,2.5331730715107508
0.6,1631.9425312088545,2.440087338811499
0.6,1505.8920793188358,2.2796372553078084
0.6,1890.385776713964,2.399901029599609
0.6,1752.4599893778152,2.5352426559443617
0.6,1629.0149306175863,2.44252256783402
0.6,1503.1855525557055,2.2823469810935118
0.6,1886.915226846153,2.401899122003091
0.6,1749.2388593707233,2.5373164422472576
0.6,1626.0919030923085,2.44496278083264
0.6,1500.4832277521607,2.2850622940394625
0.6,1883.450484111897,2.403901244526586
0.6,1746.0230876843868,2.539394443229
0.6,1623.1734379263294,2.4474079931234507
0.6,1497.7850951303012,2.2877832114436694
0.6,1879.99153394811,2.40590740937543
0.6,1742.8126609596404,2.541476671751271
0.6,1620.2595244463537,2.449858220085366
0.6,1495.091144942537,2.290509750675624
0.6,1876.5383618403605,2.4079176288043
0.6,1739.6075658816883,2.54356314072814
0.6,1617.3501520123511,2.452313477160444
0.6,1492.4013674714772,2.2932419291766664
0.6,1873.0909533226688,2.4099319151174545
0.6,1736.407789179926,2.545653863126325
0.6,1614.4453100174323,2.454773779854209
0.6,1489.71575302981,2.2959797644603595
0.6,1869.649293977303,2.411954667368076
0.6,1733.2133176277514,2.547754076079299
0.6,1611.5449878877123,2.457239762872516
0.6,1487.034291960186,2.298719486973663
0.6,1866.202150308528,2.414031891014374
0.6,1730.0745669457333,2.5499175545400954
0.6,1608.639719022391,2.4597250812929348
0.6,1484.348232014519,2.301436111890516
0.6,1862.771964917571,2.4161065568412377
0.6,1726.970562744509,2.5520784025880623
0.6,1605.7484197176336,2.4622074190748706
0.6,1481.6750623307953,2.30414952079871
0.6,1859.347485686668,2.418185437000196
0.6,1723.871405262092,2.554243673732937
0.6,1602.8616087190126,2.4646948791973595
0.6,1479.0060171944745,2.306868571007351
0.6,1855.9286983892396,2.420268544345355
0.6,1720.7770831555424,2.556413381569265
0.6,1599.9792755835058,2.4671874775318154
0.6,1476.3410870670054,2.309593280127526
0.6,1852.5155888459608,2.422355891783152
0.6,1717.687585117285,2.558587539747357
0.6,1597.1014099004644,2.4696852300152883
0.6,1473.6802624392276,2.3123236658437034
0.6,1849.108142924564,2.4244474922726167
0.6,1714.602899874978,2.560766161973582
0.6,1594.228001291485,2.4721881526508067
0.6,1471.023533831254,2.315059745914115
0.6,1845.706346539641,2.426543358825644
0.6,1711.523016191367,2.562949262010648
0.6,1591.3590394102866,2.474696261507715
0.6,1468.3708917923643,2.317801538171142
0.6,1842.3733026948933,2.42864350450726
0.6,1708.4479228641592,2.565136853677897
0.6,1588.4945139425868,2.477209572722022
0.6,1465.7223269008905,2.3205490605217
0.6,1839.057039640424,2.430754826734827
0.6,1705.3675828420007,2.567336121969083
0.6,1585.6250751207633,2.4797363415589238
0.6,1463.069194274715,2.3233113380061226
0.6,1835.7567485266657,2.432863584174237
0.6,1702.3020523235296,2.5695327533750283
0.6,1582.769406078797,2.482260123298473
0.6,1460.4287687761057,2.326070393437844
0.6,1832.4616066676697,2.4349766603021465
0.6,1699.241278726744,2.571733918257718
0.6,1579.9181426648902,2.4847891562603976
0.6,1457.7923923026397,2.328835233194357
0.6,1829.1716020216995,2.437094068399021
0.6,1696.1852509879343,2.573939630666146
0.6,1577.071274691623,2.4873234568510614
0.6,1455.160055547837,2.3316058754848927
0.6,1825.8867225845368,2.439215821799834
0.6,1693.1339580776755,2.576149904707417
0.6,1574.2287920029646,2.489863041545242
0.6,1452.5317492337167,2.3343823385951983
0.6,1822.606956389336,2.441341933894348
0.6,1690.0873890006876,2.578364754547043
0.6,1571.390684474143,2.492407926886494
0.6,1449.9074641106888,2.33716464088793
0.6,1819.3322915064737,2.443472418127396
0.6,1687.0455327957122,2.5805841944092536
0.6,1568.5569420115337,2.4949581294874994
0.6,1447.2871909574433,2.339952800803065
0.6,1816.0627160434135,2.4456072879991604
0.6,1684.008378535379,2.582808238577292
0.6,1565.7275545525356,2.497513666030437
0.6,1444.670920580843,2.3427468368583053
0.6,1812.787558161605,2.447753555367447
0.6,1680.9660129938495,2.585044192192768
0.6,1562.8932870123367,2.500082930969811
0.6,1442.05011350047,2.3455559274339324
0.6,1809.528142543525,2.4498972516833497
0.6,1677.9382452525492,2.5872775032241604
0.6,1560.0725936464748,2.5026492032914955
0.6,1439.4418342161189,2.348361790991015
0.6,1806.2737808502384,2.4520453745182595
0.6,1674.9151468404627,2.589515461815652
0.6,1557.2562252488488,2.5052208600775736
0.6,1436.8375302672478,2.3511735867731915
0.6,1803.024461336219,2.4541979375968257
0.6,1671.8967069645696,2.5917580824898354
0.6,1554.4441718798712,2.5077979182920918
0.6,1434.2371925724349,2.353991333613453
0.6,1799.7801722923064,2.456354954700497
0.6,1668.882914865089,2.5940053798298752
0.6,1551.6364236303864,2.510380394970427
0.6,1431.6408120778965,2.3558485889556016
1.2,1945.1612172639527,1.7099444233949457
1.2,1941.34953933202,1.711909160974729
1.2,1937.756744855481,1.7138778102053394
1.2,1934.203779403274,1.7158503827801408
1.2,1930.6568003475725,1.7178268904391496
1.2,1927.104230422913,1.7198138235260492
1.2,1923.569198300192,1.7217982497176998
1.2,1920.040107326352,1.7237866465347746
1.2,1916.5169425364877,1.7257790259064048
1.2,1912.9996890159105,1.7277753998095569
1.2,1909.4883318999384,1.72977578026927
1.2,1905.9828563736885,1.731780179358898
1.2,1902.4832476718643,1.733788609200354
1.2,1997.5706452798688,1.8753289010862
1.2,1898.9780831507956,1.7358076653137648
1.2,1993.9045625635392,1.877099257328645
1.2,1895.490183051876,1.7378242064922522
1.2,1990.2446250707487,1.8788731690357448
1.2,1892.008105729271,1.739844815122278
1.2,1986.59081736316,1.8806506469291
1.2,1888.5318366141385,1.7418695035226073
1.2,1982.9431240541048,1.882431701773463
1.2,1885.061361186196,1.7438982840617991
1.2,1979.3015298083703,1.884216344376956
1.2,1881.5966649735217,1.7459311691584618
1.2,1975.6660193419823,1.886004585591289
1.2,1878.1377335523543,1.747968171281503
1.2,1972.0365774219908,1.887796436311979
1.2,1874.6845525468889,1.7500093029503854
1.2,1968.4013576340528,1.8895977809785092
1.2,1871.2258508568943,1.7520612674407274
1.2,1964.7840270190827,1.8913968954602756
1.2,1867.784146421615,1.7541107095615105
1.2,1961.1727195064896,1.893199652436129
1.2,1864.3481495139545,1.7561643191339305
1.2,1957.567420065472,1.8950060629791912
1.2,1860.95988707804,1.7582221088824228
1.2,1953.9681137152004,1.8968161382075104
1.2,1857.6212658152956,1.7602840915832774
1.2,1950.3747855246088,1.8986305562398529
1.2,1854.287858716184,1.7623486699513848
1.2,1946.787420612189,1.9004607635416413
1.2,1850.9596535752369,1.7643882505933923
1.2,1999.410644726359,1.7849287058668464
1.2,1943.206004145784,1.9022946951387167
1.2,1847.636638225053,1.7664319998257672
1.2,1995.7228470290213,1.78654812151689
1.2,1939.674570377203,1.9041383739956164
1.2,1844.307966403951,1.768486629893935
1.2,1992.0531803418176,1.7881655426137275
1.2,1936.1946256419856,1.905979800632232
1.2,1840.995311145769,1.7705387684662308
1.2,1988.389607081352,1.7897862487640614
1.2,1932.7201152237265,1.9078249858795095
1.2,1837.687809363721,1.772595114207643
1.2,1984.732112083148,1.7914102499861977
1.2,1929.2510264029304,1.9096739412569872
1.2,1834.3854490413105,1.7746556800693694
1.2,1981.080680233008,1.7930375563392202
1.2,1925.7873464997645,1.9115266783313212
1.2,1831.0882181993693,1.77672047905582
1.2,1977.520715984853,1.7946681779231997
1.2,1922.329062873908,1.9133832087165328
1.2,1827.796104895917,1.7787895242248903
1.2,1973.972614747218,1.796302124879401
1.2,1918.8761629243952,1.91524354407425
1.2,1824.5090972260143,1.7808628286882389
1.2,1970.4300529105687,1.797939407390494
1.2,1915.428634089461,1.9171076961139504
1.2,1821.227183321614,1.7829404056115616
1.2,1966.881467618885,1.799585402707177
1.2,1911.975223694836,1.9189817873935504
1.2,1817.9396510682495,1.785029078727577
1.2,1963.3499637346183,1.8012293980270846
1.2,1908.538417010336,1.9208536206875084
1.2,1814.667905787392,1.7871152543561784
1.2,1959.8239604434923,1.8028767597342008
1.2,1905.1069439482128,1.9227293061202668
1.2,1811.4012188495008,1.7892057423125176
1.2,1956.303444904103,1.8045274981790815
1.2,1901.6807921021211,1.924608855595337
1.2,1808.139578532821,1.7913005559814303
1.2,1952.788404314984,1.80618162375476
1.2,1898.2599491041665,1.926492281065324
1.2,1804.882973151782,1.793399708803202
1.2,1949.2788259144584,1.807839146896964
1.2,1894.844402624748,1.92837959453218
1.2,1801.6313910568667,1.7955032142738538
1.2,1945.7746969804805,1.809500078084333
1.2,1891.43414037242,1.9302708080474615
1.2,1798.3848206344674,1.797611085945435
1.2,1942.2760048304797,1.8111644278386445
1.2,1888.029150093739,1.9321659337125852
1.2,1795.1432503067513,1.799723337426313
1.2,1938.771329790814,1.8128376626158984
1.2,1884.618317951776,1.9340711961712809
1.2,1791.8960996321523,1.801846906739187
1.2,1935.2834909823457,1.8145088925014945
1.2,1881.2238521403635,1.935974195525512
1.2,1788.6645111487294,1.8039679733156544
1.2,1931.8010511044852,1.8161835728152813
1.2,1877.8346217292055,1.9378811436757009
1.2,1785.437888202315,1.806093460912489
1.2,1928.323997631178,1.8178617142539557
1.2,1874.4506146155304,1.9397920529254675
1.2,1782.2162193569118,1.8082233833664625
1.2,1924.8523180750867,1.81954332755847
1.2,1871.0718187338423,1.941706935629594
1.2,1778.9994932116103,1.8103577545721496
0.6,732.5332297814243,2.247912625028917
0.6,732.5332297814243,2.2196544853563864
0.6,607.3530376546171,2.555966897648628
0.6,533.7410669021648,2.3864468659916467
0.6,499.8030173198137,2.5824794392218866
0.6,465.009016284161,2.622819458244576
0.6,420.5210599696274,2.479143202576094
0.6,956.279978357711,2.192033917312955
0.6,956.279978357711,2.2082592900356848
0.6,792.4504999900367,2.4985281779117536
0.6,699.5373654447053,2.345654369702112
0.6,657.3286288992276,2.511737015986702
0.6,613.1109127373123,2.557411754282924
0.6,554.4641683474389,2.389902975315352
0.6,1179.5404550717385,2.188069484078621
0.6,1179.5404550717385,2.156778704393961
0.6,977.8406907030804,2.454015075481769
0.6,866.8248514955874,2.3060025721298723
0.6,815.150542988913,2.46434401223475
0.6,761.1852001626434,2.529396292830819
0.6,687.7558557791197,2.3557144799863576
0.6,1401.9378344936729,2.180262848152672
0.6,1401.9378344936729,2.1082046335112667
0.6,1169.500148912422,2.4282205909434467
0.6,1034.5204088314729,2.27517534582738
0.6,971.8076941735364,2.445320370057394
0.6,907.8132973321132,2.5034817103930007
0.6,822.5020998741028,2.3315163086517936
0.6,1623.3632227514104,2.168476800988591
0.6,1623.3632227514104,2.084034860701542
0.6,1360.4278212694408,2.404913072185484
0.6,1202.7419672246888,2.257152964468763
0.6,1127.804548628842,2.4158172325141307
0.6,1054.434266036155,2.4872460169897166
0.6,956.7099293304854,2.299270739263476
0.6,1844.4820830917404,2.1645528954594417
0.6,1844.4820830917404,2.073439068380316
0.6,1547.568329261789,2.392856089290046
0.6,1369.8633734116283,2.241748606798685
0.6,1283.6685845423867,2.3957496568229364
0.6,1201.6618496499584,2.466746013324818
0.6,1089.738058356676,2.27462152168549
0.6,1733.3113579855922,2.3814737737488767
0.6,1536.1903824638605,2.230316600161067
0.6,1438.8718380379507,2.3829887730786194
0.6,1347.7566172182023,2.458628145108239
0.6,1222.8955994338633,2.266298200532837
0.6,1917.394538288144,2.3744937879936128
0.6,1700.5882341781926,2.2236541849898197
0.6,1593.6053887731591,2.37441783221463
0.6,1493.3239599616777,2.450606384942457
0.6,1355.2850801323118,2.2462250394885195
0.6,1863.970023089388,2.2173292487344582
0.6,1747.5784450182368,2.3672658410079737
0.6,1638.1774842636603,2.4466610243790923
0.6,1487.5052258723258,2.24609627680374
0.6,1902.3808387371328,2.3621377388541203
0.6,1782.763143981265,2.442670095078206
0.6,1619.8436319119432,2.244933282513076
0.6,1928.795190871212,2.438461372177993
0.6,1752.2869816733694,2.2395686369772125
0.6,1884.6639319357237,2.232924863348853
0.6,702.9594682831267,2.291103484947465
0.6,702.9594682831267,2.308312213467945
0.6,562.385907860377,2.7220696586054625
0.6,475.5625672512624,2.5735294392144605
0.6,431.8465894565015,2.7728908853876533
0.6,395.8479580057045,2.8116627797005824
0.6,352.6227943407195,2.6603333751810387
0.6,925.181490351214,2.22564149873467
0.6,925.181490351214,2.277543488367752
0.6,745.7923773103377,2.6235098963515706
0.6,639.2142778419633,2.5082222077088594
0.6,581.5687523418012,2.7079010526680958
0.6,529.9864526291659,2.753899914885395
0.6,473.6208409040821,2.5765133978430117
0.6,1147.3271799877552,2.21593442591639
0.6,1147.3271799877552,2.213007093958509
0.6,929.7565342018858,2.5543094616248365
0.6,804.6438896266618,2.4352099813184065
0.6,737.2986600613933,2.6423504882545954
0.6,669.7351835026573,2.7314615540873475
0.6,594.4556424109209,2.546485679869661
0.6,1368.817575869731,2.204228865263822
0.6,1368.817575869731,2.155333155935753
0.6,1119.909820129774,2.512536766715874
0.6,970.8722727489652,2.3827039192884443
0.6,892.1771659025657,2.593371507871689
0.6,814.4357042479498,2.6956830937944924
0.6,720.1371286217174,2.5251808971147325
0.6,1589.426156967029,2.1895168258996724
0.6,1589.426156967029,2.125130321810244
0.6,1309.4768021552077,2.477808669897704
0.6,1137.7867007145078,2.349748871579892
0.6,1046.613578581375,2.542011348984518
0.6,959.364796318686,2.65113602417836
0.6,852.4371167816226,2.4859267749767744
0.6,1809.785828682209,2.183369072745979
0.6,1809.785828682209,2.1100629815599032
0.6,1495.6000025794303,2.457509706504641
0.6,1303.732534355427,2.323278072881575
0.6,1201.1956488117871,2.506051986630175
0.6,1104.9652440167663,2.609537413981095
0.6,983.8492745413593,2.436680947078218
0.6,1680.6674914952823,2.439738680220441
0.6,1468.95535248075,2.3033721575151813
0.6,1355.297178878006,2.4813482483370377
0.6,1249.6104072555345,2.585865104957845
0.6,1115.4855933587671,2.4102086877285114
0.6,1864.15241464295,2.4277620510740494
0.6,1632.359963265121,2.2900891198529614
0.6,1508.9795686426685,2.4634416238357297
0.6,1393.9111103236069,2.565474422083671
0.6,1246.4910702466204,2.3753570994373945
0.6,1794.833117997273,2.2783244604252317
0.6,1662.0147209876425,2.4486911420480912
0.6,1537.7795533670596,2.551595507999888
0.6,1377.4293959070942,2.364052878914904
0.6,1957.00706442495,2.2692651188335824
0.6,1815.9149156195351,2.437297551898437
0.6,1681.4533165903013,2.5393234905198065
0.6,1508.5769483504548,2.353516109517165
0.6,1969.618344346493,2.4259180008138284
0.6,1826.5602973743853,2.5281027355065016
0.6,1640.0981378914664,2.340084938771055
0.6,1970.7021881572005,2.5162137625292296
0.6,1771.6047430373503,2.326555888865117
0.6,1903.8874314650704,2.315083974456973
1.2,616.4893353165387,1.776398503940875
1.2,616.4893353165387,1.761593813234997
1.2,580.9919240185988,1.835279273118182
1.2,537.2355551329136,1.8630407466348764
1.2,504.0712073518712,1.91641673662998
1.2,488.0882195910623,1.93620749076638
1.2,459.5324522126547,1.93883743711956
1.2,810.1730146110799,1.7350494128325622
1.2,810.1730146110799,1.719489943931964
1.2,769.9812169792214,1.7799342952034207
1.2,715.9331275948266,1.7995856092380556
1.2,676.8580044547246,1.8539888829470828
1.2,655.8780708245924,1.8967136418445936
1.2,608.7516355190576,1.918555731159388
1.2,1003.9501224761416,1.715602104021063
1.2,1003.9501224761416,1.6941839964666978
1.2,958.873488716834,1.750093014285523
1.2,893.7299113270976,1.7641432421068497
1.2,848.5935756809604,1.8140744653881156
1.2,825.5783863735016,1.865278854155304
1.2,768.806882404266,1.861589994239723
1.2,1197.8903200416855,1.7091551230826103
1.2,1197.8903200416855,1.6773516529121215
1.2,1147.592471628832,1.7388651370503236
1.2,1070.7124530868266,1.7461383619180162
1.2,1018.7740449036148,1.7882327040197414
1.2,993.57237620968,1.8354350041763847
1.2,927.6088184281988,1.8309562932852224
1.2,1391.833352607604,1.7073771833148623
1.2,1391.833352607604,1.6777784510927565
1.2,1335.6182035972176,1.7218952181635785
1.2,1247.3971892616794,1.7308207136711056
1.2,1187.752195363909,1.7734426194481707
1.2,1160.442664071982,1.820026218669781
1.2,1085.561562863291,1.806967602235904
1.2,1585.933379620851,1.7013319583638862
1.2,1585.933379620851,1.672533183402475
1.2,1522.9398562443946,1.7185543116177582
1.2,1423.0987368519577,1.7244663249764305
1.2,1356.977124292186,1.7641640705853212
1.2,1326.810002428451,1.809428488972986
1.2,1242.7766465591835,1.7886633369740212
1.2,1779.8839903186135,1.6943215377915544
1.2,1779.8839903186135,1.6710837320486245
1.2,1710.318579082795,1.7154420505954258
1.2,1598.4203960111597,1.7167236333681477
1.2,1526.252577500565,1.7627494889391564
1.2,1492.230161983841,1.804981114071564
1.2,1399.5808362711628,1.7756422799195883
1.2,1973.4136391621776,1.689145466040664
1.2,1973.4136391621776,1.6724426621385071
1.2,1896.5592641293888,1.713158283015189
1.2,1773.303614147432,1.717547871158421
1.2,1695.803593796919,1.756984524532173
1.2,1657.1070865403346,1.7982563000836618
1.2,1555.9310338646694,1.7625899132756289
1.2,1948.1864517527804,1.7138597677508398
1.2,1865.8502508203007,1.7560521532687912
1.2,1821.4044965256735,1.794026768535374
1.2,1712.937281606764,1.7543683780055617
1.2,1985.0336139687672,1.7894738278425233
1.2,1869.039619686306,1.7477612086734473
1.2,642.4310323085354,1.7519841992208014
1.2,642.4310323085354,1.760646317428717
1.2,622.8497490263137,1.7671095383363713
1.2,585.9920771983377,1.9408390648744125
1.2,552.3112017500098,1.955396350673907
1.2,531.3747250196286,1.8685572225224936
1.2,522.8065325036958,1.8960501781120167
1.2,841.8173239639299,1.7276468004051002
1.2,841.8173239639299,1.7315996204420725
1.2,821.3643457666852,1.720133126646625
1.2,779.6501898782045,1.886335353821919
1.2,738.6449802593642,1.8875177914251315
1.2,714.8178779880367,1.824926383141891
1.2,697.205610232367,1.8623815161126591
1.2,1042.1247530292326,1.7061501309192415
1.2,1042.1247530292326,1.7024686764675772
1.2,1024.0445234027536,1.7006539389692088
1.2,971.327722435198,1.8537020734491136
1.2,924.6752039552867,1.849948181345966
1.2,898.0216718203425,1.780223326320888
1.2,879.3040536198879,1.81980043009418
1.2,1243.798909529385,1.6986169150552497
1.2,1243.798909529385,1.6844592597534795
1.2,1223.381546821117,1.6916510841266532
1.2,1162.4487232072966,1.8401690410015592
1.2,1109.3105483096613,1.8273899008407908
1.2,1080.0000420456115,1.7596142486944522
1.2,1059.2826130771068,1.7932665970769794
1.2,1445.9600187074325,1.6970770374182025
1.2,1445.9600187074325,1.683401337555168
1.2,1420.569784857571,1.6861120740401796
1.2,1352.727844307487,1.830990271213204
1.2,1293.519565168441,1.817367240973113
1.2,1260.9401702164678,1.7461619630617802
1.2,1238.6479193767082,1.7781144708661938
1.2,1648.4064795971185,1.6750415112875856
1.2,1648.4064795971185,1.6867157514416478
1.2,1618.6628446655966,1.6827916850032762
1.2,1543.3737156576483,1.8207494126651047
1.2,1477.7143537662334,1.8058742283304172
1.2,1442.3197445373348,1.737200378803633
1.2,1418.2938690987417,1.7664555822231276
1.2,1850.4943959219383,1.660169896051466
1.2,1850.4943959219383,1.679408881707292
1.2,1822.6938814928135,1.6818493936989218
1.2,1733.9815704430064,1.813934464097468
1.2,1661.9980594100282,1.7954483999354116
1.2,1623.8132944509634,1.734569620082257
1.2,1598.041958212488,1.758293658357264
1.2,1923.8136619542925,1.814581175806775
1.2,1844.1924288173195,1.7927383005218982
1.2,1804.840067263411,1.7308727341722936
1.2,1777.12512667754,1.7459305519077608
1.2,1983.586923564917,1.7221756639639778
1.2,1955.871230322422,1.7427166027016925
1.2,614.2357298384118,1.7953556051054151
1.2,614.2357298384118,1.8018003560357196
1.2,595.851829910787,1.809199877046304
1.2,560.6267049171329,1.9746382635395316
1.2,532.5247014027356,1.9578968633726648
1.2,520.9324461018547,1.8663049026240923
1.2,513.385546958202,1.9004552913645052
1.2,804.5470743283282,1.770676632877917
1.2,804.5470743283282,1.7719468607222244
1.2,785.5429778463003,1.760358945297517
1.2,745.9690168729852,1.9336349639910844
1.2,706.6649425019709,1.9268020791779692
1.2,687.1779993643967,1.83718853075394
1.2,678.955843020277,1.8670227661923169
1.2,995.6666506427522,1.7494555487428811
1.2,995.6666506427522,1.7413751802537083
1.2,979.2050883816164,1.7401724323357213
1.2,929.1284962287056,1.8996343320019096
1.2,884.7365764020619,1.897235622291216
1.2,859.1374484781533,1.81822689187488
1.2,843.794936622923,1.848670075759726
1.2,1188.087790516325,1.7418943079936688
1.2,1188.087790516325,1.7226500417181911
1.2,1169.6632014522577,1.730679830724253
1.2,1111.7454723753724,1.8854322245637711
1.2,1061.2425532427685,1.873574483169594
1.2,1033.3319392915964,1.802325415160456
1.2,1013.410881123562,1.842708699824511
1.2,1380.960375056233,1.7402378742645108
1.2,1380.960375056233,1.7216862329146223
1.2,1357.888022382822,1.7248300547408322
1.2,1293.5492936646788,1.8757215025259333
1.2,1237.2562748466505,1.862965290535573
1.2,1206.4046632439056,1.7882006283902545
1.2,1185.1055332258718,1.8289182956397292
1.2,1574.093782559576,1.7176059170001037
1.2,1574.093782559576,1.725424540439782
1.2,1546.7924661462284,1.721266777606314
1.2,1475.696511616738,1.8650138591523384
1.2,1413.2475608552652,1.850928698101347
1.2,1379.7156924305352,1.7787002072036306
1.2,1357.0435677386924,1.8166480543292352
1.2,1766.8782523323373,1.7026964434071117
1.2,1766.8782523323373,1.7178735912313177
1.2,1741.4378718649257,1.7201806221753315
1.2,1657.8036481150025,1.857865680685712
1.2,1589.3182536050183,1.8400188468039445
1.2,1553.1286690316392,1.775716080922293
1.2,1528.797350397792,1.8080671464149916
1.2,1959.6309596139577,1.6949554570292766
1.2,1959.6309596139577,1.705401008286633
1.2,1931.9951286560463,1.7226963325794595
1.2,1838.9509574878844,1.858495857810696
1.2,1763.3869965890767,1.8370479782179243
1.2,1726.0899724483506,1.771660137890794
1.2,1699.908271115294,1.7953513259765064
1.2,1938.4447601862223,1.8344603072495005
1.2,1896.866489296788,1.7627185065875204
1.2,1870.6908835114607,1.7917885883772582
