K,Rem,frictionFactor
0.6,1878.7356038765984,6.637231677309721
0.6,1770.5533412400448,7.543708772046585
0.6,1657.004799801697,8.174981690987373
0.6,1878.513930484908,6.637788567322208
0.6,1770.2879738127413,7.544489875136384
0.6,1656.698330985831,8.175974124060573
0.6,1878.1545090715472,6.638701121034052
0.6,1769.8532986001062,7.54576961764224
0.6,1656.1964640130716,8.177594642904005
0.6,1999.77143072698,6.486954838142291
0.6,1877.6454323740372,6.639981489354793
0.6,1769.2437825888485,7.547561986704929
0.6,1655.4940750860335,8.179887825297605
0.6,1999.2612639514948,6.4882292360231295
0.6,1876.9868075396344,6.64165382480524
0.6,1768.448303635553,7.549894688661534
0.6,1654.580833652547,8.18284018185163
0.6,1998.6300911698777,6.489782361029244
0.6,1876.1847574492092,6.643683106950877
0.6,1767.4839961371283,7.5527282304018515
0.6,1653.4728702617797,8.186438505302794
0.6,1997.8907583040711,6.491603013411774
0.6,1875.2454256854696,6.64608186886341
0.6,1766.3454686141615,7.556090758629277
0.6,1652.1599878027569,8.190699146733321
0.6,1997.0306308102283,6.493726464829742
0.6,1874.1510579187436,6.648850909834335
0.6,1765.0330175639551,7.559956635980133
0.6,1650.6531492269032,8.19562417021266
0.6,1996.062580826579,6.496118460794632
0.6,1872.919818597472,6.651991153611736
0.6,1763.5469844644256,7.564340943194169
0.6,1648.9475602490024,8.201201279066758
0.6,1994.9803822346785,6.498791218882635
0.6,1871.54597405121,6.655503649172398
0.6,1761.887755552375,7.569259035283576
0.6,1647.038507241671,8.207447833819623
0.6,1993.777837587114,6.501768702368289
0.6,1870.0178666692584,6.659401498588764
0.6,1760.0501445330358,7.574712985517471
0.6,1644.9266129117768,8.214381611811902
0.6,1992.467853177959,6.505016802709062
0.6,1868.3537163613155,6.663674107625583
0.6,1758.0402546614969,7.580677901269623
0.6,1642.6230531266965,8.221961790915014
0.6,1991.037909002908,6.508571308490273
0.6,1866.535971416288,6.668322910726039
0.6,1755.8586062688646,7.587197043988092
0.6,1640.1128269104593,8.230265873392154
0.6,1989.500930597052,6.512386522325925
0.6,1864.5888340820773,6.673349471762305
0.6,1753.5057632651328,7.594232309803079
0.6,1637.4124582437914,8.23920926723788
0.6,1987.8507921263672,6.5164984211704535
0.6,1862.494823691961,6.678743488943369
0.6,1750.9879244480355,7.601786540579503
0.6,1634.5227762715156,8.248840661569709
0.6,1986.0877418390303,6.520908120932149
0.6,1860.2543766283843,6.6845307611144085
0.6,1748.2945489033482,7.609890202906335
0.6,1631.4342406178364,8.259149922171861
0.6,1984.212044669694,6.525605099060134
0.6,1857.873892111278,6.690701271822023
0.6,1745.4319277230763,7.618546765146
0.6,1628.14784682533,8.2701868552838
0.6,1982.223982140368,6.53059058472757
0.6,1855.3538447152207,6.6972571170352175
0.6,1742.4007952430154,7.627746176875477
0.6,1624.6698454523855,8.281897288006434
0.6,1980.130175021092,6.53587764401467
0.6,1852.688817394186,6.704212617982646
0.6,1739.19636851664,7.637492302397574
0.6,1621.0013226493877,8.294316865413295
0.6,1977.9182859737807,6.541444166766209
0.6,1849.8911833280035,6.711533882866739
0.6,1735.8361407453733,7.647761570855285
0.6,1617.153766852867,8.307436754703156
0.6,1975.588664173336,6.547338758769653
0.6,1846.9378635464047,6.719296116689127
0.6,1732.287674216558,7.658669139338502
0.6,1613.0870138741202,8.32133903080927
0.6,1973.1605866643283,6.553492236311875
0.6,1843.8648798683985,6.727417121701111
0.6,1728.5906932486391,7.670081145355133
0.6,1608.8540246628863,8.335909962522166
0.6,1970.6217821430675,6.559965256333352
0.6,1840.6433367967447,6.735936044177347
0.6,1724.7294863328934,7.682057820288183
0.6,1604.435412578678,8.351217251693319
0.6,1967.966339506152,6.566735939567267
0.6,1837.2856739588956,6.7448680700090815
0.6,1720.6995215846778,7.694632319671
0.6,1599.8222854979897,8.36659441003371
0.6,1965.207237551598,6.57380609079904
0.6,1833.792551162438,6.75419186441504
0.6,1716.5128390248667,7.707754104217766
0.6,1595.036579383422,8.381469424096213
0.6,1962.3385891132896,6.581177600558363
0.6,1830.1646531556387,6.763935189600926
0.6,1712.1594876602649,7.720804025515554
0.6,1590.201718434788,8.39701148141084
0.6,1959.360818679245,6.588864396342619
0.6,1826.396843878395,6.774089226593471
0.6,1707.6460643226576,7.733490034170509
0.6,1585.3783513963888,8.413241415896987
0.6,1956.2743660231768,6.596856652126682
0.6,1822.4957239905,6.784657551064525
0.6,1702.9736947142417,7.746683476998114
0.6,1580.392993695563,8.430125614742087
0.6,1953.073438671482,6.605180545456471
0.6,1818.4504052944271,6.794854474889304
0.6,1698.3361472109054,7.76045249581137
0.6,1575.2234712045945,8.447768270391533
0.6,1949.7647722195773,6.613802393398329
0.6,1814.2791747670556,6.804962081128749
0.6,1693.672174468589,7.774714248316178
0.6,1569.904489858921,8.466039769348464
0.6,1946.35508088876,6.622736521924075
0.6,1809.9770041964089,6.81544304561669
0.6,1688.8628987048985,7.789512081093004
0.6,1564.4234139112386,8.485031406643836
0.6,1942.844835546908,6.631985372600906
0.6,1805.5447227323664,6.826311790603075
0.6,1683.904448895312,7.804864599052007
0.6,1558.7771895818632,8.504724355767964
0.6,1939.2221019177769,6.640555174322567
0.6,1801.250907585902,6.837549585282185
0.6,1678.808157041441,7.820752378004856
0.6,1552.9768638611788,8.525141866862327
0.6,1935.499835281718,6.6493136591289295
0.6,1796.8645279379518,6.849171089465433
0.6,1673.5701988159024,7.837194474863276
0.6,1547.0194451327627,8.546265458171998
0.6,1931.6661698027815,6.6583656833594125
0.6,1792.3535322896828,6.861191252875327
0.6,1668.1868356538118,7.85422335801548
0.6,1540.8974098381434,8.568161744735638
0.6,1927.7340474407963,6.667702704943057
0.6,1787.724179888006,6.873591543633052
0.6,1662.6694016676795,7.871794248648948
0.6,1534.631102918239,8.590784679231522
0.6,1923.679340359004,6.677359654954868
0.6,1782.9612948181143,6.88643238202814
0.6,1656.994282599516,7.890018385269008
0.6,1528.1854460306963,8.614259792829035
0.6,1919.4630648145248,6.688597111309645
0.6,1778.1426422774218,6.899131366397505
0.6,1651.1382153445904,7.910515147556418
0.6,1521.7253171970087,8.665291287187653
0.6,1915.7095995939192,6.698954899025751
0.6,1773.047360550601,6.9121980863715295
0.6,1645.20690988746,7.944606157178999
0.6,1515.0068999707655,8.632081324440687
0.6,1911.488376760141,6.7090875865075015
0.6,1767.9735115144745,6.925779769039736
0.6,1639.142014469042,7.959740317879349
0.6,1508.2917403882816,8.679259617230707
0.6,1907.3598203787285,6.7197756934770085
0.6,1762.7604967584805,6.93992335934585
0.6,1632.940051796484,7.978530208164014
0.6,1501.473190607165,8.725474667200611
0.6,1903.1069081662592,6.730886723458408
0.6,1757.435000617795,6.954757918274551
0.6,1626.768335429406,7.999721835322505
0.6,1494.4901411024473,8.752892943424463
0.6,1898.760104020571,6.742322876013016
0.6,1751.9871736175105,6.970026697147478
0.6,1620.4722827490334,8.021538498979385
0.6,1487.3686621098848,8.781154841747046
0.6,1894.3200238788752,6.754053896059544
0.6,1746.4338623500448,6.985723367787073
0.6,1614.0503911227547,8.044003072473872
0.6,1480.1062668502236,8.81027505957537
0.6,1889.7759470907847,6.76613850158044
0.6,1740.7498610987589,7.001911714942284
0.6,1607.4804416998318,8.067179986826199
0.6,1472.6875412828929,8.840344426395525
0.6,1885.1455714278443,6.778513017980069
0.6,1734.9677134680549,7.018480633936461
0.6,1600.8111960302638,8.090943351751203
0.6,1465.1579194134476,8.87121306915706
0.6,1880.435156763988,6.791191642875816
0.6,1729.1668978917594,7.035505815572871
0.6,1594.0156995528316,8.115385140258766
0.6,1457.493237310289,8.903002870493273
0.6,1875.628378876081,6.804211420319387
0.6,1723.3155902871547,7.0529814758533735
0.6,1587.100141226516,8.140488632989978
0.6,1449.704084193345,8.93568503904062
0.6,1870.73719055035,6.817530651354653
0.6,1717.3705388482692,7.070901798721478
0.6,1580.0706580034391,8.166292695988204
0.6,1441.7838541912013,8.950001956942124
1.2,1998.2445178508067,3.201727738029009
1.2,1995.0616794650325,3.2049930512651814
1.2,1991.7050526834264,3.2084560069205463
1.2,1988.1627034265264,3.2121178654907685
1.2,1984.4418517404276,3.215985778949252
1.2,1980.556051307061,3.220043718681787
1.2,1976.4935162709728,3.2242930890652888
1.2,1972.2615202565785,3.2287529490701945
1.2,1967.854730262154,3.2334132445993204
1.2,1963.280470822109,3.238269763833382
1.2,1958.5335066577777,3.2433419578317477
1.2,1953.6212090387023,3.248478471422249
1.2,1948.5259501827447,3.25335523074671
1.2,1943.4110843304445,3.258405369940938
1.2,1938.347592278607,3.2636463602350942
1.2,1933.133850900336,3.2690639929272307
1.2,1927.7594501876004,3.274686663527336
1.2,1922.2487430434192,3.280489583131051
1.2,1916.5740865115536,3.286496096454108
1.2,1910.759815229282,3.292697523736393
1.2,1904.7785468485824,3.299117644331583
1.2,1995.5782930670937,2.946374217019676
1.2,1898.6660042872684,3.3057207630156498
1.2,1990.020317897827,2.951688583162118
1.2,1892.4120368300792,3.3125198650178005
1.2,1984.3393852412853,2.957158417940557
1.2,1886.017992984716,3.3195336814943373
1.2,1978.530565935773,2.962790230219801
1.2,1879.4795929988468,3.326753735151248
1.2,1972.5890131833048,2.9685857567357665
1.2,1872.798286678572,3.334182526325645
1.2,1966.5217873292704,2.974541870677448
1.2,1866.006064866703,3.341828209357601
1.2,1960.3300076503044,2.9806653150012994
1.2,1859.2234875197785,3.349693543307915
1.2,1953.9971806072765,2.986972906983235
1.2,1852.288301619938,3.357798241066356
1.2,1947.5539157319645,2.993431918404995
1.2,1845.2400428502792,3.366094695474154
1.2,1941.0610550270528,3.0000541604470463
1.2,1838.0691357427584,3.3746195106462937
1.2,1934.549985380013,3.006856711575804
1.2,1830.7607814785515,3.383375849008341
1.2,1998.6307710431436,2.6742839935475677
1.2,1927.916374210332,3.013836772960809
1.2,1823.3218849045088,3.3923612482972154
0.3,1762.0724940309267,12.059111097732032
0.3,1529.6116742559052,13.87024759080664
0.3,1347.6428897064918,14.462671590141342
0.3,1253.2742073599031,19.12429887172031
0.324,1957.0102501421763,10.81629207625177
0.324,1717.2670469959094,15.741986484387043
0.324,1426.5461214364143,13.743218478975892
0.324,1345.6034759282968,14.718654149569028
0.324,1218.3425272737288,22.16538216424692
0.349,1764.9856464288912,12.95045641016611
0.349,1532.2028138814746,11.941434800392928
0.349,1420.3050664509149,12.97857120939093
0.349,1267.630230841321,21.829255907577288
0.373,1853.664200323708,10.959237467736507
0.373,1613.2410405342907,11.775021941657585
0.373,1512.7971034836849,11.358604945383084
0.373,1411.4821993540722,14.001929859609932
0.398,1910.4213623206324,8.27948333102867
0.398,1703.7004319421196,11.534090326996337
0.398,1518.0318702552406,10.480199130938658
0.398,1425.576596860701,13.451442024375051
0.422,1885.1195301776083,9.33555715751316
0.422,1683.871946775149,11.767106158478583
0.422,1509.4442242535197,9.130392707766134
0.422,1472.8860314203266,14.407775715148317
0.447,1914.5865899898097,8.123861883320027
0.447,1763.4203953428466,10.282197797405576
0.447,1607.532472271415,9.034119658457714
0.447,1537.744363925154,11.488264162613325
0.471,1887.4138856024992,7.099097436866972
0.471,1746.1580795658956,10.31577449144813
0.471,1552.3627308521695,8.536089292230889
0.471,1537.3482435446413,11.210964513232591
0.496,1945.1785851701309,10.1576223615729
0.496,1702.043477121971,8.814833209649994
0.496,1639.7757123183378,8.658183559901904
0.496,1562.7046273549006,10.92433050135157
0.52,1944.529190711198,7.14308455388942
0.52,1849.4486709837645,8.089755641811193
0.52,1642.015456336747,8.185482679333695
0.52,1582.762361591509,10.167245160303972
0.545,1974.397335427397,7.160821888023891
0.545,1843.887129977173,8.570641369338354
0.545,1707.7982372173417,6.993909440213041
0.545,1691.8342538266186,8.528785544835099
0.569,1884.876015606359,6.273415785469319
0.569,1790.8970512262708,7.668157850871026
0.569,1648.326442414659,8.185777216960906
0.594,1887.0539407487945,7.042051934858046
0.594,1764.341996073127,6.552012845114318
0.594,1708.6102506083405,8.195569958687628
0.618,1953.1851442022723,6.234206314705023
0.618,1844.5373309909928,6.805200043688187
0.618,1757.788498561686,6.348318350815125
0.643,1993.032523399667,5.855151886614843
0.643,1853.1686487614952,5.73514896405863
0.643,1761.9300877323096,7.742606773409672
0.667,1986.8920274020877,5.691326408609282
0.667,1879.5389258508555,5.635958846668036
0.667,1789.793309326685,7.849640515402285
0.692,1995.8887102783488,5.531421282515938
0.692,1888.975298159757,5.890831407426118
0.692,1815.4601218832129,6.265883996142396
0.716,1995.4145942852856,5.224677807606619
0.716,1917.4414429114483,5.833971375474493
0.716,1819.0726965880945,5.728142865784232
0.741,1911.00065340796,4.798259499950809
0.741,1844.9495837570048,5.915219951329934
0.765,1952.4028635130028,4.476174030537352
0.765,1916.8080955003195,5.886641688582753
0.79,1989.8637837323008,5.213680947741443
0.79,1880.2667007501525,5.849766681534555
0.814,1984.2626927712256,4.4000582049054495
0.814,1921.0601029243965,5.434801327588897
0.839,1994.225569194038,4.06761105063672
0.839,1919.6969731355773,5.613679530221288
0.863,1963.954062478889,4.4461925932510855
0.912,1972.9956050627552,3.934493607781001
0.937,1985.1244522558068,4.182008853598916
0.986,1970.5705724681,4.444399607859826
1.01,1989.606444160372,3.978834619444934
1.5,1988.162750331386,2.2916186354828785
0.3,1613.6149188096197,11.298898425241097
0.3,1426.3472079954197,15.100046600358183
0.3,1221.4742095512663,15.746417492652784
0.3,1106.7919069181,22.858759886772408
0.324,1901.4676881288517,11.100084192076867
0.324,1639.5176714446502,16.327000234887432
0.324,1335.67474192052,14.415936523827233
0.324,1234.7620235665927,15.63262685753777
0.324,1093.9146138426477,23.82365671110774
0.349,1972.1861222708103,10.563290135616365
0.349,1689.842964589683,13.395853643660743
0.349,1441.649688734327,12.48076263682652
0.349,1311.631930883486,13.723911672595472
0.349,1146.9280556909432,23.33463633944385
0.373,1779.172730671743,11.309638033277324
0.373,1524.4433314980215,12.264904996061556
0.373,1405.4966548695156,11.9514492337297
0.373,1288.2127559193543,14.871099132341428
0.398,1837.4715853997163,8.529945350572083
0.398,1614.882457895615,11.988129546494877
0.398,1415.8325595810982,10.999254627886629
0.398,1306.8814229390412,14.246277726927469
0.422,1813.2657217425765,9.617949152006354
0.422,1596.0927733301162,12.227117617317788
0.422,1408.4959528639026,9.576588672643034
0.422,1351.7406416431816,15.255033117628027
0.447,1843.2375284310904,8.362638242056832
0.447,1674.061320560655,10.66970505181759
0.447,1503.7405067049967,9.457421106260336
0.447,1416.0438075844036,12.12763265924928
0.471,1817.2773228514936,7.30241214641858
0.471,1659.9121746281503,10.692352958692435
0.471,1455.1650289526283,8.922644955938424
0.471,1419.431115246214,11.810305645326846
0.496,1872.9123273874536,10.454689068556222
0.496,1616.218268499436,9.145443706531948
0.496,1534.391643981818,9.056638428443003
0.496,1441.0537558228648,11.510740971694643
0.52,1874.9063235219292,7.343145423717924
0.52,1760.0972521258936,8.378168524738054
0.52,1541.5291708992572,8.545734093650942
0.52,1464.5101245079386,10.692224917434416
0.545,1904.679003140636,7.355000024646552
0.545,1757.618384887173,8.86429622530333
0.545,1607.236652422364,7.288358122840169
0.545,1570.508389894174,8.949681968921574
0.569,1953.3573388243487,7.31379354989761
0.569,1799.5539932449249,6.480686612209055
0.569,1689.1097681902338,7.977176046850389
0.569,1534.8373653405638,8.572837301048759
0.594,1955.2060069312247,6.622731538861625
0.594,1801.1988368763905,7.274457680633167
0.594,1664.1733807118785,6.815660793154103
0.594,1591.136963112682,8.58041622936512
0.618,1865.9594075776863,6.43524365159995
0.618,1742.1563130673112,7.069814994241322
0.618,1640.8337063287654,6.63547346854495
0.643,1904.6679736465435,6.042936235638134
0.643,1750.8568473066032,5.959070977781623
0.643,1644.2383518009,8.09340363948322
0.667,1899.3991078203671,5.872609649464995
0.667,1776.464919075647,5.851379294868377
0.667,1672.6553706858651,8.193385540430288
0.692,1911.9110954445805,5.698603581587888
0.692,1790.5842062078395,6.105937207634607
0.692,1701.7584666622045,6.530517749694391
0.716,1910.4297888051235,5.384544113715888
0.716,1816.120509606859,6.050505123377248
0.716,1703.7229845113457,5.971962959281548
0.741,1811.818691718496,4.972797598805386
0.741,1729.829134404549,6.16122324871504
0.765,1853.0917099325911,4.634587422345241
0.765,1800.3377003461528,6.126495137431214
0.79,1961.1183347183303,4.881585416478696
0.79,1888.5234397706324,5.398589966619465
0.79,1765.7797391907093,6.086462248097247
0.814,1885.458741112174,4.551956116536808
0.814,1807.1106190043292,5.650423532943175
0.839,1895.540774612877,4.206931348095872
0.839,1806.6956669709955,5.8346136891050495
0.863,1935.2782852348832,4.313094019179959
0.863,1849.2682957415984,4.618279901290488
0.888,1974.023318090552,4.037625267975281
0.888,1890.4042075375653,4.419347973668848
0.912,1981.7388186471337,3.843986428212353
0.912,1861.3580580844368,4.082454498921992
0.937,1982.462636260213,3.813889278436788
0.937,1873.3757591068213,4.337183341511263
0.961,1971.6538646493325,3.3507596132869844
0.961,1892.975009115716,4.323122590837524
0.986,1915.4954743663247,3.54777544913456
0.986,1860.5399326511645,4.6075589943128215
1.01,1969.7088642712888,3.607283255247281
1.01,1880.5696144339609,4.135471058774121
1.035,1984.3328334308728,3.2272378938176614
1.035,1921.6174235148724,3.912685391046717
1.059,1893.7593623167509,3.6525866730066032
1.084,1977.9336047981076,3.240677151769132
1.084,1911.256398642148,3.4414385035980293
1.108,1987.042687099685,3.1917379257660947
1.108,1899.350939411588,3.4083643985743435
1.133,1986.0668068179248,2.927913903306676
1.133,1952.0916876566869,3.288517809900732
1.157,1917.1905321803388,3.316620784950976
1.182,1994.418084668587,2.8634020422437687
1.182,1953.0661742061552,3.088456012641153
1.206,1996.4691488205704,2.841355975151378
1.206,1918.8205020504568,3.0457906116007987
1.231,1980.8885517292151,2.792997802692951
1.231,1939.903645613021,2.945336277380493
1.255,1956.645400540072,2.619917023595987
1.255,1934.025907132011,2.9464628403443096
1.28,1924.6277127328376,2.8950285005099814
1.304,1979.9384159442025,2.5801488528375813
1.304,1927.737188788302,2.7009779445160755
1.329,1985.116274919232,2.5260787982733146
1.329,1928.3128244875409,2.718651252876872
1.353,1959.3339361970543,2.5850635254830454
1.353,1921.7140814692737,2.78438453268793
1.378,1985.968966707426,2.335749454305584
1.378,1931.102377251025,2.727718183628607
1.402,1969.7327104827943,2.3004630878555075
1.402,1923.7686074692804,2.607805561194112
1.427,1955.7073899833988,2.146374724679957
1.427,1946.1345233313225,2.593693096550533
1.451,1998.2268928935437,2.2554578532156078
1.451,1913.325207357918,2.453899896019313
1.476,1980.299033432076,2.148939968398437
1.476,1936.147299084803,2.3858075375137973
1.5,1931.879143667372,2.1836219795379
1.5,1891.7714293302267,2.363820266289963
0.3,1979.2083398257903,13.027782756679551
0.3,1760.728987014224,14.867223053352165
0.3,1576.8120355671283,14.585486202747555
0.3,1451.6234767305004,19.97727854264637
0.324,1965.9728991434188,12.854541712821478
0.324,1734.8195955873764,15.637791090022676
0.324,1511.1252086828576,16.2110602692137
0.324,1411.8538924316308,20.564541377142625
0.349,1964.4930196508783,12.727295938918475
0.349,1762.7934174747147,12.164450616063968
0.349,1632.9375688371392,15.227579415368456
0.349,1494.8012259461543,16.923885590510416
0.373,1744.370233764704,11.943617655251082
0.373,1669.363625311123,12.2929487632696
0.373,1542.305121232818,19.818364234253764
0.398,1812.214656540784,10.819970389617673
0.398,1757.2331968025214,12.789883914520663
0.398,1575.9936033765548,15.6556322288752
0.422,1915.2743017343175,10.58845828810648
0.422,1763.7922557638562,10.493528395195804
0.422,1669.0908101718956,15.52451405732132
0.447,1904.236859638947,10.412165310401305
0.447,1799.747477430196,10.704099670380282
0.447,1679.8872092790448,11.98272750194018
0.471,1981.0557914434648,10.19124817478013
0.471,1789.005304676279,9.800336470956358
0.471,1692.3017229143934,12.05146481814298
0.496,1889.9585069135928,10.442969167281422
0.496,1796.26651358528,9.281519531922864
0.496,1779.1683091320251,10.835262716093078
0.52,1962.4402506166523,7.8703427648176625
0.52,1888.9891502430005,9.631512441338812
0.52,1743.4817102776371,10.468715021033564
0.545,1947.4597917600456,8.351275794082452
0.545,1905.7967437417,7.472603509953805
0.545,1821.657657331297,11.460708252819243
0.569,1932.991383152055,7.475623330737576
0.569,1833.8102934276528,10.032350164592785
0.594,1881.1396543930969,8.94217243555437
0.618,1983.410624813488,6.908605661774416
0.618,1903.9873350672096,8.152718316359115
0.643,1975.5792415571636,7.257564091765493
0.667,1958.6030686919996,6.780911789054858
0.765,1979.1019559401664,6.002837135072407
0.3,1881.2319055612477,14.029284544423346
0.3,1678.8754827421303,14.308986150176906
0.3,1521.6439441146892,15.447337460434634
0.3,1371.2860467538596,21.93689384417743
0.324,1879.669795383045,13.17808555398498
0.324,1659.2642844571108,16.035658955158507
0.324,1445.8595424081896,16.628166808655912
0.324,1350.741692448161,21.066211265615426
0.349,1878.2568869138568,13.047439366379413
0.349,1685.9822193737125,12.473445693925262
0.349,1562.3239679169646,15.618291500593571
0.349,1430.143253056969,17.362328435969868
0.373,1977.144900673544,13.495696860950956
0.373,1668.4566431553128,12.241669123375877
0.373,1597.1319099590214,12.602167340881527
0.373,1475.6157650644377,20.331859783991074
0.398,1733.0726152063,11.093753810189485
0.398,1681.018918288237,13.11654439048161
0.398,1507.899741684771,16.058781059764367
0.422,1831.5636620338785,10.855997312666576
0.422,1687.2077542927902,10.760991320454082
0.422,1597.0097202824686,15.923548673787405
0.447,1820.987326099792,10.675110854761312
0.447,1721.5695663555098,10.97673930760138
0.447,1607.3518797740844,12.290410986018792
0.471,1894.3696196165088,10.448198157794732
0.471,1711.195366719719,10.049371902729984
0.471,1619.1416687032518,12.36001011166942
0.496,1807.250810815297,10.706237422347597
0.496,1718.1341556456407,9.517331407115334
0.496,1702.2430090092264,11.112703578812448
0.52,1876.5145632275344,8.06851472344749
0.52,1806.7451696985213,9.8759233516603
0.52,1668.0304449915775,10.736316691073675
0.545,1973.200939047088,9.194853582017997
0.545,1862.199964483508,8.561578980845908
0.545,1822.8276954538323,7.662182110893832
0.545,1742.808133800294,11.753488669892748
0.569,1988.5316600820156,7.617108283617297
0.569,1848.717705502936,7.664841065732064
0.569,1754.2936206025638,10.287949828562972
0.594,1997.075070202466,7.130704624616603
0.594,1926.3880188341043,7.285045427702968
0.594,1799.5581522071325,9.169928961410305
0.618,1895.8661323825972,7.25293055523819
0.618,1813.8629237718144,8.03384275064969
0.643,1889.8230465744184,7.44205194251838
0.667,1873.2752753102484,6.956552990942282
0.692,1995.6025617692485,6.1451931783360285
0.692,1923.9601405818084,6.394771390124069
0.716,1930.5474712675737,6.659855518936788
0.741,1996.888427623484,5.970468674293285
0.765,1893.0170166220807,6.154934322986221
0.79,1932.7385126078923,5.26070844638836
0.6,1920.907061074203,6.164393867724324
0.6,1739.0335550478308,7.165278542068373
0.6,1559.2868124629792,6.478634811192237
0.6,1525.9700613506147,7.976349435283256
0.6,1906.2329439102048,6.113500109501735
0.6,1781.207581561404,7.2008381234360295
0.6,1605.9364553320618,6.331454898912638
0.6,1525.9646717019352,9.569548057078045
0.6,1921.6305916453305,6.721371193116754
0.6,1756.5461966185258,5.890167636258178
0.6,1732.1898838257966,6.696213987658868
0.6,1538.7600925420495,7.861886947260453
0.6,1952.0913082934928,6.624489104623656
0.6,1774.4668941913555,5.987854762089529
0.6,1690.7002805149086,6.8547905720446085
0.6,1565.5987587908526,8.072308169051178
0.6,1912.3441508056464,6.341178938543247
0.6,1811.3563252346028,6.215191814588204
0.6,1718.8295564459513,7.36092312878704
0.6,1559.297178480508,7.855431163642167
0.6,1793.2941008537082,7.247412035595256
0.6,1639.3166383641203,6.767221290991101
0.6,1619.8044157410295,8.131435736816771
0.6,1983.2873495039023,5.767937916503275
0.6,1827.5023603379807,6.6449665252281
0.6,1666.6378570510394,7.208184466836772
0.6,1586.877296327517,9.137634418106389
0.6,1826.128792337635,6.117657463139875
0.6,1709.757781967606,6.948858258735879
0.6,1595.2149272531271,8.325428556443724
0.6,1887.5183668861112,6.261039456607064
0.6,1758.023538038565,6.7162614919226495
0.6,1662.7592020033749,7.566996559539195
0.6,1901.656818695223,5.859206429625171
0.6,1791.8482332507017,6.382028357873926
0.6,1644.1391353349284,9.78593718504506
0.6,1926.9115065927,6.330261298211887
0.6,1789.9168058899722,6.326362770319061
0.6,1723.11615554657,7.744260149589023
0.6,1984.3496501496604,6.429506711071849
0.6,1911.1297813995784,5.628166852743302
0.6,1789.8579953470514,7.281542501960025
0.6,1627.58885645202,7.824622703565632
0.6,1937.001955302147,5.922008141019373
0.6,1832.9763748092776,6.927932463637872
0.6,1676.229070158988,7.69655466867109
0.6,1952.7799255584457,6.2049952916542725
0.6,1836.1157778527795,7.306155320702512
0.6,1688.3764632042707,8.223813852839632
0.6,1926.6785607927009,7.069462873390401
0.6,1778.938115924084,7.205772121200672
0.6,1681.994206190313,7.686510735089578
0.6,1984.2907664094612,6.201554416952405
0.6,1820.628327485668,8.63924317566612
0.6,1708.5088775278218,6.597732121607364
0.6,1966.5379542432631,6.351063591961503
0.6,1824.0428991112933,7.083564302409756
0.6,1710.9579827308708,8.24181359882492
0.6,1836.869590621292,6.167002389981739
0.6,1785.574982777007,8.871820569015542
0.6,1850.3226031359136,6.379871810471763
0.6,1776.6070047713358,8.584427131832879
0.6,1852.9648342838836,6.561705221142706
0.6,1814.9901395810411,7.278887264514475
0.6,1985.5814928431864,7.0069234518905805
0.6,1891.3020832376665,6.522920156935201
0.6,1817.576099621302,7.771084137026013
0.6,1870.491156470173,6.618523455310948
0.6,1808.969294433561,8.152521743663792
0.6,1982.0291993147675,6.28325586138648
0.6,1929.836368677628,7.8497545488773905
0.6,1789.2966032477136,7.364862239994511
0.6,1893.5334804786876,7.550258258120931
0.6,1828.7127865226744,7.591777249255084
0.6,1936.5939840338328,6.353932333621976
0.6,1880.680691716136,7.559790090869408
0.6,1906.838687004742,6.014974107788137
0.6,1919.907750348823,8.930026099749496
0.6,1893.2410074901636,7.256054418593382
0.6,1892.36421698578,8.057763163467866
0.6,1948.778626727823,5.968990783397206
0.6,1978.1094472745524,8.573121416804744
0.6,1964.0254587170607,6.079694710109249
0.6,1971.1054750653109,8.554672339487333
0.6,1996.7884525730444,9.108393670103034
0.6,1970.899611594759,6.79542756639257
0.6,1972.6727356805036,8.225407607606744
0.6,1912.5150259295417,8.566729701776786
0.6,1987.816287564193,7.725468715903733
0.6,1803.3495040395972,6.295355104257082
0.6,1645.421279215763,7.718975490053936
0.6,1450.478838148936,6.80952314273356
0.6,1429.4114588225127,8.923254624603022
0.6,1837.215241280216,6.290658393690669
0.6,1694.926728720551,7.444977206143799
0.6,1509.2688824416557,6.602408686139208
0.6,1414.5303307199738,10.135568456522927
0.6,1852.976174539427,6.904766896709403
0.6,1673.855380495383,6.0939722320765375
0.6,1629.215063082182,6.982403221166539
0.6,1426.8657539311466,8.258280003798511
0.6,1883.0135718415477,6.797587031577686
0.6,1691.6216361273666,6.197318652329132
0.6,1590.9695332129545,7.1487059489347216
0.6,1453.1155594895974,8.46950223103422
0.6,1839.4694766642383,6.556324433117644
0.6,1723.3865867835325,6.389175488575193
0.6,1616.6218420182888,7.707933598404154
0.6,1446.0193642345816,8.203546824505617
0.6,1951.914255802018,6.552017477630487
0.6,1709.4063598809291,7.514767093629675
0.6,1543.7589409505858,7.034849892831855
0.6,1505.2789863832345,8.558973476588784
0.6,1914.4511949371604,5.922752767736019
0.6,1742.8666649670786,6.871235737608834
0.6,1569.0893564878702,7.50937509447908
0.6,1473.8693047908723,9.58462760284103
0.6,1950.281723766092,7.0229690400306
0.6,1741.7555341124046,6.341673970614272
0.6,1609.4638862338186,7.23186764721462
0.6,1482.60859628626,8.738711708901645
0.6,1981.1005040002149,6.133160260681459
0.6,1806.999168911875,6.4764220350095
0.6,1655.9174900884357,7.008831534927596
0.6,1546.127143228448,7.939227988006624
0.6,1816.657560509591,6.129588483070631
0.6,1688.3578950355434,6.551340738812312
0.6,1530.6339066554951,10.319495666294442
0.6,1991.487027892712,6.407335450626971
0.6,1840.102833361893,6.537756141661281
0.6,1688.9704303447138,6.578315819247165
0.6,1605.8097785343862,8.105921118338626
0.6,1916.0252214658049,6.605276418432522
0.6,1824.804060826284,5.807437060342775
0.6,1689.4718738931858,7.594344806790748
0.6,1515.2232076188188,8.175069698682547
0.6,1981.3556693686144,6.458600907647603
0.6,1849.693857257423,6.113373500986368
0.6,1730.54821516908,7.206897136922334
0.6,1562.7200945055583,8.048725080882209
0.6,1864.1418703595552,6.424590408091609
0.6,1731.6072834078498,7.554807571666694
0.6,1573.8469256277074,8.697084707803235
0.6,1840.456442094094,7.303319704073613
0.6,1678.1332940385498,7.494583019351933
0.6,1568.125948829059,8.031810568753897
0.6,1892.258128906976,6.5591128676305255
0.6,1717.5987435973088,8.970168703409586
0.6,1604.3804488805138,6.915825652576333
0.6,1876.547985640789,6.626853961204028
0.6,1717.921727729084,7.370259337960275
0.6,1595.9105220862564,8.58331244374311
0.6,1917.0216498845348,7.462032269665061
0.6,1739.4986881800965,6.305156399038907
0.6,1671.9811391841774,9.346338618223871
0.6,1953.9685847862795,7.635603698102289
0.6,1746.6915328351697,6.676387477347497
0.6,1657.0555030709663,8.956635090060471
0.6,1937.258053748755,7.283534708903926
0.6,1751.3320391497575,6.8148480809666045
0.6,1695.1398487606896,7.605166225574428
0.6,1915.4208678116315,7.290281138273489
0.6,1792.5021347186444,6.659958230247082
0.6,1699.053592737065,8.159622799376033
0.6,1941.091236657798,7.21434148935022
0.6,1770.0592060366926,6.869324851794801
0.6,1691.5552603237695,8.50879050072117
0.6,1896.5670716117895,6.4800218036882535
0.6,1826.1370876093847,8.142875452896835
0.6,1673.3097429858074,7.693665167091018
0.6,1994.8113588730832,7.17030704678413
0.6,1792.316180337467,7.854574578418155
0.6,1711.1131118919536,7.9339503716173345
0.6,1949.623688089286,7.485130453442487
0.6,1831.0136755241056,6.606605252035868
0.6,1758.0613004414383,7.892024922210802
0.6,1805.3530550089483,6.239687191670039
0.6,1796.9867815330774,9.316534994192631
0.6,1977.443537730547,7.837162288574429
0.6,1787.6239178650787,7.59515537905464
0.6,1768.974070322881,8.415977645597152
0.6,1846.045477855169,6.188231068405454
0.6,1853.518669991844,8.937765605562571
0.6,1862.169073107161,6.300948270269481
0.6,1848.057974595252,8.916074405908883
0.6,1931.7646823109687,6.153786424076333
0.6,1872.5011663467264,9.494293000593096
0.6,1867.6493243779169,7.025666372646328
0.6,1850.3745776304136,8.572796359879845
0.6,1913.904099187364,7.321727794303523
0.6,1805.995396161859,8.847933608049946
0.6,1919.233886919832,6.604135120906658
0.6,1896.86932082756,8.167538557974591
0.6,1972.132043409125,7.684938518521734
0.6,1865.0991151128007,8.045864531741763
0.6,1956.310817972022,6.629858244304208
0.6,1889.0767993141328,8.738153300838524
0.6,1966.0916058173016,6.995452733497188
0.6,1895.9165825589323,8.375114889596073
0.6,1901.85428716552,8.408564076022351
0.6,1928.9238718828292,8.630631719448376
0.6,1967.4764932313135,8.232276059807194
0.6,1939.47830454851,9.142242573223909
0.6,1999.854944025224,7.497418481576964
0.6,1904.0819547325189,8.870576084279724
0.6,1964.4109947466247,6.511467767377181
0.6,1998.806682539777,9.162537590122398
0.6,1927.9553609679172,7.845102860933785
0.6,1988.907614489665,7.704885611435473
0.6,1921.4369363973483,8.379956372071351
0.6,1998.9707400566267,7.811165212305722
0.6,1966.5547988441776,8.878394871317495
0.6,1993.429289178776,8.777667892646507
1.2,1968.4276348879823,2.610616879888476
1.2,1894.7409646831009,2.7176318069319407
1.2,1793.5109432820652,3.2672661810829684
1.2,1976.6961950210173,2.6588700909092844
1.2,1902.9552791814929,2.6906836418848674
1.2,1807.6210092305264,3.192941012658388
1.2,1877.413987994424,2.881733626655247
1.2,1829.8067062378043,2.8972043649521595
1.2,1999.4461074838337,2.417950600443495
1.2,1938.2909056578371,2.8555034632236422
1.2,1811.777604138796,3.3328426610703348
1.2,1886.88008883218,2.7541679878087257
1.2,1840.4755786835765,3.108538196667648
1.2,1948.431742605384,2.720741593953096
1.2,1831.5256055986545,3.486935037291166
1.2,1963.3693060422115,2.9979496877460123
1.2,1828.4261511556424,3.068591374642383
1.2,1971.3284581511475,2.936626988174495
1.2,1838.9587747312596,2.965250478139097
1.2,1970.50391339135,2.9250691611828343
1.2,1890.0730358255116,3.05154440751479
1.2,1936.799512752489,2.624439571025325
1.2,1915.6843119584976,3.32562552374525
1.2,1975.0674135106735,2.6633581847914582
1.2,1906.3743265977312,3.2912169088244267
1.2,1944.079713113074,3.1980015015701944
1.2,1970.9416276788584,2.737463937891326
1.2,1936.399541103346,3.3823667282704446
1.2,1951.2718957454008,2.701022304305025
1.2,1935.0768808907108,3.2213776305662822
1.2,1968.5140217447704,3.172539329760528
1.2,1922.8092712304565,2.817666397754476
1.2,1952.437295680551,3.1832398214577826
1.2,1994.9833227599345,2.843974667971875
1.2,1977.2728094795204,3.022915081823108
1.2,1991.8661782255272,3.0398316235315006
1.2,1989.0127949186767,3.302918661819785
1.2,1997.3386814512976,2.9800279623271924
1.2,1998.2356488746696,3.3044703008813547
1.2,1996.3655322366703,2.852149673234957
1.2,1852.7315363757189,2.7095804971274897
1.2,1810.9511228854071,2.6909353453247715
1.2,1730.7537432042525,3.28573058433192
1.2,1971.1412588808,2.725078401536261
1.2,1890.0419287469128,2.725202091942638
1.2,1820.0885089722544,2.746207918010623
1.2,1729.4274982321524,3.2855689706788893
1.2,1971.337777625016,2.39804958362751
1.2,1921.3235334867948,2.8213932405445323
1.2,1794.5412079422545,2.9533218500569807
1.2,1750.8989312930812,2.9674667329553888
1.2,1910.61302647426,2.4535197710611185
1.2,1857.7977158859628,2.9149330679764414
1.2,1733.4449790315182,3.406364633915153
1.2,1996.639387411456,2.526558985798143
1.2,1945.374276251228,2.775628189213116
1.2,1803.3947113892864,2.827350960204757
1.2,1759.3360294445793,3.184546358429195
1.2,1998.8943373533352,2.6980277378506465
1.2,1946.2296917050676,2.5673196444246136
1.2,1863.341224065429,2.791973064977541
1.2,1751.7848024481805,3.573413353297273
1.2,1919.0715574983844,2.6348110971248966
1.2,1867.110799319688,3.060931717195097
1.2,1764.4598964355375,3.0797525570385536
1.2,1958.025987648841,2.501870079099864
1.2,1886.5917789466623,3.008287970379262
1.2,1758.987130329718,3.036251228915417
1.2,1929.054439559396,2.649288979376798
1.2,1884.2055352317057,2.989413289033127
1.2,1809.1210995967108,3.127615150861748
1.2,1927.0095912122365,2.965058365829916
1.2,1851.80239248904,2.6907984732600223
1.2,1832.1039833525276,3.409661001006365
1.2,1928.582286005335,2.904486638795181
1.2,1890.98079090974,2.728227019206842
1.2,1823.2043009074505,3.376774693462577
1.2,1970.6162372482336,2.7565987643171725
1.2,1918.7852203639693,2.731533095936788
1.2,1859.3487832358696,3.2787476945863334
1.2,1973.579399735832,2.8098836155569638
1.2,1887.9107421885385,2.750580449930195
1.2,1858.583675476344,3.4461615950303743
1.2,1978.1866800697733,3.0437102766137047
1.2,1865.930057363813,2.7689793075672937
1.2,1850.773704227318,3.302773412627256
1.2,1976.4550468801683,2.9250953841869523
1.2,1881.461090579756,3.252921264397027
1.2,1839.293186241318,2.8903567601848628
1.2,1941.7337748097284,2.83702319360015
1.2,1867.3913039348367,3.2652756760526525
1.2,1908.012603071147,2.908536162692809
1.2,1891.4311064087367,3.0977028397804687
1.2,1968.181343184105,2.7326861165066525
1.2,1960.1898179567625,2.8539110058530865
1.2,1904.9149907448912,3.1147360747175035
1.2,1968.905746123796,2.880351066593916
1.2,1901.1489749655916,3.367409496815182
1.2,1972.4049162632048,3.066052070833711
1.2,1910.7613651565136,3.0528410200043767
1.2,1962.2411849340103,2.534857391795304
1.2,1973.8084392347391,3.347253188556289
1.2,1979.0652926669725,2.910476301831599
1.2,1911.6355664455632,3.401432783217129
1.2,1940.8553020239697,3.2864228843710923
1.2,1940.53486718951,3.5740021128453074
1.2,1988.558456380611,2.896675202686809
1.2,1966.152846189363,3.292654801963441
1.2,1935.5902127670568,3.0178057632234814
1.2,1948.5317296699009,3.270309898866018
1.2,1966.3012292509488,3.281274286079288
1.2,1983.4026531550687,3.254110889612364
1.2,1997.6092800355857,3.4393591904218077
1.2,1995.2239570613012,3.0453729699614867
0.6,1989.0730448258064,5.8281256806051545
0.6,1871.5343669790552,6.6217188400951015
0.6,1751.2821280681162,7.667933194523529
0.6,1909.372764981474,6.58351401041044
0.6,1796.5301573236227,7.489696052979213
0.6,1678.4754669095876,8.123503352057416
0.6,1905.656351484125,6.590655667405046
0.6,1793.0327439144476,7.49782841458583
0.6,1675.207249370244,8.13233162772407
0.6,1901.9463597166048,6.597812835463164
0.6,1789.5413694687657,7.5059784557332545
0.6,1671.944670795309,8.14117911265062
0.6,1898.242773048763,6.604985565172771
0.6,1786.0560183589057,7.514146234136512
0.6,1668.687716603205,8.150045869600884
0.6,1894.5335030157407,6.612197424306068
0.6,1782.5653144396524,7.522358587238565
0.6,1665.425756134797,8.158961032894506
0.6,1890.842697682593,6.619401481236447
0.6,1779.09198289079,7.530562072746179
0.6,1662.18002542617,8.16786658677755
0.6,1887.1582478482187,6.62662125307625
0.6,1775.624628066599,7.538783470360626
0.6,1658.939875609086,8.176791602832392
0.6,1883.4801371106623,6.633856791302311
0.6,1772.1632345536927,7.547022838811986
0.6,1655.7052923017618,8.185736144927686
0.6,1879.808349124359,6.641108147616538
0.6,1768.707786991641,7.555280237087369
0.6,1652.4762611717874,8.194700277211854
0.6,1876.1428675998916,6.648375373947142
0.6,1765.2582700727398,7.563555724432325
0.6,1649.2527679359143,8.203684064114611
0.6,1996.9924104837391,6.496966532787667
0.6,1872.4836763037515,6.655658522449886
0.6,1761.814668541786,7.571849360352265
0.6,1646.0347983598433,8.212687570348526
0.6,1993.0973143664912,6.504085115954742
0.6,1868.8307590580969,6.662957645509317
0.6,1758.3769671958514,7.580161204613876
0.6,1642.8223382580188,8.22171086091056
0.6,1989.1961991957628,6.511242655616678
0.6,1865.1721927943915,6.670296727791301
0.6,1754.9339454290243,7.588518569850637
0.6,1639.6049022096229,8.230783586441008
0.6,1985.314462200657,6.5183925744357305
0.6,1861.5317957096256,6.677628010675178
0.6,1751.5080182104305,7.596867071144723
0.6,1636.403436583072,8.239846706985709
0.6,1981.439368168072,6.52555821299962
0.6,1857.8976244212151,6.684975426828597
0.6,1748.0879458304044,7.605233961861006
0.6,1633.2074381186555,8.248929808787215
0.6,1977.5709000600548,6.532739623207331
0.6,1854.269662971797,6.692339029564683
0.6,1744.673713293065,7.613619302826639
0.6,1630.0168928238627,8.258032957996786
0.6,1973.709040896875,6.539936857186552
0.6,1850.647895458496,6.699718872431726
0.6,1741.2653056536983,7.622023155137335
0.6,1626.8317867538906,8.267156221058007
0.6,1969.8537737567667,6.5471499672949465
0.6,1847.0323060326907,6.707115009214476
0.6,1737.8627080185372,7.630445580158856
0.6,1623.6521060114426,8.276299664708414
0.6,1966.0050817756849,6.5543790061214215
0.6,1843.4228788997848,6.714527493935443
0.6,1734.465905544551,7.6388866395285
0.6,1620.4778367465262,8.285463355981108
0.6,1962.162948147057,6.561624026487409
0.6,1839.8195983189748,6.721956380856222
0.6,1731.0748834392243,7.647346395156614
0.6,1617.3089651562489,8.294647362206408
0.6,1958.3148322126176,6.568908836730129
0.6,1836.210703245158,6.729426082704887
0.6,1727.678573466323,7.655852647609937
0.6,1614.1351481006,8.303881864203465
0.6,1954.4857863937975,6.576186032238352
0.6,1832.619688719008,6.736887991821993
0.6,1724.2990866916373,7.664350044194688
0.6,1610.9770481656208,8.313106770465449
0.6,1950.6632487958525,6.583479369333716
0.6,1829.0347737921952,6.7443664675515445
0.6,1720.925336161257,7.672866324627866
0.6,1607.8243047326537,8.322352195694277
0.6,1946.847202839859,6.5907889017814645
0.6,1825.4559429369865,6.751861565125585
0.6,1717.5573072827608,7.681401551928141
0.6,1604.6769041853772,8.331618208426702
0.6,1943.0376320031548,6.598114683585884
0.6,1821.8831806783116,6.759373340021949
0.6,1714.1949855131795,7.689955789394898
0.6,1601.5348329535825,8.340904877505055
0.6,1939.234519819104,6.605456768991637
0.6,1818.3164715935343,6.766901847965633
0.6,1710.838356358792,7.698529100609805
0.6,1598.398077512975,8.35021227207894
0.6,1935.4378498768567,6.612815212485092
0.6,1814.7558003122383,6.774447144930176
0.6,1707.4874053749083,7.70712154943839
0.6,1595.266624384985,8.359540461606958
0.6,1931.647605821114,6.620190068795692
0.6,1811.201151515998,6.78200928713904
0.6,1704.1421181656713,7.715718792851085
0.6,1592.1434330617994,8.368017192579178
0.6,1927.85141636938,6.62760557460768
0.6,1807.6409229013884,6.789487740519966
0.6,1700.822985541963,7.723392944763229
0.6,1589.2149993142175,8.376346780823669
0.6,1924.0739961084823,6.6347504717831285
0.6,1804.1698080240665,6.796219505379309
0.6,1697.70477878496,7.731057305624077
0.6,1586.3010340331862,8.384665754984304
0.6,1920.4329097062136,6.641329902168271
0.6,1800.862049160318,6.802964632552818
0.6,1694.5918290757932,7.738736893155167
0.6,1583.391977854394,8.39300126956108
0.6,1916.9118800461413,6.647922394649704
0.6,1797.559866130769,6.809723161865597
0.6,1691.484123131214,7.74643175277751
0.6,1580.487818382872,8.401353373933446
0.6,1913.3967846240105,6.654527988164209
0.6,1794.2632448486554,6.816495133301163
0.6,1688.3816477126902,7.7541419300929535
0.6,1577.588543265349,8.409722117677617
0.6,1909.8876084503693,6.66114672180348
0.6,1790.9721712746234,6.823280587002246
0.6,1685.2843896262116,7.761867470885079
0.6,1574.6941401900665,8.41810755056753
0.6,1906.3843365862108,6.667778634814881
0.6,1787.686631416536,6.830079563271573
0.6,1682.1923357221096,7.769608421120108
0.6,1571.8045968866124,8.426509722575846
0.6,1902.886954142756,6.674423766602245
0.6,1784.4066113292652,6.8368921025726666
0.6,1679.1054728948664,7.777364826947816
0.6,1568.9199011257444,8.434928683874935
0.6,1899.3840457389872,6.681103937949666
0.6,1781.1214050984067,6.843740575532818
0.6,1676.0137256917294,7.785162158557399
0.6,1566.030637324116,8.443392080475899
0.6,1895.8984167959184,6.687775669653147
0.6,1777.85240082959,6.85058040759195
0.6,1672.9372227351207,7.792949665646971
0.6,1563.1556158667554,8.451844826957478
0.6,1892.4186328583933,6.694460739421216
0.6,1774.588874731293,6.857433925180345
0.6,1669.8658717595597,7.800752768042
0.6,1560.285405470053,8.460314514621503
0.6,1888.9446792366089,6.701159187291896
0.6,1771.3308130446328,6.864301169413327
0.6,1666.799659834436,7.808571512636309
0.6,1557.4199940678643,8.468801194449902
0.6,1885.476541289944,6.707871053463623
0.6,1768.0782020567651,6.871182181571082
0.6,1663.738574072379,7.816405946511921
0.6,1554.559369634355,8.47730491762938
0.6,1882.0142044267584,6.714596378296042
0.6,1764.8310281006916,6.878077003099484
0.6,1660.6826016290695,7.8242561169399965
0.6,1551.7035201838432,8.48582573555243
0.6,1878.5576541041848,6.721335202310819
0.6,1761.5892775550635,6.884985675610925
0.6,1657.6317297030662,7.832122071381793
0.6,1548.8524337706224,8.494363699818383
0.6,1875.106875827924,6.728087566192455
0.6,1758.352936843999,6.8919082408851615
0.6,1654.5859455356226,7.840003857489612
0.6,1546.0060984888032,8.502918862234447
0.6,1871.6506063373563,6.734875644027243
0.6,1755.1114426265622,6.898867432060355
0.6,1651.5353077583516,7.847927358556772
0.6,1543.1552239668963,8.511519317572724
0.6,1868.2113476091815,6.741655254934409
0.6,1751.885898606724,6.905817954618227
0.6,1648.4996775246414,7.8558410038523325
0.6,1540.3183708184324,8.520109089176978
0.6,1864.777817687008,6.748448528882004
0.6,1748.6657239208314,6.912782496429222
0.6,1645.4690969864446,7.863770625084709
0.6,1537.486233282466,8.52871621578243
0.6,1861.350002268956,6.75525550721465
0.6,1745.45090517311,6.919761099951558
0.6,1642.443553554168,7.871716270680722
0.6,1534.6587996108392,8.537340750039014
0.6,1857.927887100714,6.762076231443951
0.6,1742.2414290123097,6.926753807815077
0.6,1639.4230346800327,7.879677989263111
0.6,1531.8360580943845,8.545982744809859
0.6,1971.453036484378,6.589485852848057
0.6,1826.0929044712295,6.799502225759404
0.6,1696.1883402250603,7.788786756465913
0.6,1564.6911799728848,8.50206536865307
0.6,1967.6016176408648,6.59680873660438
0.6,1822.51906249806,6.806253873826658
0.6,1693.0779455087436,7.796581520252999
0.6,1561.8184004641755,8.510636059516175
0.6,1963.7567641181224,6.604147914283158
0.6,1818.951276441802,6.813018943482443
0.6,1689.972788105228,7.804391901159998
0.6,1558.9504263920603,8.519224047556627
0.6,1959.9184591430849,6.6115034403276205
0.6,1815.389530922754,6.819797474787707
0.6,1686.8728547976812,7.812217946168258
0.6,1556.0872457091866,8.527829385190483
0.6,1956.0866859997768,6.618875369423808
0.6,1811.833810613249,6.826589507962979
0.6,1683.7781324137106,7.820059702447762
0.6,1553.2288464084404,8.536452125045804
0.6,1952.2489378483317,6.626287928598101
0.6,1808.272509712291,6.833417346076266
0.6,1680.678519846134,7.827942921396925
0.6,1550.3658987404776,8.545120584567393
0.6,1948.430199657689,6.633580012555571
0.6,1804.7595210640884,6.84023654875037
0.6,1677.5941968910336,7.835816294220503
0.6,1547.51704187059,8.553778344906457
0.6,1944.6179434369667,6.640157120594818
0.6,1801.450767637253,6.8470693750549065
0.6,1674.5150455645237,7.84370552112293
0.6,1544.6729305624513,8.562453666808345
0.6,1940.8121526963043,6.646747283811734
0.6,1798.1475925585223,6.853915865857314
0.6,1671.441052870233,7.851610650038902
0.6,1541.8335529683548,8.571146603760607
0.6,1937.012811001728,6.653350541115587
0.6,1794.8499817326672,6.86077606218865
0.6,1668.3722058553003,7.859531729096545
0.6,1538.9988972799974,8.579857209468225
0.6,1933.2199019749105,6.6599669315704215
0.6,1791.5579211119073,6.8676500052444105
0.6,1665.308491610194,7.867468806618395
0.6,1536.1689517283212,8.588585537854717
0.6,1929.4334092929405,6.666596494395824
0.6,1788.271396695708,6.874537736385355
0.6,1662.2498972685269,7.87542193112239
0.6,1533.3437045833446,8.597331643063258
0.6,1925.6533166880845,6.673239268967701
0.6,1784.9903945305837,6.881439297138339
0.6,1659.1964100068803,7.883391151322847
0.6,1530.5231441540034,8.60609557945778
0.6,1921.8959981788616,6.679917068304102
0.6,1781.7042054965243,6.888377351433697
0.6,1656.1380633133872,7.891402638614881
0.6,1527.70571032035,8.614906129769931
0.6,1918.3725012026105,6.686586428625594
0.6,1778.4342240934718,6.895306742196548
0.6,1653.094768498076,7.899404250143098
0.6,1524.9651981916145,8.623705951236401
0.6,1914.854944700273,6.693269119897482
0.6,1775.1697233163031,6.902250088294557
0.6,1650.0565425071286,7.907422104860474
0.6,1522.228967384061,8.632523768496801
0.6,1911.3433136614035,6.699965182129311
0.6,1771.910689397917,6.909207431927909
0.6,1647.023372687348,7.91545625227752
0.6,1519.497007872881,8.641359636810224
0.6,1907.837593126083,6.706674655490886
0.6,1768.657108617282,6.916178815467099
0.6,1643.9952464276205,7.923506742106172
0.6,1516.769309664542,8.65021361166223
0.6,1904.3377681847112,6.713397580313077
0.6,1765.4089672992488,6.923164281453807
0.6,1640.972151158734,7.931573624260813
0.6,1514.0458627966584,8.65908574876602
0.6,1900.8438239777931,6.72013399708864
0.6,1762.1662518143542,6.930163872601755
0.6,1637.9540743532093,7.939656948859296
0.6,1511.32665733788,8.6679761040636
0.6,1897.3557456957285,6.726883946473014
0.6,1758.9289485786287,6.9371776317975815
0.6,1634.9410035251249,7.947756766223994
0.6,1508.6116833877625,8.676884733726952
0.6,1893.8621483272743,6.733669594596971
0.6,1755.686491109387,6.944228592668868
0.6,1631.9425312088545,7.955899678112629
0.6,1505.8920793188358,8.68584089734459
0.6,1890.385776713964,6.740446776379042
0.6,1752.4599893778152,6.951270863970311
0.6,1629.0149306175863,7.964032687112418
0.6,1503.1855525557055,8.694786305363948
0.6,1886.915226846153,6.74723761385533
0.6,1749.2388593707233,6.958327433167986
0.6,1626.0919030923085,7.97218234124993
0.6,1500.4832277521607,8.703750157843015
0.6,1883.450484111897,6.7540421483408055
0.6,1746.0230876843868,6.9653983438495874
0.6,1623.1734379263294,7.980348691676784
0.6,1497.7850951303012,8.712732511886374
0.6,1879.99153394811,6.760860421317271
0.6,1742.8126609596404,6.972483639780157
0.6,1620.2595244463537,7.988531789754416
0.6,1495.091144942537,8.721733424834577
0.6,1876.5383618403605,6.767692474434202
0.6,1739.6075658816883,6.979583364903001
0.6,1617.3501520123511,7.996731687055135
0.6,1492.4013674714772,8.730752954265373
0.6,1873.0909533226688,6.7745383495096005
0.6,1736.407789179926,6.986697563340577
0.6,1614.4453100174323,8.004948435363218
0.6,1489.71575302981,8.739791157994931
0.6,1869.649293977303,6.78139808853084
0.6,1733.2133176277514,6.993826279395427
0.6,1611.5449878877123,8.013182086675997
0.6,1487.034291960186,8.748848094079074
0.6,1866.202150308528,6.78829421939103
0.6,1730.0745669457333,7.000992925518236
0.6,1608.639719022391,8.021459683823858
0.6,1484.348232014519,8.757953510920261
0.6,1862.771964917571,6.795181858600569
0.6,1726.970562744509,7.008150858248123
0.6,1605.7484197176336,8.029727353662445
0.6,1481.6750623307953,8.767048148540798
0.6,1859.347485686668,6.802083488882112
0.6,1723.871405262092,7.01532344273946
0.6,1602.8616087190126,8.038012083959446
0.6,1479.0060171944745,8.776161694326307
0.6,1855.9286983892396,6.808999152909743
0.6,1720.7770831555424,7.022510724024951
0.6,1599.9792755835058,8.046313927576163
0.6,1476.3410870670054,8.78529420730455
0.6,1852.5155888459608,6.815928893531263
0.6,1717.687585117285,7.029712747322038
0.6,1597.1014099004644,8.054632937592505
0.6,1473.6802624392276,8.794445746749245
0.6,1849.108142924564,6.822872753769083
0.6,1714.602899874978,7.036929558033844
0.6,1594.228001291485,8.062969167308129
0.6,1471.023533831254,8.803616372181345
0.6,1845.706346539641,6.82983077682112
0.6,1711.523016191367,7.044161201750131
0.6,1591.3590394102866,8.071322670243571
0.6,1468.3708917923643,8.812806143370327
0.6,1842.3733026948933,6.836803006061673
0.6,1708.4479228641592,7.051407724248261
0.6,1588.4945139425868,8.079693500141389
0.6,1465.7223269008905,8.8220151203355
0.6,1839.057039640424,6.843812340080801
0.6,1705.3675828420007,7.0586929262309255
0.6,1585.6250751207633,8.088109151973283
0.6,1463.069194274715,8.83127355265373
0.6,1835.7567485266657,6.850813159313962
0.6,1702.3020523235296,7.065969393380435
0.6,1582.769406078797,8.09651485498401
0.6,1460.4287687761057,8.840521185493257
0.6,1832.4616066676697,6.8578283160697495
0.6,1699.241278726744,7.073260877930913
0.6,1579.9181426648902,8.104938047706716
0.6,1457.7923923026397,8.849788205877985
0.6,1829.1716020216995,6.864857854437704
0.6,1696.1852509879343,7.0805674264204574
0.6,1577.071274691623,8.113378784784407
0.6,1455.160055547837,8.859074674840501
0.6,1825.8867225845368,6.871901818688322
0.6,1693.1339580776755,7.087889085579654
0.6,1574.2287920029646,8.121837121087959
0.6,1452.5317492337167,8.868380653669849
0.6,1822.606956389336,6.878960253273995
0.6,1690.0873890006876,7.095225902332581
0.6,1571.390684474143,8.130313111717292
0.6,1449.9074641106888,8.877706203912856
0.6,1819.3322915064737,6.886033202829935
0.6,1687.0455327957122,7.102577923797802
0.6,1568.5569420115337,8.138806812002585
0.6,1447.2871909574433,8.887051387375505
0.6,1816.0627160434135,6.893120712175116
0.6,1684.008378535379,7.10994519728938
0.6,1565.7275545525356,8.14731827750547
0.6,1444.670920580843,8.896416266124294
0.6,1812.787558161605,6.900246059828
0.6,1680.9660129938495,7.1173519215066525
0.6,1562.8932870123367,8.155875466781312
0.6,1442.05011350047,8.905831603691533
0.6,1809.528142543525,6.907362871898438
0.6,1677.9382452525492,7.124749892013033
0.6,1560.0725936464748,8.16442268884996
0.6,1439.4418342161189,8.91523612513586
0.6,1806.2737808502384,6.914494379475729
0.6,1674.9151468404627,7.132163257828014
0.6,1557.2562252488488,8.172987844406219
0.6,1436.8375302672478,8.924660529848554
0.6,1803.024461336219,6.921640628124046
0.6,1671.8967069645696,7.139592067058522
0.6,1554.4441718798712,8.18157098995051
0.6,1434.2371925724349,8.93410488095288
0.6,1799.7801722923064,6.92880166359613
0.6,1668.882914865089,7.147036368012121
0.6,1551.6364236303864,8.190172182220842
0.6,1431.6408120778965,8.939901743591918
1.2,1945.1612172639527,3.2550885641346063
1.2,1941.34953933202,3.258325665007499
1.2,1937.756744855481,3.261569210714776
1.2,1934.203779403274,3.264819220522416
1.2,1930.6568003475725,3.268075713773266
1.2,1927.104230422913,3.271349383955058
1.2,1923.569198300192,3.2746189237772128
1.2,1920.040107326352,3.277895005600272
1.2,1916.5169425364877,3.28117764907867
1.2,1912.9996890159105,3.28446687394565
1.2,1909.4883318999384,3.287762700013664
1.2,1905.9828563736885,3.291065147174764
1.2,1902.4832476718643,3.2943742354010084
1.2,1997.5706452798688,2.95790509685251
1.2,1898.9780831507956,3.2977008314687963
1.2,1993.9045625635392,2.960872346273793
1.2,1895.490183051876,3.301023283930782
1.2,1990.2446250707487,2.9638455549196565
1.2,1892.008105729271,3.3043524379243414
1.2,1986.59081736316,2.9668247407603068
1.2,1888.5318366141385,3.3076883137458672
1.2,1982.9431240541048,2.969809921838274
1.2,1885.061361186196,3.311030931773793
1.2,1979.3015298083703,2.972801116268778
1.2,1881.5966649735217,3.3143803124690123
1.2,1975.6660193419823,2.9757983422400964
1.2,1878.1377335523543,3.317736476375292
1.2,1972.0365774219908,2.978801618013931
1.2,1874.6845525468889,3.321099444119696
1.2,1968.4013576340528,2.9818208063507985
1.2,1871.2258508568943,3.324480260016527
1.2,1964.7840270190827,2.9848362567312647
1.2,1867.784146421615,3.327856920058253
1.2,1961.1727195064896,2.987857812204149
1.2,1864.3481495139545,3.3312404463916754
1.2,1957.567420065472,2.9908854913288287
1.2,1860.95988707804,3.334630859981571
1.2,1953.9681137152004,2.993919312739987
1.2,1857.6212658152956,3.338028181878148
1.2,1950.3747855246088,2.996959295147988
1.2,1854.287858716184,3.341432433217492
1.2,1946.787420612189,3.000005457339272
1.2,1850.9596535752369,3.34484363522199
1.2,1999.410644726359,2.648024347180984
1.2,1943.206004145784,3.0030578181767305
1.2,1847.636638225053,3.348261809200787
1.2,1995.7228470290213,2.6507167937482543
1.2,1939.674570377203,3.0061264021678813
1.2,1844.307966403951,3.351698181395484
1.2,1992.0531803418176,2.653405924163841
1.2,1936.1946256419856,3.0091912376064665
1.2,1840.995311145769,3.3551303865592046
1.2,1988.389607081352,2.6561005163217604
1.2,1932.7201152237265,3.0122623288050865
1.2,1837.687809363721,3.358569628220246
1.2,1984.732112083148,2.6588005868784856
1.2,1929.2510264029304,3.0153396949366367
1.2,1834.3854490413105,3.3620159280395083
1.2,1981.080680233008,2.6615061525582875
1.2,1925.7873464997645,3.0184233552524438
1.2,1831.0882181993693,3.365469307766888
1.2,1977.520715984853,2.664217230153582
1.2,1922.329062873908,3.021513329082662
1.2,1827.796104895917,3.3689297892417387
1.2,1973.972614747218,2.666933836525273
1.2,1918.8761629243952,3.024609635836682
1.2,1824.5090972260143,3.372397394393329
1.2,1970.4300529105687,2.669655988603106
1.2,1915.428634089461,3.027712295003537
1.2,1821.227183321614,3.375872145241308
1.2,1966.881467618885,2.672392626624374
1.2,1911.975223694836,3.0308314968520658
1.2,1817.9396510682495,3.379365454489959
1.2,1963.3499637346183,2.6751259394434603
1.2,1908.538417010336,3.0339469405522776
1.2,1814.667905787392,3.382854586686769
1.2,1959.8239604434923,2.677864849230616
1.2,1905.1069439482128,3.037068795678976
1.2,1811.4012188495008,3.386350931258869
1.2,1956.303444904103,2.680609373194714
1.2,1901.6807921021211,3.040197082044138
1.2,1808.139578532821,3.389854510592419
1.2,1952.788404314984,2.683359528615249
1.2,1898.2599491041665,3.043331819541452
1.2,1804.882973151782,3.393365347166317
1.2,1949.2788259144584,2.686115332842704
1.2,1894.844402624748,3.0464730281467385
1.2,1801.6313910568667,3.396883463552682
1.2,1945.7746969804805,2.6888768032989043
1.2,1891.43414037242,3.049620727918379
1.2,1798.3848206344674,3.400408882417339
1.2,1942.2760048304797,2.6916439574773943
1.2,1888.029150093739,3.05277493899774
1.2,1795.1432503067513,3.4039416265203046
1.2,1938.771329790814,2.694425883928539
1.2,1884.618317951776,3.055946021563347
1.2,1791.8960996321523,3.407493299716043
1.2,1935.2834909823457,2.6972044770392523
1.2,1881.2238521403635,3.0591133374609663
1.2,1788.6645111487294,3.411040787080996
1.2,1931.8010511044852,2.6999888068448894
1.2,1877.8346217292055,3.062287225659406
1.2,1785.437888202315,3.414595668609837
1.2,1928.323997631178,2.702778891129815
1.2,1874.4506146155304,3.065467706636573
1.2,1782.2162193569118,3.418157967444596
1.2,1924.8523180750867,2.705574747751982
1.2,1871.0718187338423,3.0686548009555352
1.2,1778.9994932116103,3.42172770682397
0.6,732.5332297814243,5.116319107340017
0.6,732.5332297814243,5.4011835568397935
0.6,607.3530376546171,7.389092488147116
0.6,533.7410669021648,6.631064401466889
0.6,499.8030173198137,6.612367043339723
0.6,465.009016284161,8.092529325041733
0.6,420.5210599696274,10.440584422919498
0.6,956.279978357711,4.911263667426916
0.6,956.279978357711,5.410733378440646
0.6,792.4504999900367,7.238759471912152
0.6,699.5373654447053,6.523137145113859
0.6,657.3286288992276,6.362115298821322
0.6,613.1109127373123,7.770610906308257
0.6,554.4641683474389,10.085335119974378
0.6,1179.5404550717385,4.894755157126761
0.6,1179.5404550717385,5.291581085988211
0.6,977.8406907030804,7.093346403776295
0.6,866.8248514955874,6.401340305970084
0.6,815.150542988913,6.177975651631642
0.6,761.1852001626434,7.634126760142655
0.6,687.7558557791197,9.822458657219451
0.6,1401.9378344936729,4.937546551745696
0.6,1401.9378344936729,5.101195055877732
0.6,1169.500148912422,6.981739320273263
0.6,1034.5204088314729,6.297233781301976
0.6,971.8076941735364,6.161856352332925
0.6,907.8132973321132,7.426888681553722
0.6,822.5020998741028,9.731580707228588
0.6,1623.3632227514104,4.948960706564632
0.6,1623.3632227514104,5.01526922222677
0.6,1360.4278212694408,6.8683681959976095
0.6,1202.7419672246888,6.247272393457847
0.6,1127.804548628842,6.08769083188456
0.6,1054.434266036155,7.287517795961938
0.6,956.7099293304854,9.653678848049143
0.6,1844.4820830917404,4.947177338887931
0.6,1844.4820830917404,4.996237069199001
0.6,1547.568329261789,6.813295578296854
0.6,1369.8633734116283,6.2153521586635225
0.6,1283.6685845423867,6.008776359546414
0.6,1201.6618496499584,7.196812414885975
0.6,1089.738058356676,9.546430480181256
0.6,1733.3113579855922,6.764002792378913
0.6,1536.1903824638605,6.184341241005477
0.6,1438.8718380379507,5.973536787736633
0.6,1347.7566172182023,7.180981535869812
0.6,1222.8955994338633,9.38183771092976
0.6,1917.394538288144,6.745203428594847
0.6,1700.5882341781926,6.1662827149919535
0.6,1593.6053887731591,5.945853346218736
0.6,1493.3239599616777,7.150815258571599
0.6,1355.2850801323118,9.331051723034204
0.6,1863.970023089388,6.147613289245896
0.6,1747.5784450182368,5.927487025804589
0.6,1638.1774842636603,7.128710402268242
0.6,1487.5052258723258,9.288249274351548
0.6,1902.3808387371328,5.918665698608013
0.6,1782.763143981265,7.099686804495444
0.6,1619.8436319119432,9.233875771679982
0.6,1928.795190871212,7.071468476971157
0.6,1752.2869816733694,9.201610117694994
0.6,1884.6639319357237,9.178379016776194
0.6,702.9594682831267,5.236067484469723
0.6,702.9594682831267,5.636568502775044
0.6,562.385907860377,7.882791083715054
0.6,475.5625672512624,7.166296619031536
0.6,431.8465894565015,7.121229464566021
0.6,395.8479580057045,8.68353097819993
0.6,352.6227943407195,11.165666799003644
0.6,925.181490351214,5.003831848098135
0.6,925.181490351214,5.596103127077179
0.6,745.7923773103377,7.611341381853149
0.6,639.2142778419633,6.987419466065549
0.6,581.5687523418012,6.876371796186545
0.6,529.9864526291659,8.375433337947118
0.6,473.6208409040821,10.842465478769077
0.6,1147.3271799877552,4.971793488460434
0.6,1147.3271799877552,5.442453528211941
0.6,929.7565342018858,7.392078473769441
0.6,804.6438896266618,6.770193063505833
0.6,737.2986600613933,6.639028545712794
0.6,669.7351835026573,8.251007554989746
0.6,594.4556424109209,10.594003633385045
0.6,1368.817575869731,5.004503976403541
0.6,1368.817575869731,5.226555209495882
0.6,1119.909820129774,7.232025437395148
0.6,970.8722727489652,6.603707715585839
0.6,892.1771659025657,6.547554632481305
0.6,814.4357042479498,8.004038281108222
0.6,720.1371286217174,10.518954526355788
0.6,1589.426156967029,5.008174235785838
0.6,1589.426156967029,5.124266608471278
0.6,1309.4768021552077,7.083747642573567
0.6,1137.7867007145078,6.511388211697531
0.6,1046.613578581375,6.416791559856549
0.6,959.364796318686,7.774377549688083
0.6,852.4371167816226,10.418198575824926
0.6,1809.785828682209,5.000318951503253
0.6,1809.785828682209,5.09359004556818
0.6,1495.6000025794303,7.003972338750592
0.6,1303.732534355427,6.448392595721248
0.6,1201.1956488117871,6.295476710895512
0.6,1104.9652440167663,7.6195405382917185
0.6,983.8492745413593,10.2095246816825
0.6,1680.6674914952823,6.935559857823847
0.6,1468.95535248075,6.393273520514745
0.6,1355.297178878006,6.229237473719605
0.6,1249.6104072555345,7.558140977599185
0.6,1115.4855933587671,9.963326818494508
0.6,1864.15241464295,6.902101303595271
0.6,1632.359963265121,6.356353083766533
0.6,1508.9795686426685,6.177185038990958
0.6,1393.9111103236069,7.491102984939634
0.6,1246.4910702466204,9.85420874475053
0.6,1794.833117997273,6.322127395538917
0.6,1662.0147209876425,6.139130388219748
0.6,1537.7795533670596,7.439210482227976
0.6,1377.4293959070942,9.764100668657251
0.6,1957.00706442495,6.284879199144891
0.6,1815.9149156195351,6.114185636599212
0.6,1681.4533165903013,7.385094830065436
0.6,1508.5769483504548,9.669775455489695
0.6,1969.618344346493,6.074672316016907
0.6,1826.5602973743853,7.335650015931016
0.6,1640.0981378914664,9.604701758154226
0.6,1970.7021881572005,7.29304258784236
0.6,1771.6047430373503,9.553667986054228
0.6,1903.8874314650704,9.51019426915016
1.2,616.4893353165387,2.761479933720139
1.2,616.4893353165387,2.6022458369773767
1.2,580.9919240185988,2.812681371692312
1.2,537.2355551329136,3.060027139506172
1.2,504.0712073518712,2.8218823748779784
1.2,488.0882195910623,2.997004870769432
1.2,459.5324522126547,3.590520868989651
1.2,810.1730146110799,2.703613339101245
1.2,810.1730146110799,2.5264714542216136
1.2,769.9812169792214,2.725398054581312
1.2,715.9331275948266,2.9424177653035373
1.2,676.8580044547246,2.700743592219895
1.2,655.8780708245924,2.927195746217329
1.2,608.7516355190576,3.553950670095059
1.2,1003.9501224761416,2.6779284362703657
1.2,1003.9501224761416,2.4726194042159206
1.2,958.873488716834,2.677757684754937
1.2,893.7299113270976,2.8789194234297915
1.2,848.5935756809604,2.6270581670352624
1.2,825.5783863735016,2.881827126988183
1.2,768.806882404266,3.462899116243674
1.2,1197.8903200416855,2.6696409180673863
1.2,1197.8903200416855,2.4322266733871345
1.2,1147.592471628832,2.6540824277662005
1.2,1070.7124530868266,2.844692400570597
1.2,1018.7740449036148,2.5805712430210157
1.2,993.57237620968,2.839779389112864
1.2,927.6088184281988,3.408457015458457
1.2,1391.833352607604,2.664744322646017
1.2,1391.833352607604,2.4258294412393324
1.2,1335.6182035972176,2.615431701323295
1.2,1247.3971892616794,2.817489336131233
1.2,1187.752195363909,2.554358692886861
1.2,1160.442664071982,2.820077124963773
1.2,1085.561562863291,3.367916476101748
1.2,1585.933379620851,2.648054844076801
1.2,1585.933379620851,2.411498550442909
1.2,1522.9398562443946,2.60800933714027
1.2,1423.0987368519577,2.7997217347575463
1.2,1356.977124292186,2.5371776073716483
1.2,1326.810002428451,2.8063080841444705
1.2,1242.7766465591835,3.3316946000013536
1.2,1779.8839903186135,2.6319261468249886
1.2,1779.8839903186135,2.403030999144429
1.2,1710.318579082795,2.603240378930336
1.2,1598.4203960111597,2.775893743428184
1.2,1526.252577500565,2.5353001988112336
1.2,1492.230161983841,2.80479318768558
1.2,1399.5808362711628,3.303634239119039
1.2,1973.4136391621776,2.617126521404193
1.2,1973.4136391621776,2.402552325461122
1.2,1896.5592641293888,2.602704102774016
1.2,1773.303614147432,2.764830035648472
1.2,1695.803593796919,2.525319646727305
1.2,1657.1070865403346,2.8069645441590176
1.2,1555.9310338646694,3.267309126478356
1.2,1948.1864517527804,2.7440454108900765
1.2,1865.8502508203007,2.528604186498313
1.2,1821.4044965256735,2.8024726861910723
1.2,1712.937281606764,3.2485272991248992
1.2,1985.0336139687672,2.800125634912165
1.2,1869.039619686306,3.242816192788556
1.2,642.4310323085354,2.8998402551923728
1.2,642.4310323085354,2.709652931566152
1.2,622.8497490263137,2.7237454046215555
1.2,585.9920771983377,3.1569251863689445
1.2,552.3112017500098,3.236998113467466
1.2,531.3747250196286,2.962983027057763
1.2,522.8065325036958,3.455956864872642
1.2,841.8173239639299,2.859835635589668
1.2,841.8173239639299,2.6807160026093992
1.2,821.3643457666852,2.638033387957325
1.2,779.6501898782045,3.0606723623372583
1.2,738.6449802593642,3.1238574006809845
1.2,714.8178779880367,2.8789825340318926
1.2,697.205610232367,3.4129321479294004
1.2,1042.1247530292326,2.8465491808355408
1.2,1042.1247530292326,2.601272040291842
1.2,1024.0445234027536,2.6136302433043954
1.2,971.327722435198,3.0027682867812464
1.2,924.6752039552867,3.058969036075305
1.2,898.0216718203425,2.800605278201281
1.2,879.3040536198879,3.3479760662715825
1.2,1243.798909529385,2.8233494385452573
1.2,1243.798909529385,2.564455636771024
1.2,1223.381546821117,2.596449565070398
1.2,1162.4487232072966,2.9798310180950467
1.2,1109.3105483096613,3.0130717236252327
1.2,1080.0000420456115,2.762827727117781
1.2,1059.2826130771068,3.311676197242988
1.2,1445.9600187074325,2.799791243333992
1.2,1445.9600187074325,2.564105220468239
1.2,1420.569784857571,2.5869815307780235
1.2,1352.727844307487,2.9601052649037407
1.2,1293.519565168441,2.99330531901396
1.2,1260.9401702164678,2.7410595097257846
1.2,1238.6479193767082,3.2828685133201856
1.2,1648.4064795971185,2.748590731350109
1.2,1648.4064795971185,2.5696892193997902
1.2,1618.6628446655966,2.5795594240446054
1.2,1543.3737156576483,2.940955128005065
1.2,1477.7143537662334,2.9717721776795707
1.2,1442.3197445373348,2.722594781662864
1.2,1418.2938690987417,3.2613990231312138
1.2,1850.4943959219383,2.7358491551311914
1.2,1850.4943959219383,2.536699074659113
1.2,1822.6938814928135,2.5769012667385858
1.2,1733.9815704430064,2.928098973976651
1.2,1661.9980594100282,2.9510209102006453
1.2,1623.8132944509634,2.712667376944045
1.2,1598.041958212488,3.2482013039579782
1.2,1923.8136619542925,2.9342363301301964
1.2,1844.1924288173195,2.942844103674596
1.2,1804.840067263411,2.699833715288989
1.2,1777.12512667754,3.236157874589089
1.2,1983.586923564917,2.692151681619725
1.2,1955.871230322422,3.222811572325187
1.2,614.2357298384118,2.972136036243866
1.2,614.2357298384118,2.7782698388480336
1.2,595.851829910787,2.7938340285505023
1.2,560.6267049171329,3.213820429355082
1.2,532.5247014027356,3.241680415441356
1.2,520.9324461018547,2.962983027057763
1.2,513.385546958202,3.455956864872642
1.2,804.5470743283282,2.9315634467460536
1.2,804.5470743283282,2.748072174581377
1.2,785.5429778463003,2.7051310653337257
1.2,745.9690168729852,3.139498959114152
1.2,706.6649425019709,3.189431796484773
1.2,687.1779993643967,2.9022107117910507
1.2,678.955843020277,3.4129321479294004
1.2,995.6666506427522,2.9187234819091925
1.2,995.6666506427522,2.666308641222634
1.2,979.2050883816164,2.6796211508323684
1.2,929.1284962287056,3.0793502795819845
1.2,884.7365764020619,3.137783158978692
1.2,859.1374484781533,2.86443857721903
1.2,843.794936622923,3.392216138831765
1.2,1188.087790516325,2.895481452013263
1.2,1188.087790516325,2.6283523647213096
1.2,1169.6632014522577,2.661677953542028
1.2,1111.7454723753724,3.0553221800044974
1.2,1061.2425532427685,3.090058778750128
1.2,1033.3319392915964,2.834042248240157
1.2,1013.410881123562,3.3937076214288573
1.2,1380.960375056233,2.871735652040971
1.2,1380.960375056233,2.6281630042133437
1.2,1357.888022382822,2.6517319654116247
1.2,1293.5492936646788,3.034731558668633
1.2,1237.2562748466505,3.069324520765503
1.2,1206.4046632439056,2.811198885383684
1.2,1185.1055332258718,3.3674554587382923
1.2,1574.093782559576,2.8195440778311656
1.2,1574.093782559576,2.634421583789654
1.2,1546.7924661462284,2.643938673289508
1.2,1475.696511616738,3.0148204216938583
1.2,1413.2475608552652,3.0468939841333174
1.2,1379.7156924305352,2.79187391606721
1.2,1357.0435677386924,3.3448939420220056
1.2,1766.8782523323373,2.806734837288591
1.2,1766.8782523323373,2.6010171212188986
1.2,1741.4378718649257,2.6410680171260297
1.2,1657.8036481150025,3.001422956191809
1.2,1589.3182536050183,3.025344979525947
1.2,1553.1286690316392,2.7813912487820014
1.2,1528.797350397792,3.330938671497392
1.2,1959.6309596139577,2.7892924418422558
1.2,1959.6309596139577,2.573484253964668
1.2,1931.9951286560463,2.640109861806128
1.2,1838.9509574878844,3.007536930887427
1.2,1763.3869965890767,3.016742611394274
1.2,1726.0899724483506,2.767990024850152
1.2,1699.908271115294,3.3182522281721334
1.2,1938.4447601862223,3.0165966586067814
1.2,1896.866489296788,2.759914371865253
1.2,1870.6908835114607,3.3042910753906862
